id,count,mean,std,min,25%,50%,75%,max
0,29.0,30.689655172413794,34.71012969506562,7.0,7.0,14.0,28.0,120.0
1,54.0,37.74074074074074,36.00481371652553,7.0,14.0,28.0,49.0,175.0
2,50.0,36.56,33.07515252097432,7.0,14.0,28.0,42.0,147.0
3,45.0,30.511111111111113,38.773012065694154,7.0,7.0,14.0,35.0,210.0
4,30.0,38.06666666666667,39.697939956395835,7.0,7.0,21.0,54.25,140.0
5,54.0,29.962962962962962,28.270901743574235,7.0,14.0,21.0,35.0,140.0
6,43.0,21.674418604651162,23.75341672689532,7.0,7.0,7.0,35.0,120.0
7,57.0,32.31578947368421,40.613227039061,7.0,7.0,14.0,42.0,259.0
8,36.0,47.861111111111114,39.98367722514332,7.0,19.25,38.5,70.0,189.0
9,49.0,28.73469387755102,33.021946938238464,7.0,7.0,14.0,35.0,133.0
10,9.0,28.11111111111111,37.51147972436053,7.0,7.0,7.0,42.0,120.0
11,28.0,13.785714285714286,21.775550582582365,7.0,7.0,7.0,8.75,120.0
12,39.0,31.615384615384617,30.834546060696777,7.0,7.0,21.0,42.0,120.0
13,59.0,24.338983050847457,27.736202018233485,7.0,7.0,14.0,28.0,133.0
14,49.0,28.448979591836736,28.9417959190581,7.0,14.0,21.0,35.0,120.0
15,29.0,27.551724137931036,28.483812704883746,7.0,7.0,14.0,35.0,120.0
16,33.0,31.0,28.906097972573193,7.0,7.0,21.0,49.0,120.0
17,35.0,38.42857142857143,41.06400005893649,7.0,7.0,21.0,56.0,161.0
18,56.0,27.392857142857142,29.912404584920083,7.0,7.0,21.0,35.0,154.0
19,36.0,36.388888888888886,37.47324971822493,7.0,7.0,17.5,49.0,154.0
20,52.0,29.634615384615383,43.24985723478821,7.0,7.0,14.0,35.0,238.0
21,32.0,42.03125,58.311446546858164,7.0,7.0,14.0,43.75,259.0
22,19.0,32.10526315789474,40.1509578367027,7.0,7.0,14.0,31.5,154.0
23,44.0,47.75,75.4789744325885,7.0,14.0,24.5,43.75,483.0
24,34.0,32.14705882352941,37.07660567065223,7.0,7.0,21.0,35.0,168.0
25,18.0,17.944444444444443,27.51143553083554,7.0,7.0,7.0,14.0,120.0
26,35.0,47.628571428571426,48.978438061640794,7.0,21.0,35.0,49.0,231.0
27,49.0,41.44897959183673,39.40233771855517,7.0,7.0,28.0,63.0,175.0
28,49.0,37.59183673469388,42.05745988493348,7.0,14.0,21.0,49.0,217.0
29,40.0,21.025,19.41515070564936,7.0,7.0,21.0,21.0,120.0
30,40.0,42.725,43.854647737784056,7.0,7.0,24.5,57.75,210.0
31,12.0,26.916666666666668,32.38534554486961,7.0,7.0,14.0,35.0,120.0
32,50.0,41.32,40.295054641623565,7.0,14.0,28.0,56.0,182.0
33,26.0,21.576923076923077,26.40935149059602,7.0,7.0,7.0,26.25,120.0
34,45.0,37.666666666666664,38.04781680512515,7.0,7.0,28.0,42.0,182.0
35,12.0,18.166666666666668,32.35831587182198,7.0,7.0,7.0,8.75,120.0
36,30.0,29.433333333333334,37.07744302954554,7.0,7.0,14.0,33.25,148.0
37,43.0,37.13953488372093,35.62074127951755,7.0,14.0,28.0,52.5,154.0
38,49.0,40.16326530612245,35.289485532034135,7.0,21.0,35.0,49.0,148.0
39,50.0,36.28,31.73425368813417,7.0,14.0,24.5,54.25,140.0
40,31.0,34.58064516129032,39.7666310647075,7.0,7.0,14.0,45.5,141.0
41,45.0,32.37777777777778,29.95700622929838,7.0,14.0,21.0,42.0,162.0
42,27.0,27.51851851851852,27.657757807739348,7.0,7.0,21.0,35.0,127.0
43,50.0,36.7,40.58764766350894,7.0,7.0,28.0,42.0,224.0
44,38.0,35.026315789473685,44.52784542836287,7.0,7.0,10.5,42.0,203.0
45,32.0,34.59375,37.76912835175857,7.0,7.0,21.0,42.0,148.0
46,28.0,15.785714285714286,24.831815230044043,7.0,7.0,7.0,14.0,127.0
47,45.0,16.666666666666668,20.11557515052363,7.0,7.0,14.0,21.0,134.0
48,18.0,29.22222222222222,37.991571132610225,7.0,7.0,14.0,21.0,134.0
49,35.0,28.228571428571428,33.939466627482275,7.0,7.0,14.0,28.0,134.0
50,48.0,32.979166666666664,31.376566390217338,7.0,14.0,28.0,35.0,141.0
51,43.0,23.790697674418606,28.790340757452533,7.0,7.0,14.0,24.5,127.0
52,36.0,26.27777777777778,30.436454750476077,7.0,7.0,14.0,35.0,148.0
53,38.0,44.23684210526316,49.495527622433166,7.0,8.75,28.0,54.25,259.0
54,46.0,31.67391304347826,30.33959960757271,7.0,7.0,21.0,42.0,147.0
55,50.0,37.26,36.57020645279433,7.0,8.75,28.0,47.25,148.0
56,34.0,25.147058823529413,29.779118525877376,7.0,7.0,14.0,28.0,148.0
57,39.0,44.53846153846154,46.650913091896626,7.0,14.0,28.0,56.0,162.0
58,30.0,28.966666666666665,36.62812498927408,7.0,7.0,14.0,28.0,147.0
59,45.0,51.977777777777774,66.52528189578103,7.0,14.0,28.0,49.0,336.0
60,40.0,30.3,37.134682109648054,7.0,7.0,17.5,28.0,168.0
61,22.0,21.363636363636363,29.1931914021476,7.0,7.0,10.5,19.25,127.0
62,34.0,54.1764705882353,90.28623526360408,7.0,14.0,28.0,50.75,504.0
63,48.0,41.875,42.139901240934876,7.0,12.25,21.0,70.0,182.0
64,45.0,23.977777777777778,26.804416943421238,7.0,7.0,7.0,35.0,127.0
65,45.0,25.377777777777776,23.81490069157323,7.0,7.0,21.0,35.0,141.0
66,37.0,46.0,40.53119511904106,7.0,21.0,35.0,56.0,203.0
67,24.0,22.791666666666668,31.144793921389127,7.0,7.0,7.0,21.0,141.0
68,36.0,30.166666666666668,34.2257213218363,7.0,7.0,17.5,35.0,155.0
69,19.0,21.42105263157895,29.57160009474872,7.0,7.0,7.0,28.0,127.0
70,34.0,48.61764705882353,46.99904235380426,7.0,14.0,31.5,56.0,203.0
71,21.0,18.714285714285715,27.530243110337505,7.0,7.0,14.0,14.0,134.0
72,28.0,32.285714285714285,37.03937558754661,7.0,12.25,14.0,31.5,162.0
73,44.0,38.84090909090909,40.05051646260977,7.0,14.0,21.0,49.0,155.0
74,37.0,28.783783783783782,34.481988160596366,7.0,7.0,14.0,35.0,176.0
75,48.0,45.229166666666664,44.42073484755923,7.0,14.0,28.0,49.0,168.0
76,24.0,46.416666666666664,48.59228482925593,7.0,7.0,31.5,61.25,175.0
77,45.0,40.46666666666667,37.158505694585536,7.0,21.0,28.0,49.0,190.0
78,31.0,23.516129032258064,28.29472385179722,7.0,7.0,14.0,28.0,148.0
79,51.0,39.96078431372549,50.105872224446394,7.0,7.0,21.0,49.0,224.0
80,39.0,35.56410256410256,45.77220190177191,7.0,7.0,21.0,42.0,196.0
81,33.0,36.72727272727273,46.27247611112404,7.0,14.0,21.0,35.0,190.0
82,28.0,18.035714285714285,25.62620496586221,7.0,7.0,14.0,15.75,141.0
83,41.0,20.0,26.90446059671147,7.0,7.0,7.0,21.0,162.0
84,30.0,22.666666666666668,30.741787053851766,7.0,7.0,10.5,33.25,169.0
85,40.0,25.925,29.228005098728204,7.0,7.0,14.0,29.75,162.0
86,37.0,42.21621621621622,44.83248768417778,7.0,7.0,28.0,56.0,189.0
87,39.0,21.923076923076923,27.152963020814447,7.0,7.0,7.0,21.0,155.0
88,41.0,26.48780487804878,31.321016866650023,7.0,7.0,14.0,28.0,169.0
89,39.0,52.97435897435897,73.24597606317151,7.0,14.0,35.0,52.5,399.0
90,45.0,31.91111111111111,38.138397629388855,7.0,7.0,21.0,28.0,155.0
91,48.0,41.875,40.69064663290884,7.0,14.0,28.0,56.0,182.0
92,43.0,21.511627906976745,28.505949331443457,7.0,7.0,14.0,24.5,162.0
93,34.0,55.411764705882355,43.28700389126456,7.0,21.0,49.0,70.0,183.0
94,29.0,36.241379310344826,43.10092406401995,7.0,14.0,14.0,35.0,169.0
95,44.0,59.52272727272727,77.86108340286613,7.0,7.0,28.0,77.0,322.0
96,34.0,35.23529411764706,40.709658464977515,7.0,7.0,21.0,40.25,182.0
97,19.0,44.63157894736842,72.33963914627212,7.0,7.0,14.0,49.0,308.0
98,40.0,42.55,60.749570010085314,7.0,14.0,21.0,43.75,343.0
99,45.0,46.68888888888889,43.501213265328076,7.0,7.0,35.0,77.0,189.0
100,39.0,34.48717948717949,36.76015562855192,7.0,7.0,21.0,42.0,162.0
101,47.0,24.4468085106383,26.102480733879197,7.0,7.0,21.0,31.5,169.0
102,30.0,49.5,42.77184862129247,7.0,15.75,38.5,68.25,169.0
103,24.0,28.041666666666668,32.42312535785245,7.0,14.0,17.5,28.0,162.0
104,41.0,27.0,36.8659734714818,7.0,7.0,14.0,28.0,183.0
105,17.0,19.0,33.96873562557194,7.0,7.0,7.0,14.0,148.0
106,39.0,36.282051282051285,40.866244414230394,7.0,14.0,21.0,42.0,189.0
107,21.0,27.38095238095238,34.82452611375522,7.0,7.0,21.0,21.0,155.0
108,29.0,32.13793103448276,43.69269646219985,7.0,7.0,21.0,28.0,182.0
109,39.0,39.69230769230769,45.67571844055361,7.0,14.0,21.0,52.5,218.0
110,46.0,41.108695652173914,49.84341180620657,7.0,14.0,24.5,47.25,295.0
111,47.0,48.57446808510638,44.82514079167542,7.0,14.0,42.0,59.5,183.0
112,26.0,53.34615384615385,103.78090086627397,7.0,7.0,21.0,49.0,519.0
113,44.0,34.54545454545455,36.15950101622079,7.0,14.0,24.5,42.0,197.0
114,24.0,26.583333333333332,36.168586738586654,7.0,7.0,14.0,29.75,176.0
115,53.0,37.264150943396224,45.91721268652807,7.0,7.0,14.0,49.0,183.0
116,36.0,41.638888888888886,50.705960640189474,7.0,7.0,14.0,63.0,204.0
117,36.0,36.0,52.50904683956851,7.0,7.0,24.5,29.75,252.0
118,23.0,23.17391304347826,33.06282198525194,7.0,7.0,21.0,24.5,169.0
119,41.0,22.5609756097561,32.29245173449038,7.0,7.0,14.0,21.0,176.0
