id,count,mean,std,min,25%,50%,75%,max
0,42.0,10.619047619047619,21.58132930754276,0.0,0.0,3.5,7.0,117.0
1,56.0,10.339285714285714,16.878471263944263,0.0,0.0,7.0,14.0,110.0
2,50.0,8.22,20.587582942846193,0.0,0.0,0.0,7.0,124.0
3,56.0,9.589285714285714,16.694884121914587,0.0,0.0,7.0,14.0,110.0
4,49.0,20.102040816326532,23.231843177306573,0.0,7.0,7.0,35.0,124.0
5,57.0,12.0,19.704060495238032,0.0,0.0,7.0,14.0,131.0
6,38.0,3.263157894736842,17.85328224880446,0.0,0.0,0.0,0.0,110.0
7,63.0,11.968253968253968,25.799455016729837,0.0,0.0,7.0,14.0,140.0
8,55.0,10.654545454545454,20.853295486803344,0.0,0.0,0.0,14.0,138.0
9,68.0,17.058823529411764,34.83645472346083,0.0,0.0,7.0,14.0,224.0
10,38.0,8.789473684210526,20.937691210566136,0.0,0.0,0.0,7.0,110.0
11,47.0,16.78723404255319,29.931760193315064,0.0,0.0,7.0,21.0,154.0
12,47.0,23.638297872340427,34.890777111932614,0.0,7.0,14.0,28.0,168.0
13,62.0,6.064516129032258,17.269200260315564,0.0,0.0,0.0,7.0,124.0
14,57.0,9.421052631578947,16.57875939743064,0.0,0.0,7.0,14.0,117.0
15,40.0,8.525,18.642366279869634,0.0,0.0,0.0,14.0,110.0
16,56.0,12.214285714285714,22.6673287400124,0.0,0.0,7.0,14.0,131.0
17,56.0,13.089285714285714,29.046218208362205,0.0,0.0,0.0,8.75,147.0
18,57.0,8.070175438596491,16.341074069790697,0.0,0.0,0.0,7.0,110.0
19,54.0,16.037037037037038,24.418492036146645,0.0,0.0,7.0,21.0,117.0
20,58.0,15.172413793103448,24.261830488089494,0.0,0.0,7.0,19.25,131.0
21,57.0,11.75438596491228,19.090274919215496,0.0,0.0,7.0,14.0,131.0
22,49.0,7.530612244897959,17.86535525444,0.0,0.0,0.0,7.0,117.0
23,57.0,14.824561403508772,32.35744714845274,0.0,0.0,7.0,14.0,196.0
24,50.0,9.48,20.517031252804863,0.0,0.0,7.0,14.0,138.0
25,44.0,12.045454545454545,24.26400774566326,0.0,0.0,0.0,14.0,110.0
26,58.0,12.39655172413793,23.01787227441184,0.0,0.0,7.0,12.25,131.0
27,59.0,16.10169491525424,22.43203905997128,0.0,0.0,7.0,21.0,124.0
28,54.0,11.88888888888889,19.919334180986986,0.0,0.0,7.0,14.0,110.0
29,58.0,13.60344827586207,24.676105108776447,0.0,0.0,7.0,14.0,117.0
30,45.0,10.688888888888888,19.397542278975614,0.0,0.0,7.0,14.0,124.0
31,38.0,8.973684210526315,24.652708685237886,0.0,0.0,0.0,7.0,117.0
32,54.0,10.722222222222221,21.249121328485664,0.0,0.0,7.0,14.0,145.0
33,31.0,6.709677419354839,19.900072945238332,0.0,0.0,0.0,7.0,110.0
34,61.0,15.573770491803279,23.158482259130196,0.0,0.0,7.0,21.0,138.0
35,30.0,9.5,25.739745196070235,0.0,0.0,0.0,7.0,117.0
36,42.0,12.452380952380953,26.72461401391607,0.0,0.0,0.0,14.0,152.0
37,56.0,12.214285714285714,22.087194385982023,0.0,0.0,7.0,14.0,145.0
38,49.0,16.6734693877551,29.17218120851756,0.0,0.0,7.0,21.0,187.0
39,55.0,16.89090909090909,28.354026905376983,0.0,0.0,7.0,21.0,161.0
40,46.0,14.26086956521739,27.693107672494733,0.0,0.0,7.0,21.0,180.0
41,56.0,12.339285714285714,23.403400518816827,0.0,0.0,7.0,14.0,173.0
42,38.0,6.2105263157894735,22.864061135489397,0.0,0.0,0.0,0.0,138.0
43,62.0,19.612903225806452,28.268243689150015,0.0,7.0,10.5,21.0,152.0
44,55.0,9.254545454545454,22.738626120439157,0.0,0.0,0.0,10.5,159.0
45,65.0,9.876923076923077,19.96599272224187,0.0,0.0,7.0,14.0,145.0
46,35.0,7.742857142857143,22.64994852239684,0.0,0.0,0.0,3.5,124.0
47,47.0,16.04255319148936,26.96612806660826,0.0,0.0,7.0,21.0,152.0
48,43.0,9.232558139534884,23.337928672628216,0.0,0.0,0.0,7.0,138.0
49,62.0,12.161290322580646,23.066684192125425,0.0,0.0,7.0,14.0,152.0
50,57.0,13.105263157894736,21.601656856532287,0.0,0.0,7.0,21.0,145.0
51,40.0,15.175,25.894150908690776,0.0,0.0,7.0,21.0,138.0
52,53.0,10.0,23.7931793717314,0.0,0.0,0.0,7.0,159.0
53,56.0,14.839285714285714,27.799134574962636,0.0,0.0,7.0,14.0,194.0
54,55.0,18.545454545454547,38.21567362271284,0.0,0.0,7.0,17.5,182.0
55,54.0,12.925925925925926,24.626149510074097,0.0,0.0,7.0,14.0,145.0
56,56.0,11.339285714285714,22.029135076252818,0.0,0.0,7.0,14.0,138.0
57,57.0,9.175438596491228,20.97032155129988,0.0,0.0,7.0,7.0,152.0
58,46.0,8.478260869565217,19.807674304487566,0.0,0.0,3.5,7.0,124.0
59,57.0,15.68421052631579,27.33009715544963,0.0,0.0,7.0,14.0,173.0
60,50.0,11.58,26.62903892906603,0.0,0.0,0.0,7.0,159.0
61,43.0,14.604651162790697,26.211719965807116,0.0,0.0,7.0,14.0,145.0
62,57.0,12.368421052631579,22.444082563233973,0.0,0.0,7.0,14.0,138.0
63,56.0,17.464285714285715,28.643872443708243,0.0,0.0,7.0,21.0,152.0
64,54.0,15.518518518518519,28.14299117863598,0.0,0.0,7.0,14.0,145.0
65,57.0,18.50877192982456,41.294725885576625,0.0,0.0,7.0,14.0,259.0
66,44.0,10.772727272727273,24.17173405597387,0.0,0.0,7.0,8.75,159.0
67,36.0,10.25,24.336187047275914,0.0,0.0,0.0,7.0,131.0
68,53.0,9.735849056603774,25.485403773831788,0.0,0.0,0.0,7.0,173.0
69,28.0,10.928571428571429,27.09096961942549,0.0,0.0,0.0,7.0,138.0
70,56.0,19.214285714285715,32.445038441655754,0.0,0.0,7.0,21.0,152.0
71,30.0,21.166666666666668,34.163989241883634,0.0,0.0,7.0,26.25,145.0
72,41.0,15.317073170731707,31.656309816836078,0.0,0.0,7.0,14.0,166.0
73,56.0,12.589285714285714,27.494645287410407,0.0,0.0,7.0,8.75,187.0
74,49.0,21.387755102040817,59.84278581086814,0.0,0.0,7.0,14.0,397.0
75,55.0,19.945454545454545,31.911578173898288,0.0,0.0,14.0,24.5,173.0
76,43.0,18.348837209302324,56.470339336736785,0.0,0.0,7.0,14.0,369.0
77,56.0,10.589285714285714,27.2735481478195,0.0,0.0,3.5,8.75,194.0
78,38.0,6.578947368421052,23.542522286678988,0.0,0.0,0.0,7.0,145.0
79,61.0,17.639344262295083,28.93269937106068,0.0,0.0,7.0,21.0,166.0
80,53.0,12.90566037735849,31.658796414597003,0.0,0.0,7.0,14.0,222.0
81,65.0,10.415384615384616,24.5139579549159,0.0,0.0,0.0,7.0,173.0
82,35.0,8.542857142857143,28.490806419267393,0.0,0.0,0.0,7.0,166.0
83,47.0,19.914893617021278,38.49044476977882,0.0,0.0,7.0,17.5,180.0
84,41.0,12.24390243902439,29.146852735591267,0.0,0.0,0.0,7.0,159.0
85,59.0,16.220338983050848,32.23569867163773,0.0,0.0,7.0,17.5,222.0
86,57.0,18.50877192982456,29.811983932051763,0.0,0.0,7.0,28.0,180.0
87,40.0,26.375,56.985687586828234,0.0,0.0,7.0,31.5,348.0
88,53.0,8.415094339622641,26.0793419294218,0.0,0.0,0.0,7.0,166.0
89,56.0,12.214285714285714,33.684479450396076,0.0,0.0,7.0,14.0,243.0
90,53.0,17.92452830188679,30.503372484797463,0.0,0.0,7.0,14.0,159.0
91,53.0,18.452830188679247,29.799048795954654,0.0,0.0,7.0,21.0,187.0
92,56.0,11.089285714285714,31.194566418303907,0.0,0.0,0.0,8.75,222.0
93,56.0,12.964285714285714,28.117910361847358,0.0,0.0,7.0,14.0,201.0
94,45.0,11.622222222222222,26.292315580523876,0.0,0.0,7.0,14.0,173.0
95,54.0,18.37037037037037,34.37599881021438,0.0,0.0,7.0,19.25,194.0
96,48.0,16.583333333333332,27.94358551852653,0.0,0.0,7.0,21.0,166.0
97,40.0,23.225,57.67881337909539,0.0,0.0,0.0,14.0,278.0
98,57.0,14.456140350877194,25.14676219959156,0.0,0.0,7.0,14.0,173.0
99,56.0,14.464285714285714,26.72755764491656,0.0,0.0,7.0,14.0,159.0
100,50.0,14.1,28.54445154991972,0.0,0.0,7.0,14.0,187.0
101,56.0,13.339285714285714,32.867932305302894,0.0,0.0,7.0,14.0,208.0
102,44.0,18.40909090909091,29.743334748226058,0.0,7.0,10.5,21.0,187.0
103,36.0,13.166666666666666,27.97498882930966,0.0,0.0,7.0,14.0,166.0
104,49.0,13.244897959183673,36.31203348079262,0.0,0.0,0.0,7.0,194.0
105,28.0,12.928571428571429,30.601293329517194,0.0,0.0,0.0,14.0,152.0
106,56.0,19.589285714285715,33.73467424999457,0.0,0.0,7.0,21.0,175.0
107,30.0,14.4,30.2456608458139,0.0,0.0,7.0,19.25,166.0
108,40.0,12.025,33.91201851851346,0.0,0.0,7.0,14.0,215.0
109,56.0,14.089285714285714,36.219671594171174,0.0,0.0,7.0,14.0,264.0
