id,count,mean,std,min,25%,50%,75%,max
0,45.0,9.622222222222222,20.48978558041331,0.0,0.0,0.0,7.0,97.0
1,63.0,10.428571428571429,15.642904488281358,0.0,0.0,7.0,14.0,111.0
2,61.0,7.901639344262295,19.849185472820448,0.0,0.0,0.0,7.0,118.0
3,63.0,5.095238095238095,12.538603983767537,0.0,0.0,0.0,7.0,90.0
4,54.0,11.777777777777779,17.357143781497356,0.0,0.0,7.0,14.0,104.0
5,62.0,6.193548387096774,15.154763044674874,0.0,0.0,0.0,7.0,111.0
6,50.0,10.9,19.10684245424734,0.0,0.0,7.0,7.0,90.0
7,65.0,4.184615384615385,13.031083401443821,0.0,0.0,0.0,0.0,97.0
8,63.0,17.984126984126984,23.229216908392832,0.0,0.0,7.0,31.5,132.0
9,77.0,10.623376623376624,22.06869595331751,0.0,0.0,0.0,7.0,105.0
10,38.0,5.684210526315789,15.620681480025983,0.0,0.0,0.0,7.0,90.0
11,48.0,3.7708333333333335,14.298102214991841,0.0,0.0,0.0,0.0,97.0
12,43.0,10.395348837209303,20.81796332255451,0.0,0.0,0.0,7.0,90.0
13,76.0,11.131578947368421,19.47534653881716,0.0,0.0,7.0,14.0,104.0
14,58.0,7.948275862068965,17.802446523957162,0.0,0.0,0.0,7.0,111.0
15,48.0,3.3333333333333335,14.015695355994891,0.0,0.0,0.0,0.0,90.0
16,58.0,6.982758620689655,15.073494081846144,0.0,0.0,0.0,7.0,97.0
17,67.0,11.686567164179104,15.30617715986616,0.0,0.0,7.0,17.5,90.0
18,69.0,10.53623188405797,23.85469475937779,0.0,0.0,7.0,7.0,161.0
19,58.0,19.775862068965516,27.91594093015188,0.0,7.0,14.0,26.25,168.0
20,56.0,10.732142857142858,19.891058814935437,0.0,0.0,0.0,8.75,104.0
21,66.0,9.636363636363637,17.90714199043874,0.0,0.0,7.0,14.0,111.0
22,49.0,6.26530612244898,15.880773897761932,0.0,0.0,0.0,7.0,90.0
23,67.0,7.925373134328358,17.012752287298028,0.0,0.0,0.0,7.0,104.0
24,56.0,7.607142857142857,14.395300459687363,0.0,0.0,7.0,7.0,104.0
25,46.0,9.41304347826087,18.922738921973707,0.0,0.0,7.0,7.0,97.0
26,69.0,10.73913043478261,19.937145478251693,0.0,0.0,0.0,14.0,97.0
27,63.0,16.317460317460316,20.213238553008253,0.0,7.0,7.0,21.0,91.0
28,60.0,7.8,16.802743924425872,0.0,0.0,0.0,7.0,111.0
29,70.0,7.585714285714285,16.067333731846038,0.0,0.0,0.0,7.0,104.0
30,46.0,12.608695652173912,18.238516339353634,0.0,0.0,7.0,14.0,104.0
31,39.0,7.512820512820513,16.498599294408688,0.0,0.0,0.0,7.0,97.0
32,60.0,5.233333333333333,16.069095158379007,0.0,0.0,0.0,7.0,111.0
33,31.0,7.419354838709677,16.588699353371837,0.0,0.0,0.0,7.0,90.0
34,64.0,10.921875,17.183699074672163,0.0,0.0,7.0,14.0,111.0
35,31.0,6.516129032258065,17.623603429760397,0.0,0.0,0.0,7.0,97.0
36,45.0,9.311111111111112,18.26425000603168,0.0,0.0,7.0,14.0,118.0
37,63.0,7.984126984126984,16.982431209637404,0.0,0.0,7.0,7.0,125.0
38,60.0,11.066666666666666,20.370189806881076,0.0,0.0,7.0,14.0,132.0
39,63.0,8.65079365079365,15.589656134508454,0.0,0.0,7.0,14.0,104.0
40,51.0,10.27450980392157,20.48031096577642,0.0,0.0,0.0,14.0,125.0
41,62.0,7.887096774193548,20.3398219109099,0.0,0.0,0.0,7.0,153.0
42,50.0,10.48,24.78086819648231,0.0,0.0,0.0,7.0,118.0
43,65.0,11.4,21.78574648709564,0.0,0.0,7.0,14.0,139.0
44,60.0,7.1,20.801482997980077,0.0,0.0,0.0,7.0,153.0
45,74.0,6.891891891891892,20.72888763713779,0.0,0.0,0.0,7.0,126.0
46,38.0,6.973684210526316,18.47494555030599,0.0,0.0,0.0,7.0,111.0
47,48.0,7.854166666666667,17.82418818339739,0.0,0.0,0.0,8.75,118.0
48,43.0,8.279069767441861,21.15062261989709,0.0,0.0,0.0,7.0,132.0
49,71.0,8.661971830985916,18.130435076311272,0.0,0.0,0.0,14.0,139.0
50,54.0,16.703703703703702,28.302029815618116,0.0,0.0,7.0,19.25,126.0
51,48.0,8.145833333333334,19.960588384426007,0.0,0.0,0.0,7.0,118.0
52,58.0,7.586206896551724,18.391487812475713,0.0,0.0,0.0,7.0,132.0
53,67.0,9.701492537313433,16.510799886440843,0.0,0.0,7.0,14.0,125.0
54,65.0,12.692307692307692,24.17703137595363,0.0,0.0,7.0,14.0,140.0
55,58.0,12.53448275862069,23.959187167509825,0.0,0.0,7.0,14.0,153.0
56,56.0,8.482142857142858,21.23375620556576,0.0,0.0,0.0,7.0,139.0
57,66.0,6.984848484848484,16.59146437107617,0.0,0.0,0.0,7.0,125.0
58,48.0,9.3125,20.513779748609668,0.0,0.0,0.0,14.0,132.0
59,67.0,13.149253731343284,23.95656026514815,0.0,0.0,7.0,17.5,160.0
60,55.0,9.909090909090908,18.346735230080952,0.0,0.0,7.0,14.0,118.0
61,44.0,12.068181818181818,34.87812516781811,0.0,0.0,0.0,7.0,189.0
62,68.0,9.867647058823529,18.759200259633563,0.0,0.0,7.0,14.0,139.0
63,62.0,16.241935483870968,21.858475854557973,0.0,0.0,7.0,21.0,132.0
64,59.0,10.779661016949152,22.292775849039597,0.0,0.0,0.0,7.0,118.0
65,69.0,8.101449275362318,19.47709433542554,0.0,0.0,0.0,7.0,125.0
66,45.0,16.933333333333334,29.815645679286025,0.0,0.0,7.0,14.0,132.0
67,38.0,11.947368421052632,27.26838320504819,0.0,0.0,7.0,7.0,126.0
68,60.0,4.533333333333333,19.112926379868153,0.0,0.0,0.0,0.0,146.0
69,28.0,10.464285714285714,25.923651638720077,0.0,0.0,0.0,7.0,125.0
70,59.0,18.016949152542374,26.977315838351995,0.0,7.0,7.0,21.0,139.0
71,31.0,12.838709677419354,23.55149927880537,0.0,0.0,7.0,14.0,125.0
72,42.0,11.976190476190476,22.967090023726467,0.0,0.0,7.0,14.0,139.0
73,62.0,10.709677419354838,24.46368140920244,0.0,0.0,7.0,7.0,167.0
74,55.0,12.2,33.94079813112499,0.0,0.0,0.0,7.0,181.0
75,63.0,15.095238095238095,24.20058269474057,0.0,0.0,7.0,21.0,146.0
76,48.0,12.083333333333334,44.194364391533355,0.0,0.0,0.0,7.0,307.0
77,62.0,7.548387096774194,22.461389399352367,0.0,0.0,0.0,7.0,167.0
78,50.0,9.78,22.69342258389925,0.0,0.0,0.0,12.25,132.0
79,64.0,14.203125,26.574351931054792,0.0,0.0,7.0,14.0,160.0
80,59.0,7.338983050847458,25.694229977183547,0.0,0.0,0.0,7.0,188.0
81,74.0,6.986486486486487,19.531143548395573,0.0,0.0,0.0,7.0,146.0
82,37.0,8.297297297297296,23.342694389923828,0.0,0.0,0.0,7.0,139.0
83,47.0,15.170212765957446,30.83710296897171,0.0,0.0,7.0,14.0,160.0
84,43.0,10.55813953488372,24.468933000246306,0.0,0.0,0.0,7.0,146.0
85,71.0,9.746478873239436,24.57973515483212,0.0,0.0,7.0,14.0,202.0
86,51.0,21.666666666666668,29.750070027928786,0.0,0.0,7.0,28.0,153.0
87,48.0,10.770833333333334,31.923605341724553,0.0,0.0,0.0,8.75,216.0
88,58.0,6.741379310344827,20.860909758657762,0.0,0.0,0.0,7.0,146.0
89,66.0,6.348484848484849,23.523142401435834,0.0,0.0,0.0,7.0,188.0
