id,count,mean,std,min,25%,50%,75%,max
0,32.0,30.21875,37.43358365804523,7.0,7.0,14.0,29.75,133.0
1,52.0,40.80769230769231,31.253572948082528,7.0,21.0,35.0,56.0,140.0
2,46.0,39.130434782608695,33.26834243985793,7.0,14.0,28.0,49.0,140.0
3,53.0,41.490566037735846,45.56087332920204,7.0,14.0,21.0,56.0,245.0
4,35.0,50.628571428571426,53.134172959917734,7.0,14.0,35.0,63.0,217.0
5,55.0,29.8,24.584999943506656,7.0,10.5,21.0,42.0,120.0
6,33.0,29.939393939393938,25.184245315697115,7.0,21.0,21.0,35.0,120.0
7,39.0,27.128205128205128,40.18194114352962,7.0,7.0,7.0,21.0,175.0
8,40.0,51.125,54.00341276015424,7.0,14.0,28.0,77.0,259.0
9,30.0,36.666666666666664,31.217074608720736,7.0,8.75,31.5,54.25,126.0
10,17.0,19.823529411764707,28.029527498063644,7.0,7.0,7.0,21.0,120.0
11,15.0,23.866666666666667,35.174801586741985,7.0,7.0,7.0,17.5,120.0
12,26.0,32.61538461538461,42.543226885676575,7.0,7.0,14.0,33.25,189.0
13,37.0,20.83783783783784,25.533761434089044,7.0,7.0,14.0,14.0,120.0
14,41.0,33.829268292682926,35.50908506215304,7.0,7.0,21.0,42.0,147.0
15,12.0,36.25,50.34810640115295,7.0,7.0,17.5,29.75,161.0
16,41.0,40.829268292682926,40.31866964510634,7.0,7.0,28.0,56.0,168.0
17,49.0,45.59183673469388,44.26337762348752,7.0,14.0,35.0,63.0,245.0
18,49.0,32.87755102040816,27.48380784894173,7.0,14.0,28.0,49.0,120.0
19,51.0,33.23529411764706,29.08510837888978,7.0,10.5,21.0,49.0,120.0
20,31.0,31.64516129032258,50.78946635349811,7.0,7.0,14.0,31.5,266.0
21,43.0,46.093023255813954,68.97128938688853,7.0,7.0,21.0,45.5,336.0
22,23.0,14.956521739130435,24.012266298838274,7.0,7.0,7.0,7.0,120.0
23,35.0,31.02857142857143,33.66048976810307,7.0,10.5,14.0,35.0,126.0
24,33.0,35.666666666666664,40.593770047467466,7.0,7.0,14.0,56.0,140.0
25,19.0,29.526315789473685,32.78442791098073,7.0,7.0,14.0,38.5,120.0
26,43.0,44.46511627906977,44.83267772783667,7.0,7.0,28.0,59.5,203.0
27,50.0,42.16,36.08513742328194,7.0,14.0,35.0,61.25,140.0
28,37.0,29.91891891891892,40.76584789200826,7.0,7.0,14.0,28.0,196.0
29,38.0,33.0,43.17156221152744,7.0,7.0,14.0,33.25,196.0
30,38.0,35.76315789473684,45.116326648993926,7.0,7.0,21.0,40.25,217.0
31,25.0,25.8,33.36540124140575,7.0,7.0,14.0,28.0,126.0
32,26.0,37.19230769230769,37.16990097459958,7.0,14.0,17.5,49.0,126.0
33,9.0,30.444444444444443,36.84464381396267,7.0,7.0,14.0,35.0,120.0
34,43.0,36.48837209302326,36.09139990755168,7.0,14.0,21.0,52.5,154.0
35,24.0,22.208333333333332,26.647422857145795,7.0,7.0,14.0,24.5,120.0
36,26.0,32.61538461538461,39.164347994651386,7.0,7.0,17.5,28.0,148.0
37,43.0,39.25581395348837,34.13425386355626,7.0,14.0,28.0,49.0,148.0
38,43.0,50.48837209302326,53.65248500569962,7.0,17.5,28.0,66.5,280.0
39,51.0,45.588235294117645,42.74069558188693,7.0,14.0,42.0,63.0,224.0
40,27.0,39.18518518518518,36.69210461816739,7.0,7.0,28.0,63.0,134.0
41,47.0,31.893617021276597,29.498882839976503,7.0,14.0,21.0,42.0,162.0
42,38.0,33.36842105263158,29.624151079301406,7.0,15.75,28.0,35.0,127.0
43,54.0,29.314814814814813,52.406907248220136,7.0,7.0,14.0,33.25,350.0
44,38.0,36.86842105263158,40.828693575243946,7.0,7.0,17.5,47.25,169.0
45,39.0,32.15384615384615,31.635704730022727,7.0,7.0,14.0,49.0,148.0
46,15.0,27.133333333333333,32.71493033259687,7.0,7.0,14.0,31.5,127.0
47,41.0,20.0,27.285527299284507,7.0,7.0,14.0,21.0,134.0
48,22.0,22.954545454545453,35.78703845265938,7.0,7.0,7.0,14.0,134.0
49,52.0,25.73076923076923,26.983739028268516,7.0,7.0,14.0,28.0,134.0
50,38.0,37.973684210526315,39.049855065727684,7.0,8.75,28.0,49.0,161.0
51,35.0,24.228571428571428,34.31093610111,7.0,7.0,7.0,24.5,161.0
52,35.0,30.82857142857143,37.29570682932769,7.0,7.0,14.0,35.0,148.0
53,32.0,46.40625,41.45176705443912,7.0,14.0,38.5,56.0,175.0
54,45.0,35.955555555555556,38.958576810128825,7.0,7.0,21.0,49.0,203.0
55,49.0,42.02040816326531,42.511022980280444,7.0,14.0,28.0,56.0,217.0
56,36.0,24.333333333333332,33.34066586017742,7.0,7.0,7.0,22.75,148.0
57,42.0,41.357142857142854,47.70530544129643,7.0,7.0,28.0,56.0,245.0
58,36.0,19.083333333333332,22.45551157288562,7.0,7.0,14.0,21.0,141.0
59,50.0,38.66,37.94819777388268,7.0,14.0,21.0,42.0,140.0
60,35.0,34.42857142857143,46.94758385957792,7.0,7.0,14.0,35.0,182.0
61,15.0,33.666666666666664,43.64248694410834,7.0,7.0,7.0,38.5,127.0
62,44.0,41.38636363636363,42.26231259099663,7.0,7.0,28.0,52.5,182.0
63,47.0,39.787234042553195,39.980939029260234,7.0,7.0,21.0,56.0,154.0
64,39.0,34.48717948717949,35.22997512202521,7.0,10.5,21.0,42.0,140.0
65,38.0,33.18421052631579,38.370776649831285,7.0,7.0,21.0,35.0,182.0
66,37.0,44.86486486486486,48.50896948111885,7.0,14.0,28.0,49.0,189.0
67,31.0,28.70967741935484,37.06857928073955,7.0,7.0,14.0,28.0,147.0
68,38.0,31.342105263157894,35.29204513062588,7.0,7.0,17.5,33.25,155.0
69,15.0,22.933333333333334,30.693104545918235,7.0,7.0,14.0,21.0,127.0
70,36.0,48.44444444444444,51.93371844101971,7.0,14.0,35.0,57.75,231.0
71,25.0,25.24,30.325017175043225,7.0,7.0,14.0,28.0,134.0
72,27.0,29.85185185185185,36.90184871719084,7.0,7.0,14.0,31.5,162.0
73,38.0,43.31578947368421,36.21863434316941,7.0,15.75,35.0,61.25,162.0
74,35.0,33.42857142857143,42.200003982635515,7.0,7.0,14.0,42.0,182.0
75,45.0,45.44444444444444,39.20201499665521,7.0,14.0,35.0,70.0,162.0
76,25.0,42.88,64.69564642745807,7.0,7.0,7.0,49.0,231.0
77,48.0,37.9375,33.52192439126395,7.0,19.25,28.0,49.0,190.0
78,35.0,41.628571428571426,39.419378419224,7.0,21.0,35.0,49.0,203.0
79,51.0,41.88235294117647,59.74835464138692,7.0,7.0,14.0,42.0,280.0
80,40.0,33.975,39.743077126553494,7.0,7.0,17.5,49.0,183.0
81,36.0,31.333333333333332,31.799371062962866,7.0,12.25,14.0,42.0,162.0
82,17.0,36.294117647058826,36.06550413116798,7.0,7.0,28.0,49.0,141.0
83,40.0,24.35,27.848997588183792,7.0,7.0,14.0,29.75,155.0
84,21.0,27.047619047619047,42.38334129168699,7.0,7.0,14.0,28.0,190.0
85,40.0,24.7,31.22720707233456,7.0,7.0,14.0,29.75,176.0
86,36.0,42.416666666666664,59.57054641347518,7.0,7.0,17.5,49.0,294.0
87,35.0,29.62857142857143,32.3301768651898,7.0,14.0,14.0,38.5,155.0
88,41.0,28.878048780487806,32.275528750084966,7.0,7.0,21.0,35.0,176.0
89,33.0,45.0,45.25345290693297,7.0,14.0,28.0,77.0,176.0
90,40.0,47.1,64.83027149846052,7.0,7.0,17.5,56.0,245.0
91,50.0,42.86,42.80330427832479,7.0,14.0,38.5,54.25,224.0
92,36.0,23.555555555555557,30.297047894326457,7.0,7.0,14.0,24.5,155.0
93,40.0,40.8,48.90084158470391,7.0,7.0,28.0,56.0,245.0
94,34.0,26.794117647058822,27.584338344885744,7.0,14.0,21.0,33.25,162.0
95,50.0,39.78,44.170028623167404,7.0,7.0,21.0,59.5,190.0
96,32.0,42.90625,59.3063992494527,7.0,7.0,17.5,42.0,231.0
97,23.0,26.82608695652174,46.861160671142585,7.0,7.0,7.0,17.5,196.0
98,39.0,49.205128205128204,66.9230427970813,7.0,14.0,28.0,49.0,322.0
99,48.0,50.333333333333336,44.861647048303126,7.0,14.0,38.5,64.75,176.0
100,42.0,43.523809523809526,42.47939994020522,7.0,14.0,28.0,61.25,162.0
101,37.0,37.2972972972973,36.95708086180273,7.0,14.0,28.0,42.0,169.0
102,35.0,51.42857142857143,55.853951208005135,7.0,14.0,28.0,56.0,210.0
103,26.0,29.653846153846153,35.36206137395534,7.0,7.0,17.5,35.0,162.0
104,43.0,29.325581395348838,34.91262626712887,7.0,7.0,14.0,38.5,183.0
105,18.0,26.88888888888889,47.51951783386905,7.0,7.0,7.0,14.0,161.0
106,35.0,42.22857142857143,50.16858972462733,7.0,7.0,21.0,52.5,217.0
107,25.0,23.84,37.29687207617639,7.0,7.0,7.0,21.0,155.0
108,24.0,40.291666666666664,56.10896167021936,7.0,7.0,14.0,49.0,224.0
109,40.0,42.2,43.67784159220606,7.0,7.0,31.5,56.0,176.0
110,42.0,48.523809523809526,65.71751746837928,7.0,15.75,28.0,49.0,365.0
111,45.0,49.8,49.2477964435512,7.0,7.0,28.0,70.0,203.0
112,29.0,53.62068965517241,101.06271525044784,7.0,7.0,14.0,28.0,491.0
113,48.0,36.770833333333336,37.54500254777001,7.0,14.0,28.0,43.75,211.0
114,31.0,42.483870967741936,44.798713499193205,7.0,14.0,28.0,49.0,217.0
115,52.0,37.71153846153846,54.193312856578906,7.0,7.0,14.0,42.0,259.0
116,40.0,34.675,46.931694773990145,7.0,7.0,21.0,42.0,217.0
117,33.0,32.696969696969695,38.50607488475426,7.0,7.0,21.0,35.0,204.0
118,13.0,36.69230769230769,54.06999262589281,7.0,7.0,14.0,35.0,176.0
119,35.0,24.82857142857143,33.984845856633804,7.0,7.0,7.0,31.5,190.0
