id,count,mean,std,min,25%,50%,75%,max
0,45.0,8.444444444444445,19.73524253663476,0.0,0.0,0.0,7.0,114.0
1,62.0,12.903225806451612,17.286126036738583,0.0,0.0,7.0,21.0,107.0
2,60.0,9.133333333333333,17.08946217743918,0.0,0.0,7.0,7.0,121.0
3,61.0,9.327868852459016,19.14394709516597,0.0,0.0,7.0,7.0,105.0
4,52.0,15.923076923076923,25.57407246614764,0.0,0.0,7.0,21.0,121.0
5,62.0,7.935483870967742,15.355749676348802,0.0,0.0,7.0,7.0,114.0
6,38.0,3.736842105263158,16.486987843040268,0.0,0.0,0.0,0.0,100.0
7,66.0,3.3181818181818183,13.47380260518005,0.0,0.0,0.0,0.0,107.0
8,57.0,9.614035087719298,19.773498124261558,0.0,0.0,0.0,14.0,128.0
9,75.0,11.506666666666666,23.614226892102813,0.0,0.0,0.0,14.0,133.0
10,32.0,3.78125,17.679465717733557,0.0,0.0,0.0,0.0,100.0
11,47.0,4.212765957446808,15.775512353304116,0.0,0.0,0.0,3.5,107.0
12,45.0,7.666666666666667,18.066795258404046,0.0,0.0,0.0,7.0,100.0
13,59.0,9.525423728813559,18.91300950924174,0.0,0.0,0.0,10.5,107.0
14,54.0,16.37037037037037,20.97554397729071,0.0,7.0,14.0,21.0,114.0
15,40.0,8.625,18.016641167941348,0.0,0.0,0.0,8.75,100.0
16,58.0,16.689655172413794,25.872295618687613,0.0,0.0,7.0,21.0,128.0
17,63.0,13.253968253968255,20.46237164538399,0.0,0.0,7.0,17.5,107.0
18,57.0,6.052631578947368,18.48399022767655,0.0,0.0,0.0,0.0,100.0
19,59.0,15.813559322033898,18.96409909155135,0.0,3.5,14.0,21.0,121.0
20,56.0,11.410714285714286,20.666861296388376,0.0,0.0,7.0,8.75,114.0
21,62.0,9.403225806451612,18.034993014419015,0.0,0.0,7.0,12.25,121.0
22,45.0,8.6,18.086157439022003,0.0,0.0,0.0,7.0,107.0
23,63.0,8.698412698412698,17.702410005998654,0.0,0.0,0.0,7.0,121.0
24,56.0,6.910714285714286,16.008266938979073,0.0,0.0,0.0,7.0,114.0
25,45.0,9.533333333333333,20.06761298483432,0.0,0.0,0.0,7.0,100.0
26,64.0,9.984375,18.433485909555408,0.0,0.0,7.0,8.75,100.0
27,56.0,21.660714285714285,41.66545409491015,0.0,0.0,7.0,21.0,266.0
28,58.0,8.362068965517242,15.316197452899756,0.0,0.0,7.0,7.0,107.0
29,63.0,11.031746031746032,20.653804034505367,0.0,0.0,0.0,14.0,114.0
30,47.0,13.0,20.190398062273154,0.0,0.0,7.0,14.0,121.0
31,36.0,8.61111111111111,18.39142312178273,0.0,0.0,0.0,14.0,100.0
32,60.0,5.75,15.404847355098923,0.0,0.0,0.0,7.0,114.0
33,29.0,11.172413793103448,22.557971295431628,0.0,0.0,0.0,14.0,107.0
34,60.0,13.566666666666666,22.30403677582099,0.0,0.0,7.0,14.0,128.0
35,32.0,6.84375,18.861309390800095,0.0,0.0,0.0,7.0,107.0
36,42.0,13.547619047619047,28.055869679286214,0.0,0.0,7.0,7.0,135.0
37,61.0,12.540983606557377,33.877019630073626,0.0,0.0,7.0,14.0,224.0
38,59.0,15.694915254237289,25.420772280848656,0.0,0.0,7.0,21.0,142.0
39,61.0,10.360655737704919,18.860923260262428,0.0,0.0,7.0,14.0,114.0
40,47.0,11.808510638297872,24.51498060004406,0.0,0.0,0.0,14.0,135.0
41,61.0,11.62295081967213,23.86640870514193,0.0,0.0,7.0,14.0,156.0
42,38.0,5.7631578947368425,20.7017876372984,0.0,0.0,0.0,7.0,128.0
43,65.0,14.892307692307693,21.80533412158241,0.0,7.0,14.0,21.0,163.0
44,56.0,10.535714285714286,25.32333762700779,0.0,0.0,0.0,7.0,156.0
45,73.0,7.602739726027397,18.108269846511966,0.0,0.0,0.0,7.0,135.0
46,31.0,5.935483870967742,20.644507718149423,0.0,0.0,0.0,3.5,114.0
47,47.0,10.02127659574468,22.09218764306999,0.0,0.0,7.0,10.5,142.0
48,43.0,11.604651162790697,22.687461961016222,0.0,0.0,0.0,10.5,128.0
49,58.0,14.879310344827585,27.395144649978114,0.0,0.0,3.5,14.0,149.0
50,53.0,18.264150943396228,26.08576899339519,0.0,0.0,14.0,21.0,135.0
51,40.0,24.9,45.36054989943891,0.0,0.0,7.0,24.5,245.0
52,58.0,9.448275862068966,21.582296524952717,0.0,0.0,3.5,7.0,142.0
53,62.0,14.370967741935484,29.023017361277937,0.0,0.0,7.0,14.0,184.0
54,57.0,12.192982456140351,22.285035495092753,0.0,0.0,7.0,14.0,142.0
55,59.0,11.067796610169491,18.744069781077943,0.0,0.0,7.0,7.0,128.0
56,54.0,9.11111111111111,20.339260915559223,0.0,0.0,0.0,7.0,135.0
57,62.0,8.161290322580646,19.823974182946625,0.0,0.0,0.0,7.0,142.0
58,45.0,11.71111111111111,21.09030606940094,0.0,0.0,7.0,14.0,128.0
59,62.0,11.435483870967742,25.271393123802422,0.0,0.0,7.0,7.0,142.0
60,55.0,11.10909090909091,22.991683462015313,0.0,0.0,7.0,10.5,149.0
61,44.0,11.818181818181818,24.70314237357191,0.0,0.0,0.0,14.0,135.0
62,61.0,12.426229508196721,25.370231253967347,0.0,0.0,7.0,14.0,140.0
63,51.0,19.80392156862745,27.55432423983077,0.0,3.5,7.0,24.5,135.0
64,56.0,13.035714285714286,23.987848655452268,0.0,0.0,7.0,14.0,149.0
65,58.0,17.655172413793103,35.885075685963045,0.0,0.0,7.0,14.0,184.0
66,47.0,11.063829787234043,23.96682875697262,0.0,0.0,7.0,10.5,156.0
67,36.0,9.194444444444445,21.85774716458929,0.0,0.0,3.5,7.0,128.0
68,59.0,5.728813559322034,19.05964368852697,0.0,0.0,0.0,7.0,142.0
69,28.0,12.071428571428571,25.76090717782157,0.0,0.0,7.0,14.0,135.0
70,56.0,18.160714285714285,26.974585200763457,0.0,0.0,7.0,21.0,156.0
71,31.0,14.064516129032258,25.489782899390583,0.0,0.0,7.0,17.5,135.0
72,42.0,11.380952380952381,28.63134252319657,0.0,0.0,7.0,14.0,184.0
73,61.0,9.557377049180328,25.445054915879645,0.0,0.0,7.0,7.0,191.0
74,56.0,12.410714285714286,35.49175411824006,0.0,0.0,0.0,14.0,196.0
75,61.0,17.704918032786885,25.653683466703882,0.0,0.0,7.0,28.0,149.0
76,46.0,18.456521739130434,58.800871694876214,0.0,0.0,0.0,14.0,394.0
77,61.0,9.901639344262295,25.83776623345034,0.0,0.0,0.0,7.0,191.0
78,38.0,7.7894736842105265,23.428047287717025,0.0,0.0,0.0,7.0,142.0
79,64.0,14.25,23.108440016582687,0.0,0.0,7.0,22.75,170.0
80,55.0,13.4,30.518118479938362,0.0,0.0,7.0,14.0,184.0
81,72.0,7.805555555555555,22.015128530037096,0.0,0.0,0.0,7.0,170.0
82,31.0,12.03225806451613,27.39523543850614,0.0,0.0,7.0,7.0,149.0
83,47.0,17.76595744680851,32.71298955272065,0.0,0.0,7.0,21.0,177.0
84,41.0,14.390243902439025,33.70525036903041,0.0,0.0,0.0,14.0,156.0
85,58.0,12.46551724137931,27.907878229482574,0.0,0.0,0.0,14.0,184.0
86,52.0,24.26923076923077,37.076029666986585,0.0,5.25,14.0,28.0,189.0
87,40.0,25.25,51.168775534925494,0.0,0.0,7.0,22.75,275.0
88,58.0,6.189655172413793,20.944753474906836,0.0,0.0,0.0,7.0,156.0
89,62.0,11.096774193548388,33.942917210632444,0.0,0.0,0.0,7.0,247.0
90,57.0,11.210526315789474,23.864750486637686,0.0,0.0,0.0,14.0,149.0
91,58.0,21.03448275862069,31.19602174211938,0.0,0.0,10.5,28.0,170.0
92,53.0,11.39622641509434,29.60596329135887,0.0,0.0,7.0,7.0,205.0
93,62.0,12.0,23.705847656533063,0.0,0.0,7.0,14.0,170.0
94,45.0,13.733333333333333,24.870939595512603,0.0,0.0,7.0,21.0,156.0
95,61.0,14.950819672131148,30.391021826359722,0.0,0.0,7.0,14.0,163.0
96,54.0,11.833333333333334,23.93997998139167,0.0,0.0,7.0,14.0,163.0
97,44.0,15.0,39.983135979944066,0.0,0.0,0.0,7.0,233.0
98,61.0,11.508196721311476,22.03150997308149,0.0,0.0,7.0,14.0,163.0
99,51.0,13.764705882352942,23.682557493053082,0.0,0.0,7.0,14.0,142.0
