id,count,mean,std,min,25%,50%,75%,max
0,42.0,8.69047619047619,21.71937215015619,0.0,0.0,0.0,7.0,134.0
1,53.0,12.037735849056604,19.587046606751013,0.0,0.0,7.0,14.0,120.0
2,50.0,12.48,23.40524971637163,0.0,0.0,7.0,14.0,141.0
3,51.0,5.372549019607843,17.537343908715165,0.0,0.0,0.0,3.5,120.0
4,46.0,12.5,21.3393220760798,0.0,0.0,7.0,14.0,120.0
5,55.0,10.581818181818182,20.768290385149314,0.0,0.0,7.0,14.0,148.0
6,41.0,13.853658536585366,27.460481583185825,0.0,0.0,0.0,14.0,127.0
7,52.0,10.51923076923077,25.933920844659685,0.0,0.0,0.0,8.75,134.0
8,54.0,12.851851851851851,23.408922188246386,0.0,0.0,7.0,14.0,141.0
9,59.0,10.457627118644067,21.035538101932943,0.0,0.0,0.0,10.5,134.0
10,25.0,5.92,25.331008665270318,0.0,0.0,0.0,0.0,127.0
11,39.0,4.512820512820513,19.525788338922712,0.0,0.0,0.0,0.0,120.0
12,43.0,16.627906976744185,25.297301997882958,0.0,0.0,7.0,21.0,127.0
13,67.0,13.388059701492537,26.02210902865892,0.0,0.0,7.0,14.0,140.0
14,55.0,10.072727272727272,19.627885063191908,0.0,0.0,7.0,14.0,134.0
15,40.0,9.65,22.41399517014268,0.0,0.0,0.0,7.0,120.0
16,51.0,9.215686274509803,22.275828806569862,0.0,0.0,7.0,7.0,141.0
17,49.0,9.16326530612245,20.73578523026428,0.0,0.0,0.0,7.0,127.0
18,57.0,5.7894736842105265,16.860495716006508,0.0,0.0,0.0,7.0,120.0
19,53.0,17.9811320754717,24.67285222983548,0.0,0.0,7.0,28.0,141.0
20,55.0,23.436363636363637,37.63507211629404,0.0,0.0,14.0,21.0,168.0
21,49.0,22.448979591836736,41.793670386240805,0.0,0.0,7.0,21.0,210.0
22,41.0,11.804878048780488,28.682067143247473,0.0,0.0,0.0,7.0,127.0
23,50.0,24.24,44.57763693025589,0.0,0.0,7.0,21.0,231.0
24,52.0,17.115384615384617,22.520277438957137,0.0,5.25,10.5,22.75,141.0
25,40.0,12.275,26.99191474383508,0.0,0.0,7.0,14.0,126.0
26,52.0,9.038461538461538,20.780799526468563,0.0,0.0,0.0,8.75,127.0
27,56.0,17.267857142857142,29.350850117115904,0.0,0.0,7.0,14.0,141.0
28,56.0,12.892857142857142,20.934250813985614,0.0,0.0,7.0,14.0,120.0
29,58.0,12.568965517241379,24.221284006242747,0.0,0.0,7.0,14.0,134.0
30,45.0,9.977777777777778,21.211584408792124,0.0,0.0,7.0,14.0,134.0
31,30.0,16.6,29.568855936260206,0.0,0.0,7.0,14.0,127.0
32,54.0,12.203703703703704,22.382927818359082,0.0,0.0,7.0,19.25,148.0
33,28.0,30.285714285714285,59.45421963834218,0.0,0.0,7.0,28.0,238.0
34,54.0,13.11111111111111,22.652141109734988,0.0,0.0,7.0,14.0,134.0
35,21.0,6.0476190476190474,27.713672059971028,0.0,0.0,0.0,0.0,127.0
36,41.0,14.878048780487806,25.67410672443271,0.0,0.0,7.0,14.0,155.0
37,53.0,11.11320754716981,22.272491119487157,0.0,0.0,7.0,14.0,148.0
38,49.0,20.877551020408163,41.52691529451172,0.0,0.0,7.0,14.0,203.0
39,51.0,8.666666666666666,22.511922766984313,0.0,0.0,0.0,7.0,155.0
40,44.0,24.363636363636363,46.562331771054126,0.0,0.0,7.0,22.75,260.0
41,55.0,9.945454545454545,22.446989554667237,0.0,0.0,7.0,7.0,155.0
42,38.0,4.078947368421052,22.924531388941418,0.0,0.0,0.0,0.0,141.0
43,52.0,10.923076923076923,25.803059671018158,0.0,0.0,3.5,7.0,162.0
44,54.0,13.24074074074074,23.96848180831793,0.0,0.0,7.0,19.25,162.0
45,59.0,16.271186440677965,31.752181846549764,0.0,0.0,7.0,14.0,176.0
46,25.0,7.88,29.572397039581805,0.0,0.0,0.0,0.0,148.0
47,39.0,11.871794871794872,26.24397623834697,0.0,0.0,7.0,10.5,155.0
48,39.0,16.71794871794872,33.979830486511226,0.0,0.0,0.0,21.0,169.0
49,64.0,9.96875,25.739210252928206,0.0,0.0,0.0,7.0,162.0
50,51.0,15.666666666666666,29.223050262877532,0.0,0.0,7.0,14.0,169.0
51,40.0,11.4,24.886202541229082,0.0,0.0,0.0,14.0,148.0
52,51.0,12.372549019607844,24.629219057301615,0.0,0.0,7.0,10.5,155.0
53,49.0,15.591836734693878,35.33053351761696,0.0,0.0,7.0,14.0,182.0
54,56.0,18.892857142857142,35.71385194541777,0.0,0.0,7.0,21.0,162.0
55,52.0,18.865384615384617,27.80395573926723,0.0,0.0,7.0,21.0,155.0
56,54.0,8.574074074074074,21.219074590683153,0.0,0.0,0.0,7.0,148.0
57,49.0,13.591836734693878,26.52900799702323,0.0,0.0,7.0,14.0,176.0
58,41.0,15.902439024390244,30.10797641659829,0.0,0.0,7.0,21.0,162.0
59,50.0,15.56,32.115327893613134,0.0,0.0,7.0,14.0,183.0
60,49.0,13.73469387755102,26.953490428115302,0.0,0.0,7.0,14.0,155.0
61,40.0,20.85,44.633292162138,0.0,0.0,7.0,14.0,224.0
62,51.0,12.509803921568627,21.281327542256015,0.0,0.0,7.0,14.0,148.0
63,54.0,17.38888888888889,30.248291183087606,0.0,0.0,7.0,21.0,169.0
64,53.0,12.830188679245284,27.95376391957634,0.0,0.0,0.0,7.0,155.0
65,57.0,16.596491228070175,27.6094313913631,0.0,0.0,7.0,21.0,162.0
66,44.0,11.0,26.940934532572772,0.0,0.0,0.0,7.0,162.0
67,30.0,10.766666666666667,28.399469802400734,0.0,0.0,3.5,7.0,155.0
68,51.0,8.529411764705882,25.228042287245735,0.0,0.0,0.0,7.0,176.0
69,26.0,15.115384615384615,30.173268862457608,0.0,0.0,7.0,14.0,141.0
70,54.0,17.12962962962963,25.570506518913984,0.0,0.0,10.5,28.0,162.0
71,21.0,10.047619047619047,32.25907033762162,0.0,0.0,0.0,7.0,148.0
72,40.0,10.175,27.32040422796645,0.0,0.0,0.0,7.0,162.0
73,52.0,13.346153846153847,25.694192992668494,0.0,0.0,7.0,14.0,176.0
74,49.0,16.163265306122447,44.47627969808527,0.0,0.0,7.0,14.0,295.0
75,50.0,13.74,25.342398127587348,0.0,0.0,7.0,14.0,169.0
76,40.0,23.65,73.5839133757665,0.0,0.0,7.0,15.75,470.0
77,54.0,12.851851851851851,26.757758463955344,0.0,0.0,7.0,14.0,183.0
78,38.0,7.2105263157894735,28.604628140684788,0.0,0.0,0.0,0.0,176.0
79,52.0,16.173076923076923,31.32481391512959,0.0,0.0,7.0,14.0,169.0
80,52.0,12.134615384615385,29.95685056756804,0.0,0.0,7.0,8.75,204.0
81,58.0,15.706896551724139,35.499942486086184,0.0,0.0,7.0,14.0,197.0
82,25.0,12.36,35.25960861949548,0.0,0.0,0.0,7.0,169.0
83,39.0,16.358974358974358,33.6369840154735,0.0,0.0,7.0,14.0,183.0
84,37.0,21.594594594594593,59.3957814904296,0.0,0.0,0.0,14.0,294.0
85,63.0,13.126984126984127,31.30365951166612,0.0,0.0,7.0,14.0,232.0
86,51.0,21.431372549019606,34.907451870316045,0.0,0.0,7.0,24.5,183.0
87,40.0,22.075,55.003210861987,0.0,0.0,7.0,14.0,337.0
88,51.0,8.803921568627452,28.768051451457836,0.0,0.0,0.0,7.0,176.0
89,49.0,14.020408163265307,38.62506191792144,0.0,0.0,7.0,7.0,246.0
90,52.0,19.403846153846153,45.69861181887198,0.0,0.0,7.0,14.0,238.0
91,52.0,19.53846153846154,31.04800933814013,0.0,5.25,7.0,21.0,183.0
92,54.0,11.944444444444445,42.71026418399524,0.0,0.0,0.0,7.0,302.0
93,48.0,18.104166666666668,35.86098430098456,0.0,0.0,7.0,15.75,211.0
94,41.0,15.902439024390244,32.81143465169481,0.0,0.0,7.0,14.0,183.0
95,48.0,21.604166666666668,36.10725133945784,0.0,0.0,7.0,22.75,190.0
96,48.0,16.208333333333332,33.31408131983226,0.0,0.0,7.0,14.0,169.0
97,38.0,24.526315789473685,52.06011953039681,0.0,0.0,7.0,21.0,259.0
98,49.0,24.73469387755102,42.2294207821021,0.0,7.0,7.0,21.0,196.0
99,53.0,16.528301886792452,29.804235484745934,0.0,0.0,7.0,21.0,176.0
100,50.0,14.3,30.54154079750585,0.0,0.0,7.0,14.0,183.0
101,57.0,12.421052631578947,31.529434868990197,0.0,0.0,0.0,7.0,211.0
102,43.0,15.0,30.04995840263344,0.0,0.0,7.0,14.0,183.0
103,30.0,17.3,43.444891767498454,0.0,0.0,3.5,7.0,204.0
104,50.0,10.1,31.28098463923411,0.0,0.0,0.0,7.0,211.0
105,25.0,15.72,36.170337755311785,0.0,0.0,0.0,14.0,169.0
106,50.0,20.32,29.625857431835264,0.0,7.0,14.0,28.0,197.0
107,21.0,19.047619047619047,50.69465079323083,0.0,0.0,7.0,7.0,232.0
108,40.0,11.75,36.02901252587619,0.0,0.0,0.0,7.0,218.0
109,52.0,18.326923076923077,40.17789908221476,0.0,0.0,7.0,14.0,260.0
110,49.0,17.73469387755102,61.87951179180259,0.0,0.0,0.0,14.0,428.0
111,50.0,15.98,28.75547152903501,0.0,0.0,7.0,21.0,183.0
112,40.0,17.7,79.55878329889164,0.0,0.0,0.0,7.0,505.0
113,53.0,12.69811320754717,30.422401226260114,0.0,0.0,7.0,7.0,211.0
114,38.0,10.894736842105264,30.462018418763595,0.0,0.0,7.0,7.0,190.0
115,51.0,25.686274509803923,49.77689833490168,0.0,0.0,7.0,14.0,238.0
116,48.0,18.104166666666668,43.27263376931584,0.0,0.0,7.0,14.0,274.0
117,54.0,17.51851851851852,40.81608115415625,0.0,0.0,7.0,21.0,225.0
118,23.0,20.434782608695652,40.39782407164178,0.0,0.0,7.0,21.0,190.0
119,38.0,25.07894736842105,38.38945630793404,0.0,7.0,14.0,28.0,211.0
