id,count,mean,std,min,25%,50%,75%,max
0,40.0,10.0,22.159098380250967,0.0,0.0,7.0,8.75,134.0
1,53.0,5.169811320754717,19.699410230391518,0.0,0.0,0.0,7.0,141.0
2,50.0,10.24,22.039445157651834,0.0,0.0,3.5,14.0,141.0
3,53.0,8.075471698113208,18.247074640782806,0.0,0.0,0.0,7.0,120.0
4,41.0,19.48780487804878,28.848849154879222,0.0,0.0,7.0,21.0,127.0
5,54.0,10.777777777777779,20.60011601603772,0.0,0.0,7.0,14.0,148.0
6,46.0,9.152173913043478,20.61387600763066,0.0,0.0,0.0,7.0,120.0
7,58.0,11.96551724137931,23.873177723965625,0.0,0.0,7.0,12.25,134.0
8,53.0,17.849056603773583,25.559430162793817,0.0,0.0,14.0,28.0,169.0
9,63.0,19.015873015873016,37.5050500098544,0.0,0.0,7.0,21.0,231.0
10,32.0,5.28125,21.434422684235084,0.0,0.0,0.0,0.0,120.0
11,47.0,5.680851063829787,19.53381280595791,0.0,0.0,0.0,3.5,127.0
12,41.0,22.390243902439025,59.09394133444667,0.0,0.0,0.0,14.0,357.0
13,62.0,11.870967741935484,21.841068153012024,0.0,0.0,0.0,19.25,127.0
14,50.0,13.74,25.628276793974493,0.0,0.0,0.0,19.25,134.0
15,44.0,7.340909090909091,21.14836095888656,0.0,0.0,0.0,7.0,120.0
16,51.0,18.54901960784314,26.611511588401143,0.0,0.0,14.0,21.0,141.0
17,49.0,6.163265306122449,18.906950814862938,0.0,0.0,0.0,7.0,127.0
18,56.0,8.142857142857142,18.54667681228151,0.0,0.0,0.0,7.0,120.0
19,53.0,17.452830188679247,26.482625681564137,0.0,7.0,7.0,21.0,141.0
20,51.0,14.431372549019608,31.889342985995043,0.0,0.0,0.0,10.5,154.0
21,49.0,23.163265306122447,45.17897138915752,0.0,0.0,7.0,14.0,217.0
22,37.0,6.648648648648648,22.5255610562956,0.0,0.0,0.0,0.0,127.0
23,50.0,16.54,28.908871599266153,0.0,0.0,7.0,21.0,147.0
24,48.0,13.0,23.17555572103339,0.0,0.0,7.0,14.0,141.0
25,42.0,11.357142857142858,21.653390911797025,0.0,0.0,7.0,14.0,120.0
26,52.0,16.307692307692307,24.12836461270969,0.0,0.0,7.0,21.0,127.0
27,54.0,22.444444444444443,28.32138112682391,0.0,7.0,14.0,28.0,141.0
28,51.0,14.568627450980392,22.87553706644789,0.0,0.0,7.0,14.0,120.0
29,60.0,12.266666666666667,22.986264628728193,0.0,0.0,3.5,14.0,134.0
30,43.0,14.023255813953488,21.680019737397693,0.0,0.0,7.0,14.0,134.0
31,30.0,9.833333333333334,23.396261613156586,0.0,0.0,0.0,12.25,127.0
32,50.0,9.68,22.12251600260952,0.0,0.0,0.0,14.0,148.0
33,28.0,7.785714285714286,22.672151530599276,0.0,0.0,0.0,7.0,120.0
34,55.0,13.50909090909091,21.734826744252956,0.0,0.0,7.0,21.0,134.0
35,30.0,5.166666666666667,23.136898926909435,0.0,0.0,0.0,0.0,127.0
36,39.0,9.538461538461538,24.589092740102803,0.0,0.0,7.0,7.0,155.0
37,53.0,9.0,23.22465533403274,0.0,0.0,0.0,7.0,148.0
38,49.0,15.020408163265307,29.8353047271729,0.0,0.0,7.0,14.0,162.0
39,53.0,14.415094339622641,24.529757409086237,0.0,0.0,7.0,14.0,155.0
40,41.0,19.829268292682926,33.921160386272454,0.0,7.0,7.0,14.0,155.0
41,54.0,15.185185185185185,30.23684749095835,0.0,1.75,7.0,14.0,197.0
42,46.0,13.108695652173912,23.436181202832103,0.0,0.0,7.0,14.0,141.0
43,55.0,21.527272727272727,28.03691650072609,0.0,7.0,14.0,28.0,183.0
44,52.0,9.442307692307692,26.787042127541532,0.0,0.0,0.0,7.0,183.0
45,61.0,10.344262295081966,23.962390841971256,0.0,0.0,7.0,7.0,155.0
46,32.0,7.6875,24.374017763501442,0.0,0.0,0.0,7.0,134.0
47,46.0,10.521739130434783,23.35878529036872,0.0,0.0,0.0,14.0,148.0
48,40.0,14.025,29.06357972904691,0.0,0.0,7.0,14.0,169.0
49,60.0,13.2,23.9821967866137,0.0,0.0,7.0,21.0,169.0
50,50.0,15.7,28.68424156720401,0.0,0.0,7.0,14.0,155.0
51,44.0,10.363636363636363,23.73995837567216,0.0,0.0,0.0,14.0,148.0
52,50.0,9.96,24.04923521207513,0.0,0.0,7.0,7.0,162.0
53,49.0,15.591836734693878,27.200580851140952,0.0,0.0,7.0,21.0,169.0
54,55.0,16.818181818181817,30.583880351808492,0.0,0.0,7.0,14.0,155.0
55,52.0,15.365384615384615,26.91601232458132,0.0,0.0,7.0,14.0,162.0
56,49.0,13.448979591836734,27.3945411415074,0.0,0.0,0.0,14.0,148.0
57,49.0,13.020408163265307,27.613017609392106,0.0,0.0,7.0,14.0,183.0
58,37.0,11.945945945945946,26.283651388844934,0.0,0.0,7.0,14.0,155.0
59,50.0,19.62,32.34753247378936,0.0,7.0,7.0,21.0,176.0
60,48.0,14.166666666666666,25.403411844343537,0.0,0.0,7.0,14.0,162.0
61,40.0,17.0,39.51111495678406,0.0,0.0,3.5,14.0,210.0
62,51.0,21.431372549019606,34.005443624196865,0.0,0.0,7.0,17.5,148.0
63,52.0,20.75,25.370876463950147,0.0,7.0,14.0,28.0,169.0
64,50.0,18.36,30.320572930885437,0.0,0.0,7.0,21.0,155.0
65,57.0,14.631578947368421,26.100514211510532,0.0,0.0,7.0,21.0,162.0
66,42.0,10.023809523809524,25.415079156835215,0.0,0.0,7.0,7.0,162.0
67,30.0,11.0,29.447791322832746,0.0,0.0,0.0,7.0,155.0
68,50.0,8.84,25.6597516968278,0.0,0.0,0.0,7.0,176.0
69,28.0,8.035714285714286,26.56436229077114,0.0,0.0,0.0,7.0,141.0
70,54.0,14.666666666666666,25.707351565812882,0.0,0.0,7.0,21.0,169.0
71,30.0,16.366666666666667,28.538520046365075,0.0,0.0,7.0,14.0,148.0
72,39.0,12.58974358974359,28.466709965296538,0.0,0.0,7.0,7.0,162.0
73,53.0,11.773584905660377,26.52766444925138,0.0,0.0,7.0,14.0,190.0
74,48.0,14.166666666666666,51.16195949424514,0.0,0.0,3.5,8.75,351.0
75,52.0,18.73076923076923,28.406099444858523,0.0,0.0,7.0,28.0,176.0
76,40.0,24.175,70.33067955863562,0.0,0.0,7.0,14.0,442.0
77,53.0,12.30188679245283,30.386981591097644,0.0,0.0,7.0,7.0,211.0
78,46.0,12.347826086956522,25.442062627166017,0.0,0.0,7.0,14.0,162.0
79,54.0,16.74074074074074,32.85944060961476,0.0,0.0,7.0,14.0,190.0
80,50.0,14.16,30.21106703558435,0.0,0.0,7.0,14.0,204.0
81,59.0,13.542372881355933,30.55651746828484,0.0,0.0,0.0,17.5,197.0
82,32.0,11.84375,29.88376339278788,0.0,0.0,7.0,7.0,162.0
83,43.0,16.790697674418606,29.674069279370826,0.0,0.0,7.0,21.0,176.0
84,36.0,26.27777777777778,60.89973544916085,0.0,0.0,7.0,14.0,287.0
85,58.0,16.43103448275862,34.39864953946798,0.0,0.0,7.0,14.0,246.0
86,47.0,25.04255319148936,40.081958126475605,0.0,0.0,14.0,28.0,190.0
87,44.0,19.75,48.218555243468685,0.0,0.0,7.0,14.0,309.0
88,50.0,9.12,31.926343802124105,0.0,0.0,0.0,7.0,176.0
89,49.0,14.73469387755102,41.217297900984526,0.0,0.0,7.0,7.0,253.0
90,55.0,14.272727272727273,26.338575108014837,0.0,0.0,7.0,14.0,176.0
91,48.0,23.0625,35.76602824742698,0.0,7.0,14.0,22.75,197.0
92,49.0,16.020408163265305,40.08765905067625,0.0,0.0,7.0,14.0,267.0
93,48.0,14.166666666666666,29.710900165637568,0.0,0.0,7.0,14.0,204.0
94,36.0,24.333333333333332,38.83297567789519,0.0,7.0,14.0,22.75,176.0
95,48.0,17.520833333333332,30.95844131497066,0.0,7.0,7.0,14.0,197.0
96,48.0,16.354166666666668,35.88070635665472,0.0,0.0,7.0,14.0,175.0
97,40.0,22.25,48.759877368853594,0.0,0.0,7.0,14.0,232.0
98,50.0,22.28,33.58026631392738,0.0,0.0,14.0,28.0,176.0
99,48.0,19.708333333333332,37.79224187712725,0.0,0.0,7.0,15.75,183.0
100,47.0,17.29787234042553,34.61333928190429,0.0,0.0,7.0,14.0,190.0
101,56.0,14.642857142857142,39.01488227537076,0.0,0.0,0.0,7.0,211.0
102,42.0,16.523809523809526,32.49032733752338,0.0,0.0,7.0,19.25,204.0
103,30.0,25.933333333333334,46.19518808597764,0.0,0.0,7.0,21.0,190.0
104,49.0,10.73469387755102,29.209570000118745,0.0,0.0,0.0,7.0,197.0
105,27.0,18.703703703703702,36.89049785390314,0.0,0.0,7.0,17.5,169.0
106,52.0,21.28846153846154,32.168878236557944,0.0,0.0,7.0,35.0,197.0
107,27.0,18.962962962962962,39.05073768778401,0.0,3.5,7.0,21.0,204.0
108,39.0,17.435897435897434,47.463445697324666,0.0,0.0,7.0,14.0,295.0
109,53.0,13.09433962264151,33.18552983486779,0.0,0.0,7.0,14.0,225.0
110,47.0,20.27659574468085,74.22430813819618,0.0,0.0,0.0,7.0,498.0
111,52.0,15.365384615384615,27.356060981036542,0.0,0.0,7.0,21.0,183.0
112,39.0,21.025641025641026,77.90868040937995,0.0,0.0,7.0,14.0,491.0
113,53.0,12.962264150943396,32.0738104666714,0.0,0.0,7.0,14.0,232.0
114,45.0,15.11111111111111,31.906982865127745,0.0,0.0,7.0,14.0,169.0
115,52.0,19.942307692307693,34.492064140723485,0.0,0.0,7.0,28.0,204.0
116,49.0,15.16326530612245,32.843281237552674,0.0,0.0,7.0,14.0,211.0
117,58.0,15.344827586206897,34.23220589072797,0.0,0.0,7.0,14.0,218.0
118,32.0,15.34375,35.20228124481011,0.0,0.0,7.0,14.0,190.0
119,43.0,30.627906976744185,62.03456150973767,0.0,0.0,7.0,28.0,287.0
