id,count,mean,std,min,25%,50%,75%,max
0,14.0,14.428571428571429,22.121045620419018,7.0,7.0,7.0,7.0,90.0
1,21.0,15.952380952380953,18.99335723477077,7.0,7.0,7.0,14.0,90.0
2,58.0,20.862068965517242,16.009260780310953,7.0,14.0,14.0,26.25,90.0
3,61.0,29.131147540983605,19.421187236139872,7.0,14.0,21.0,35.0,91.0
4,50.0,20.7,18.84333910355138,7.0,7.0,14.0,26.25,90.0
5,54.0,19.037037037037038,15.85543530752326,7.0,7.0,14.0,28.0,90.0
6,25.0,16.76,21.241233485840695,7.0,7.0,7.0,14.0,90.0
7,39.0,14.153846153846153,17.805289665741796,7.0,7.0,7.0,14.0,90.0
8,51.0,22.627450980392158,21.42518217828145,7.0,7.0,14.0,31.5,98.0
9,47.0,18.893617021276597,18.54633919409199,7.0,7.0,7.0,24.5,90.0
10,7.0,22.857142857142858,29.79053860668166,7.0,10.5,14.0,14.0,90.0
11,9.0,17.0,27.472713735632308,7.0,7.0,7.0,7.0,90.0
12,42.0,32.80952380952381,42.43344176773217,7.0,7.0,14.0,35.0,168.0
13,39.0,22.05128205128205,24.09624202841675,7.0,7.0,14.0,21.0,119.0
14,53.0,20.18867924528302,15.66605419342381,7.0,7.0,14.0,28.0,90.0
15,49.0,14.693877551020408,14.050806740825497,7.0,7.0,7.0,21.0,90.0
16,38.0,21.526315789473685,19.73025779218889,7.0,7.0,14.0,35.0,90.0
17,48.0,23.75,23.345235059857504,7.0,7.0,21.0,29.75,126.0
18,55.0,22.0,17.66876297835208,7.0,7.0,14.0,28.0,90.0
19,60.0,22.5,21.936348598399608,7.0,7.0,14.0,28.0,90.0
20,34.0,12.735294117647058,16.518692485364117,7.0,7.0,7.0,7.0,90.0
21,31.0,18.483870967741936,18.615174755634065,7.0,7.0,14.0,21.0,90.0
22,25.0,19.56,19.22905787257053,7.0,7.0,14.0,21.0,90.0
23,63.0,23.095238095238095,19.24268967662222,7.0,7.0,21.0,28.0,98.0
24,32.0,19.21875,21.959984686227692,7.0,7.0,7.0,21.0,90.0
25,16.0,22.6875,24.39868507385866,7.0,7.0,10.5,22.75,90.0
26,47.0,23.361702127659573,25.528692750736713,7.0,7.0,14.0,28.0,154.0
27,56.0,21.107142857142858,22.219302477742243,7.0,7.0,10.5,28.0,105.0
28,32.0,20.3125,25.202966415266125,7.0,7.0,7.0,28.0,119.0
29,39.0,22.76923076923077,29.099160359076325,7.0,7.0,7.0,24.5,140.0
30,39.0,25.82051282051282,22.587690866431277,7.0,7.0,21.0,31.5,90.0
31,32.0,18.34375,29.338524024488414,7.0,7.0,7.0,14.0,154.0
32,23.0,14.869565217391305,20.107222464997918,7.0,7.0,7.0,14.0,90.0
33,8.0,17.375,29.34493141924172,7.0,7.0,7.0,7.0,90.0
34,43.0,23.74418604651163,21.427722389971954,7.0,7.0,21.0,35.0,90.0
35,22.0,27.636363636363637,27.08460369980993,7.0,8.75,14.0,33.25,105.0
36,20.0,17.45,24.219337641427636,7.0,7.0,7.0,14.0,104.0
37,54.0,16.962962962962962,20.60130327711292,7.0,7.0,14.0,14.0,118.0
38,48.0,28.125,22.854419005634476,7.0,12.25,21.0,35.0,125.0
39,60.0,28.916666666666668,22.25072207296567,7.0,14.0,21.0,36.75,97.0
40,22.0,23.181818181818183,28.625057893285373,7.0,7.0,7.0,28.0,111.0
41,45.0,22.377777777777776,19.890940021766067,7.0,14.0,14.0,28.0,118.0
42,28.0,14.714285714285714,17.937870435678697,7.0,7.0,7.0,14.0,97.0
43,63.0,17.095238095238095,16.149217783627833,7.0,7.0,14.0,21.0,104.0
44,34.0,17.470588235294116,25.54643460163502,7.0,7.0,7.0,12.25,139.0
45,27.0,18.88888888888889,23.452625461249344,7.0,7.0,7.0,21.0,111.0
46,17.0,14.352941176470589,21.68507890367991,7.0,7.0,7.0,14.0,97.0
47,38.0,16.55263157894737,18.9432971364844,7.0,7.0,7.0,19.25,111.0
48,21.0,14.619047619047619,21.712844563705122,7.0,7.0,7.0,7.0,97.0
49,29.0,16.137931034482758,20.84590425330432,7.0,7.0,7.0,14.0,111.0
50,49.0,22.836734693877553,21.47221745533003,7.0,14.0,14.0,28.0,118.0
51,47.0,16.659574468085108,17.57007905718855,7.0,7.0,7.0,21.0,97.0
52,25.0,16.2,20.79663434308542,7.0,7.0,7.0,14.0,104.0
53,44.0,21.295454545454547,20.16395534456027,7.0,7.0,14.0,28.0,97.0
54,52.0,22.46153846153846,26.105713850150558,7.0,7.0,14.0,28.0,147.0
55,56.0,25.732142857142858,23.08993568354251,7.0,7.0,17.5,42.0,118.0
56,43.0,13.651162790697674,17.21140779075131,7.0,7.0,7.0,14.0,111.0
57,41.0,21.317073170731707,24.29036745748224,7.0,7.0,14.0,28.0,125.0
58,20.0,18.15,22.2267619631925,7.0,7.0,7.0,15.75,97.0
59,63.0,23.873015873015873,27.482834562623236,7.0,7.0,14.0,28.0,175.0
60,38.0,16.92105263157895,21.51100482524584,7.0,7.0,7.0,14.0,111.0
61,12.0,36.083333333333336,47.503987073495075,7.0,7.0,14.0,38.5,147.0
62,51.0,20.980392156862745,21.060380049826673,7.0,7.0,14.0,24.5,104.0
63,64.0,19.34375,19.844009731458566,7.0,7.0,7.0,28.0,97.0
64,39.0,17.743589743589745,23.645092902198037,7.0,7.0,7.0,14.0,118.0
65,45.0,20.355555555555554,22.778733658188884,7.0,7.0,14.0,21.0,111.0
66,39.0,32.282051282051285,28.50203013817263,7.0,14.0,21.0,42.0,111.0
67,34.0,17.264705882352942,19.607217013176108,7.0,7.0,7.0,21.0,104.0
68,40.0,13.45,19.48562915560449,7.0,7.0,7.0,14.0,125.0
69,18.0,31.833333333333332,34.25896190178908,7.0,7.0,21.0,35.0,119.0
70,42.0,27.142857142857142,28.057059829422204,7.0,7.0,17.5,28.0,118.0
71,24.0,27.083333333333332,25.089260939548492,7.0,7.0,24.5,29.75,104.0
72,25.0,26.0,26.921181251943608,7.0,7.0,14.0,28.0,125.0
73,51.0,23.313725490196077,23.90020100005724,7.0,14.0,14.0,28.0,132.0
74,27.0,20.444444444444443,31.753053557987304,7.0,7.0,7.0,14.0,139.0
75,59.0,26.915254237288135,26.92600853654531,7.0,7.0,14.0,35.0,119.0
76,26.0,22.03846153846154,27.89047259439075,7.0,7.0,10.5,26.25,132.0
77,39.0,28.512820512820515,28.475170897201497,7.0,10.5,21.0,35.0,174.0
78,31.0,17.129032258064516,22.034430535692497,7.0,7.0,7.0,17.5,125.0
79,60.0,27.75,31.478066078903204,7.0,7.0,17.5,29.75,161.0
80,42.0,18.80952380952381,27.152898686600395,7.0,7.0,7.0,21.0,167.0
81,31.0,19.612903225806452,24.314162428997136,7.0,7.0,14.0,21.0,139.0
82,17.0,17.235294117647058,26.546019974199304,7.0,7.0,7.0,14.0,118.0
83,36.0,27.0,27.5826032128949,7.0,14.0,14.0,35.0,146.0
84,17.0,23.0,34.13575837739657,7.0,7.0,14.0,21.0,146.0
85,32.0,18.5625,25.704195088764994,7.0,7.0,10.5,21.0,146.0
86,34.0,33.3235294117647,34.077203424377146,7.0,14.0,17.5,35.0,132.0
87,41.0,16.878048780487806,22.615476030752948,7.0,7.0,7.0,14.0,125.0
88,34.0,15.617647058823529,23.90259869970063,7.0,7.0,7.0,14.0,146.0
89,48.0,21.854166666666668,22.240455359770156,7.0,7.0,14.0,29.75,139.0
