id,count,mean,std,min,25%,50%,75%,max
0,21.0,85.80952380952381,88.81307282580592,7.0,7.0,56.0,150.0,294.0
1,33.0,64.78787878787878,68.18621450472851,7.0,21.0,42.0,84.0,315.0
2,38.0,50.36842105263158,71.08632781938417,7.0,14.0,21.0,47.25,294.0
3,35.0,52.68571428571428,66.80250586554345,7.0,7.0,21.0,63.0,273.0
4,31.0,77.3225806451613,80.60330311543242,7.0,17.5,49.0,119.0,343.0
5,40.0,38.75,39.07766756811495,7.0,14.0,24.5,56.0,175.0
6,33.0,41.45454545454545,31.88268623905743,7.0,14.0,35.0,63.0,150.0
7,34.0,60.205882352941174,93.59059115225293,7.0,7.0,17.5,68.25,336.0
8,24.0,95.5,136.2216863281576,7.0,7.0,42.0,117.25,532.0
9,30.0,64.73333333333333,92.64352642524865,7.0,8.75,35.0,54.25,364.0
10,8.0,31.875,51.59578471154402,7.0,7.0,7.0,21.0,150.0
11,18.0,21.166666666666668,35.596182875332545,7.0,7.0,7.0,14.0,150.0
12,22.0,76.5,101.17064791726897,7.0,21.0,38.5,85.75,462.0
13,38.0,29.92105263157895,27.520392025558035,7.0,7.0,24.5,42.0,150.0
14,36.0,32.361111111111114,37.95121136992131,7.0,7.0,14.0,38.5,150.0
15,28.0,38.107142857142854,53.2146869769325,7.0,7.0,21.0,43.75,259.0
16,32.0,74.46875,72.22901944509562,7.0,21.0,49.0,120.75,315.0
17,29.0,75.17241379310344,131.12346116910396,7.0,21.0,42.0,77.0,707.0
18,40.0,41.025,36.806832908007024,7.0,14.0,28.0,57.75,150.0
19,30.0,66.6,85.74726295018563,7.0,7.0,31.5,115.5,343.0
20,28.0,61.857142857142854,93.30146848342753,7.0,14.0,28.0,64.75,420.0
21,31.0,65.58064516129032,67.22984168435343,7.0,17.5,42.0,108.5,308.0
22,38.0,45.94736842105263,94.98021056142711,7.0,7.0,10.5,33.25,455.0
23,33.0,47.60606060606061,53.68073408701871,7.0,14.0,28.0,56.0,238.0
24,29.0,77.34482758620689,105.31357118558876,7.0,28.0,49.0,70.0,504.0
25,23.0,41.21739130434783,52.250234033176724,7.0,7.0,14.0,52.5,161.0
26,37.0,67.43243243243244,75.56032929628722,7.0,21.0,35.0,84.0,378.0
27,34.0,75.8529411764706,112.9626198170697,7.0,21.0,42.0,68.25,539.0
28,32.0,86.5,80.51046816328277,7.0,21.0,70.0,129.5,343.0
29,34.0,29.735294117647058,32.11655744366269,7.0,7.0,17.5,40.25,150.0
30,31.0,75.51612903225806,106.57763085117563,7.0,10.5,28.0,98.0,490.0
31,23.0,71.65217391304348,117.06898071248119,7.0,7.0,14.0,70.0,455.0
32,33.0,54.18181818181818,70.00109577064426,7.0,21.0,28.0,42.0,343.0
33,8.0,60.75,51.210350516277465,7.0,22.75,49.0,91.0,150.0
34,32.0,78.625,118.78083640374903,7.0,14.0,28.0,70.0,532.0
35,27.0,42.111111111111114,62.77575066691654,7.0,7.0,21.0,42.0,294.0
36,22.0,84.45454545454545,121.7259714326081,7.0,8.75,35.0,112.0,483.0
37,37.0,60.24324324324324,71.067028378303,7.0,21.0,35.0,77.0,315.0
38,34.0,66.17647058823529,69.56421519467193,7.0,21.0,49.0,75.25,280.0
39,43.0,54.604651162790695,65.77528104766428,7.0,14.0,28.0,66.5,294.0
40,22.0,98.13636363636364,144.1772373073356,7.0,7.0,45.5,113.75,518.0
41,39.0,47.82051282051282,37.091545209735926,7.0,21.0,35.0,63.0,157.0
42,31.0,38.03225806451613,38.69666985755384,7.0,7.0,21.0,59.5,164.0
43,37.0,53.054054054054056,94.0177128541762,7.0,7.0,14.0,42.0,350.0
44,35.0,68.88571428571429,119.51366435009243,7.0,7.0,14.0,59.5,525.0
45,30.0,67.3,110.47020194261157,7.0,14.0,21.0,40.25,399.0
46,23.0,20.52173913043478,33.51644042341201,7.0,7.0,7.0,14.0,157.0
47,36.0,20.305555555555557,30.235097339203513,7.0,7.0,7.0,15.75,164.0
48,22.0,50.09090909090909,77.78720000648234,7.0,7.0,17.5,47.25,336.0
49,49.0,32.06122448979592,28.861312169339328,7.0,14.0,21.0,42.0,164.0
50,40.0,44.525,74.16924080810914,7.0,12.25,21.0,45.5,448.0
51,40.0,30.875,42.17496371192943,7.0,7.0,14.0,42.0,217.0
52,34.0,49.5,63.76483784543442,7.0,7.0,21.0,68.25,308.0
53,35.0,69.68571428571428,121.2085639152059,7.0,14.0,42.0,63.0,714.0
54,41.0,38.31707317073171,43.70665797358009,7.0,7.0,21.0,56.0,189.0
55,40.0,66.75,105.42897718734271,7.0,14.0,31.5,70.0,518.0
56,29.0,49.10344827586207,58.73934239355754,7.0,14.0,35.0,49.0,259.0
57,38.0,66.76315789473684,68.25723769583918,7.0,21.0,42.0,92.75,315.0
58,24.0,61.958333333333336,124.9613780913637,7.0,7.0,17.5,36.75,560.0
59,35.0,59.48571428571429,66.05272912764532,7.0,21.0,35.0,66.5,336.0
60,29.0,65.03448275862068,106.63974157301124,7.0,7.0,28.0,49.0,490.0
61,24.0,38.916666666666664,48.150052297291275,7.0,7.0,17.5,52.5,157.0
62,36.0,69.30555555555556,73.79811048469406,7.0,21.0,45.5,92.75,392.0
63,34.0,80.79411764705883,109.1759157067619,7.0,8.75,42.0,92.75,511.0
64,33.0,66.6969696969697,106.69245663602607,7.0,7.0,21.0,70.0,476.0
65,47.0,32.234042553191486,35.348090635328056,7.0,7.0,21.0,42.0,178.0
66,32.0,77.96875,100.33957967821073,7.0,14.0,31.5,119.0,378.0
67,24.0,61.083333333333336,95.48271715531727,7.0,7.0,14.0,71.75,329.0
68,37.0,51.54054054054054,69.25179283463216,7.0,14.0,28.0,49.0,350.0
69,16.0,33.4375,42.84541010034408,7.0,7.0,21.0,28.0,157.0
70,35.0,73.08571428571429,101.39160292083928,7.0,21.0,35.0,77.0,476.0
71,24.0,42.125,41.384004996679785,7.0,12.25,28.0,57.75,157.0
72,20.0,95.7,151.21302505858554,7.0,12.25,28.0,113.75,525.0
73,38.0,55.89473684210526,66.57318244007226,7.0,14.0,38.5,68.25,336.0
74,28.0,60.607142857142854,76.88439579953996,7.0,12.25,35.0,70.0,273.0
75,41.0,63.75609756097561,63.572313347795074,7.0,28.0,42.0,70.0,273.0
76,17.0,117.11764705882354,145.31727458949143,7.0,14.0,56.0,199.0,483.0
77,37.0,54.189189189189186,37.89153954075723,7.0,28.0,42.0,70.0,199.0
78,27.0,52.22222222222222,60.44662829136851,7.0,10.5,35.0,66.5,238.0
79,39.0,75.82051282051282,134.8695025795153,7.0,7.0,14.0,63.0,595.0
80,30.0,68.7,92.63132336831596,7.0,7.0,31.5,80.5,350.0
81,34.0,65.76470588235294,97.7433432046396,7.0,14.0,28.0,49.0,378.0
82,23.0,28.130434782608695,33.68072600683997,7.0,14.0,21.0,21.0,171.0
83,36.0,28.666666666666668,32.93022927341989,7.0,14.0,21.0,28.0,192.0
84,24.0,54.083333333333336,108.42906583956433,7.0,7.0,21.0,50.75,525.0
85,42.0,34.07142857142857,48.879839156427145,7.0,7.0,21.0,35.0,248.0
86,35.0,54.885714285714286,77.4333760796495,7.0,14.0,28.0,70.0,427.0
87,39.0,29.153846153846153,31.533222631926726,7.0,7.0,21.0,38.5,178.0
88,39.0,49.61538461538461,59.24508213417397,7.0,14.0,28.0,63.0,315.0
89,34.0,80.38235294117646,127.49759705540322,7.0,21.0,49.0,77.0,721.0
90,38.0,52.76315789473684,69.21233846044782,7.0,14.0,28.0,56.0,371.0
91,39.0,70.43589743589743,117.55330143157565,7.0,14.0,35.0,63.0,532.0
92,31.0,46.61290322580645,59.091836672169215,7.0,7.0,14.0,59.5,224.0
93,33.0,61.81818181818182,55.75473889357666,7.0,21.0,42.0,77.0,220.0
94,20.0,71.2,109.27637583571973,7.0,7.0,21.0,77.0,364.0
95,35.0,61.885714285714286,69.48794708376386,7.0,14.0,42.0,87.5,322.0
96,25.0,81.04,91.55439184805209,7.0,14.0,35.0,119.0,294.0
97,20.0,31.65,51.37199216447974,7.0,7.0,7.0,26.25,199.0
98,37.0,64.78378378378379,73.85426156933634,7.0,14.0,49.0,84.0,364.0
99,35.0,89.08571428571429,116.25109017289496,7.0,21.0,42.0,108.5,532.0
100,32.0,77.09375,130.30395220283006,7.0,12.25,28.0,57.75,539.0
101,43.0,40.93023255813954,42.64828213412878,7.0,14.0,28.0,49.0,199.0
102,29.0,81.93103448275862,117.17140406700983,7.0,14.0,21.0,98.0,497.0
103,27.0,55.851851851851855,98.69833749036415,7.0,7.0,14.0,45.5,343.0
104,37.0,52.108108108108105,70.03363627722189,7.0,7.0,21.0,63.0,343.0
105,17.0,34.35294117647059,43.36464743381207,7.0,7.0,14.0,42.0,185.0
106,35.0,70.88571428571429,84.08496103506802,7.0,7.0,28.0,119.0,259.0
107,26.0,34.57692307692308,46.095703120289265,7.0,7.0,14.0,47.25,185.0
108,25.0,78.52,146.31988928371973,7.0,7.0,14.0,70.0,560.0
109,37.0,58.54054054054054,73.11961075852003,7.0,14.0,28.0,63.0,329.0
110,37.0,70.64864864864865,103.94475461518975,7.0,14.0,35.0,63.0,490.0
111,42.0,69.4047619047619,69.79379367327572,7.0,21.0,49.0,89.25,273.0
112,23.0,98.43478260869566,154.59355099067082,7.0,7.0,35.0,98.0,633.0
113,37.0,55.513513513513516,50.08139021278908,7.0,21.0,42.0,77.0,220.0
114,22.0,50.72727272727273,43.813654990611816,7.0,17.5,42.0,68.25,206.0
115,36.0,80.97222222222223,121.66194054747679,7.0,7.0,31.5,73.5,560.0
116,21.0,116.80952380952381,158.92124434688367,7.0,14.0,35.0,147.0,553.0
117,32.0,58.5,106.93772682900473,7.0,7.0,21.0,43.75,539.0
118,21.0,32.142857142857146,41.71484833280078,7.0,21.0,21.0,28.0,206.0
119,32.0,31.375,43.27164757518447,7.0,7.0,17.5,35.0,234.0
120,23.0,59.78260869565217,101.50591407836971,7.0,7.0,28.0,59.5,469.0
121,42.0,48.73809523809524,82.72907871224044,7.0,8.75,28.0,49.0,490.0
122,33.0,72.21212121212122,99.596610627495,7.0,7.0,42.0,70.0,476.0
123,39.0,42.256410256410255,66.86660638863411,7.0,7.0,35.0,52.5,423.0
124,36.0,47.138888888888886,57.583803664263485,7.0,14.0,28.0,56.0,287.0
125,32.0,73.59375,111.44646027606493,7.0,21.0,45.5,64.75,560.0
126,44.0,43.81818181818182,48.21380325720336,7.0,14.0,24.5,57.75,206.0
127,36.0,73.77777777777777,123.70035480053312,7.0,21.0,38.5,59.5,567.0
128,35.0,42.68571428571428,66.57184152502927,7.0,7.0,14.0,42.0,325.0
129,33.0,74.96969696969697,121.69903575226184,7.0,14.0,49.0,91.0,686.0
130,25.0,52.48,79.4460613666069,7.0,7.0,14.0,42.0,280.0
131,32.0,72.71875,88.53292967645866,7.0,14.0,35.0,91.0,371.0
132,29.0,84.58620689655173,93.67745469023686,7.0,21.0,42.0,126.0,322.0
133,16.0,51.375,88.87885012757535,7.0,7.0,14.0,43.75,353.0
134,35.0,68.68571428571428,70.35739495753153,7.0,21.0,49.0,80.5,294.0
135,36.0,75.33333333333333,92.55052674080251,7.0,21.0,38.5,94.5,378.0
136,30.0,83.63333333333334,134.06624284757282,7.0,8.75,21.0,77.0,553.0
137,40.0,42.425,49.74390182957876,7.0,14.0,28.0,49.0,269.0
138,30.0,71.73333333333333,93.35469377902061,7.0,14.0,24.5,112.0,364.0
139,26.0,56.65384615384615,92.17806346748333,7.0,7.0,7.0,28.0,280.0
140,33.0,56.09090909090909,78.25853133858779,7.0,14.0,28.0,49.0,322.0
141,19.0,32.578947368421055,46.87609647840391,7.0,14.0,21.0,35.0,220.0
142,30.0,87.6,104.00881925470848,7.0,15.75,42.0,133.0,462.0
143,26.0,45.61538461538461,59.842511259523135,7.0,14.0,28.0,49.0,297.0
144,23.0,91.1304347826087,161.20266869768912,7.0,10.5,21.0,70.0,595.0
145,37.0,66.67567567567568,82.80735811845804,7.0,21.0,35.0,77.0,367.0
146,37.0,69.51351351351352,84.53652124036938,7.0,14.0,35.0,84.0,346.0
147,39.0,75.1025641025641,82.4218273567828,7.0,17.5,56.0,101.5,315.0
148,20.0,129.65,175.35776212315812,7.0,7.0,49.0,215.25,675.0
149,36.0,52.97222222222222,57.08263989846455,7.0,14.0,35.0,63.0,255.0
