id,count,mean,std,min,25%,50%,75%,max
0,43.0,7.511627906976744,20.361462307182695,0.0,0.0,0.0,7.0,120.0
1,52.0,16.173076923076923,22.61157187158316,0.0,0.0,14.0,21.0,141.0
2,51.0,12.92156862745098,21.323079643667704,0.0,0.0,7.0,14.0,141.0
3,51.0,12.235294117647058,19.400606418660338,0.0,0.0,7.0,14.0,120.0
4,48.0,12.708333333333334,20.623224187467024,0.0,0.0,7.0,14.0,127.0
5,52.0,9.98076923076923,21.792686652947232,0.0,0.0,3.5,14.0,148.0
6,37.0,3.4324324324324325,19.72947673538891,0.0,0.0,0.0,0.0,120.0
7,54.0,16.35185185185185,29.865836737870072,0.0,0.0,3.5,14.0,134.0
8,54.0,7.666666666666667,19.697715603592208,0.0,0.0,0.0,7.0,134.0
9,59.0,13.305084745762711,23.988685721921243,0.0,0.0,7.0,14.0,155.0
10,35.0,12.428571428571429,23.724256282009215,0.0,0.0,0.0,14.0,120.0
11,43.0,8.651162790697674,20.84624406152984,0.0,0.0,0.0,7.0,127.0
12,46.0,18.282608695652176,25.07381373596168,0.0,0.0,7.0,26.25,127.0
13,64.0,8.4375,17.708284313657643,0.0,0.0,7.0,7.0,127.0
14,56.0,13.392857142857142,19.876599829428088,0.0,0.0,7.0,14.0,134.0
15,36.0,4.111111111111111,20.061018031108105,0.0,0.0,0.0,0.0,120.0
16,51.0,18.54901960784314,29.04156588442861,0.0,0.0,7.0,17.5,141.0
17,49.0,10.877551020408163,20.278922404248974,0.0,0.0,7.0,14.0,127.0
18,57.0,15.368421052631579,25.258401416266693,0.0,0.0,0.0,21.0,120.0
19,54.0,10.0,20.768263160817785,0.0,0.0,7.0,14.0,141.0
20,59.0,24.10169491525424,38.43969523151199,0.0,0.0,7.0,28.0,182.0
21,51.0,12.92156862745098,24.574656162196774,0.0,0.0,7.0,14.0,148.0
22,36.0,15.972222222222221,48.29107347924436,0.0,0.0,0.0,7.0,259.0
23,50.0,6.32,19.227361456305662,0.0,0.0,0.0,7.0,134.0
24,50.0,10.8,22.174631580125197,0.0,0.0,7.0,14.0,141.0
25,44.0,13.704545454545455,26.968180686802462,0.0,0.0,7.0,14.0,140.0
26,53.0,15.339622641509434,24.761122905618997,0.0,0.0,7.0,21.0,127.0
27,58.0,17.275862068965516,23.298816402019806,0.0,1.75,7.0,21.0,141.0
28,57.0,12.789473684210526,21.38402010356036,0.0,0.0,7.0,14.0,120.0
29,57.0,6.894736842105263,18.286103438058323,0.0,0.0,0.0,7.0,134.0
30,44.0,12.590909090909092,22.996782567495384,0.0,0.0,7.0,14.0,134.0
31,24.0,5.291666666666667,25.923766444455303,0.0,0.0,0.0,0.0,127.0
32,53.0,13.226415094339623,27.81092861381735,0.0,0.0,7.0,7.0,148.0
33,28.0,9.035714285714286,24.406256245383968,0.0,0.0,0.0,7.0,120.0
34,54.0,18.296296296296298,28.90232714377246,0.0,0.0,7.0,26.25,140.0
35,21.0,6.380952380952381,27.67937172422126,0.0,0.0,0.0,0.0,127.0
36,43.0,14.837209302325581,25.745022850065357,0.0,0.0,7.0,21.0,155.0
37,52.0,6.480769230769231,21.10151967821311,0.0,0.0,0.0,7.0,148.0
38,50.0,20.46,36.320124291794876,0.0,7.0,7.0,21.0,204.0
39,51.0,11.823529411764707,22.978864969665445,0.0,0.0,7.0,14.0,155.0
40,43.0,24.767441860465116,38.38826532586074,0.0,7.0,14.0,35.0,232.0
41,51.0,13.745098039215685,25.17128772014249,0.0,7.0,7.0,14.0,176.0
42,37.0,7.216216216216216,23.46171246844424,0.0,0.0,0.0,7.0,141.0
43,53.0,19.69811320754717,35.954878189229376,0.0,0.0,7.0,28.0,189.0
44,53.0,17.71698113207547,25.071725845362575,0.0,0.0,14.0,28.0,162.0
45,56.0,12.767857142857142,29.809694012902202,0.0,0.0,3.5,14.0,190.0
46,35.0,20.228571428571428,37.8954333072762,0.0,0.0,0.0,21.0,147.0
47,43.0,11.744186046511627,24.03082645593028,0.0,0.0,7.0,14.0,148.0
48,42.0,12.19047619047619,28.940003619968838,0.0,0.0,7.0,7.0,176.0
49,63.0,12.904761904761905,23.219648441195634,0.0,0.0,7.0,14.0,155.0
50,54.0,15.185185185185185,27.863599080855373,0.0,0.0,7.0,14.0,169.0
51,36.0,9.555555555555555,26.771460757887517,0.0,0.0,0.0,7.0,148.0
52,48.0,13.729166666666666,24.926051981328417,0.0,0.0,7.0,15.75,162.0
53,49.0,16.163265306122447,31.189172091966675,0.0,0.0,7.0,21.0,176.0
54,54.0,16.61111111111111,28.885863008762716,0.0,0.0,7.0,19.25,162.0
55,53.0,10.056603773584905,22.61841922513224,0.0,0.0,7.0,7.0,155.0
56,55.0,9.945454545454545,22.278887349884005,0.0,0.0,0.0,10.5,148.0
57,49.0,18.163265306122447,37.699661215749835,0.0,0.0,7.0,21.0,176.0
58,36.0,8.972222222222221,26.43535091081216,0.0,0.0,0.0,7.0,155.0
59,50.0,11.78,31.5253639380828,0.0,0.0,3.5,7.0,183.0
60,50.0,12.62,26.609718954869532,0.0,0.0,7.0,14.0,162.0
61,42.0,14.357142857142858,36.105415733601056,0.0,0.0,3.5,12.25,196.0
62,52.0,18.596153846153847,30.004744471489786,0.0,0.0,7.0,21.0,148.0
63,54.0,21.666666666666668,32.755814693370326,0.0,7.0,14.0,21.0,169.0
64,54.0,10.12962962962963,23.300373546520827,0.0,0.0,3.5,7.0,155.0
65,56.0,10.267857142857142,22.41792389335622,0.0,0.0,7.0,14.0,162.0
66,44.0,13.068181818181818,25.334412415354922,0.0,0.0,7.0,14.0,162.0
67,24.0,8.791666666666666,31.455944577700453,0.0,0.0,0.0,7.0,155.0
68,51.0,7.294117647058823,24.66519338472501,0.0,0.0,0.0,7.0,176.0
69,28.0,15.785714285714286,43.49317285110486,0.0,0.0,0.0,7.0,189.0
70,54.0,18.166666666666668,29.2418348545432,0.0,0.0,7.0,21.0,162.0
71,21.0,9.380952380952381,31.93661877919482,0.0,0.0,0.0,7.0,148.0
72,40.0,15.775,37.86987673735635,0.0,0.0,0.0,15.75,182.0
73,51.0,14.156862745098039,31.543222757999608,0.0,0.0,7.0,14.0,169.0
74,49.0,14.73469387755102,51.424206163944206,0.0,0.0,0.0,14.0,358.0
75,51.0,16.764705882352942,28.867690060199912,0.0,0.0,7.0,17.5,169.0
76,43.0,22.162790697674417,77.98593592148771,0.0,0.0,7.0,7.0,491.0
77,51.0,9.352941176470589,26.796136683792138,0.0,0.0,7.0,7.0,190.0
78,37.0,8.72972972972973,25.950432075881217,0.0,0.0,0.0,7.0,155.0
79,53.0,21.67924528301887,38.08279117967633,0.0,0.0,7.0,14.0,183.0
80,53.0,10.849056603773585,30.09689239415252,0.0,0.0,0.0,7.0,211.0
81,55.0,15.036363636363637,31.457180559519458,0.0,0.0,7.0,14.0,204.0
82,35.0,10.028571428571428,29.52913388332207,0.0,0.0,0.0,7.0,169.0
83,43.0,17.11627906976744,32.13380455764361,0.0,0.0,7.0,21.0,176.0
84,40.0,17.175,37.79491724069216,0.0,0.0,0.0,14.0,190.0
85,59.0,19.23728813559322,46.55857970603413,0.0,0.0,7.0,14.0,232.0
86,54.0,19.203703703703702,29.23966008476871,0.0,1.75,10.5,21.0,176.0
87,36.0,22.77777777777778,54.76292338597145,0.0,5.25,7.0,14.0,302.0
88,48.0,13.291666666666666,37.622400713683774,0.0,0.0,7.0,7.0,190.0
89,49.0,15.877551020408163,44.46985526410991,0.0,0.0,7.0,14.0,302.0
90,53.0,17.18867924528302,45.73042103280316,0.0,0.0,0.0,7.0,238.0
91,52.0,20.346153846153847,32.44596389618187,0.0,7.0,14.0,21.0,197.0
92,55.0,10.2,37.752311678055385,0.0,0.0,7.0,7.0,281.0
93,49.0,18.306122448979593,35.431391496826095,0.0,0.0,7.0,14.0,218.0
94,35.0,19.428571428571427,35.629041124180866,0.0,0.0,7.0,24.5,183.0
95,50.0,19.9,34.72648227835021,0.0,0.0,7.0,19.25,197.0
96,48.0,15.770833333333334,28.097277511283885,0.0,0.0,7.0,14.0,169.0
97,41.0,14.024390243902438,37.03139735743039,0.0,0.0,0.0,7.0,197.0
98,50.0,20.04,34.712204523152124,0.0,7.0,7.0,21.0,190.0
99,53.0,16.132075471698112,27.791834533967442,0.0,0.0,7.0,21.0,176.0
100,52.0,10.923076923076923,26.625099579190497,0.0,0.0,7.0,7.0,183.0
101,56.0,11.767857142857142,30.418888313575273,0.0,0.0,7.0,14.0,218.0
102,44.0,15.613636363636363,31.614844841882764,0.0,0.0,7.0,21.0,197.0
103,24.0,21.333333333333332,40.17317585119472,0.0,0.0,7.0,22.75,183.0
104,50.0,8.7,31.042597461276614,0.0,0.0,0.0,7.0,218.0
105,28.0,19.535714285714285,44.492597921915845,0.0,0.0,7.0,8.75,169.0
106,54.0,19.98148148148148,32.461001705524524,0.0,1.75,7.0,21.0,190.0
107,21.0,23.047619047619047,47.95151320915347,0.0,7.0,7.0,14.0,225.0
108,39.0,12.58974358974359,43.01206559530278,0.0,0.0,0.0,7.0,267.0
109,51.0,13.607843137254902,33.06241275610269,0.0,0.0,7.0,14.0,225.0
110,49.0,17.020408163265305,77.84131556033252,0.0,0.0,0.0,7.0,547.0
111,50.0,17.94,38.454537164961806,0.0,0.0,7.0,14.0,176.0
112,42.0,17.19047619047619,76.41581948824728,0.0,0.0,0.0,7.0,498.0
113,51.0,12.509803921568627,29.935512388479076,0.0,0.0,7.0,14.0,204.0
114,37.0,16.675675675675677,31.670222654774676,0.0,0.0,7.0,14.0,169.0
115,53.0,20.22641509433962,36.74058828170722,0.0,0.0,7.0,21.0,197.0
116,52.0,13.48076923076923,36.46190081662485,0.0,0.0,7.0,14.0,260.0
117,53.0,17.32075471698113,34.233234855184485,0.0,0.0,7.0,21.0,225.0
118,33.0,15.727272727272727,41.72324945943863,0.0,0.0,0.0,7.0,183.0
119,42.0,31.023809523809526,59.416056011509504,0.0,0.0,7.0,26.25,266.0
