id,count,mean,std,min,25%,50%,75%,max
0,11.0,18.363636363636363,25.3939864033701,7.0,7.0,7.0,14.0,90.0
1,18.0,19.38888888888889,20.66864316924351,7.0,7.0,14.0,14.0,90.0
2,51.0,21.666666666666668,27.994761414712336,7.0,7.0,14.0,21.0,189.0
3,54.0,26.425925925925927,17.273168036933622,7.0,14.0,21.0,33.25,90.0
4,52.0,20.576923076923077,20.230384984508273,7.0,7.0,14.0,21.0,90.0
5,35.0,14.771428571428572,16.126495761516775,7.0,7.0,7.0,14.0,90.0
6,22.0,17.454545454545453,20.74958926209034,7.0,7.0,7.0,21.0,90.0
7,31.0,11.935483870967742,15.817575633602361,7.0,7.0,7.0,7.0,90.0
8,35.0,13.17142857142857,15.670289824801495,7.0,7.0,7.0,10.5,90.0
9,27.0,13.703703703703704,16.349111513885006,7.0,7.0,7.0,14.0,90.0
10,14.0,12.928571428571429,22.18268307873122,7.0,7.0,7.0,7.0,90.0
11,18.0,13.944444444444445,19.570302297771075,7.0,7.0,7.0,12.25,90.0
12,43.0,24.88372093023256,29.65773752916492,7.0,7.0,14.0,24.5,140.0
13,48.0,18.208333333333332,18.050706750274273,7.0,7.0,7.0,21.0,90.0
14,40.0,11.875,14.406528968598819,7.0,7.0,7.0,7.0,90.0
15,50.0,14.12,14.417449744766136,7.0,7.0,7.0,14.0,90.0
16,29.0,13.482758620689655,16.874792463602482,7.0,7.0,7.0,14.0,90.0
17,28.0,11.464285714285714,15.77969192502431,7.0,7.0,7.0,7.0,90.0
18,53.0,22.169811320754718,19.576021290831804,7.0,7.0,14.0,28.0,90.0
19,61.0,16.16393442622951,13.646953662348789,7.0,7.0,14.0,21.0,90.0
20,30.0,11.866666666666667,15.764940004114612,7.0,7.0,7.0,7.0,90.0
21,36.0,15.916666666666666,15.344380078712858,7.0,7.0,14.0,15.75,90.0
22,27.0,19.925925925925927,17.60883940159672,7.0,7.0,14.0,24.5,90.0
23,62.0,26.06451612903226,19.048575496623236,7.0,14.0,21.0,35.0,90.0
24,41.0,15.341463414634147,16.689232690716434,7.0,7.0,7.0,21.0,90.0
25,12.0,20.916666666666668,23.98658084442342,7.0,7.0,14.0,21.0,90.0
26,46.0,26.456521739130434,20.21298429969006,7.0,14.0,21.0,35.0,90.0
27,63.0,17.984126984126984,16.258488664726322,7.0,7.0,14.0,21.0,90.0
28,34.0,14.794117647058824,17.592662747042993,7.0,7.0,7.0,14.0,90.0
29,38.0,20.973684210526315,19.433165913229253,7.0,7.0,14.0,28.0,90.0
30,40.0,19.575,17.917027426302383,7.0,7.0,14.0,21.0,90.0
31,30.0,15.6,16.763260319869882,7.0,7.0,7.0,19.25,90.0
32,28.0,16.464285714285715,23.849034677035778,7.0,7.0,7.0,14.0,105.0
33,10.0,22.3,32.40044581311944,7.0,7.0,7.0,7.0,90.0
34,42.0,21.80952380952381,18.922483845670556,7.0,7.0,17.5,28.0,90.0
35,29.0,13.724137931034482,16.828752079453906,7.0,7.0,7.0,14.0,90.0
36,16.0,20.0625,25.32316133503082,7.0,7.0,10.5,15.75,104.0
37,55.0,18.181818181818183,18.201639027836567,7.0,7.0,14.0,21.0,118.0
38,50.0,30.22,32.07789626162271,7.0,14.0,21.0,35.0,196.0
39,60.0,29.383333333333333,21.811279671398346,7.0,14.0,28.0,42.0,97.0
40,29.0,13.241379310344827,19.56245524397216,7.0,7.0,7.0,14.0,111.0
41,49.0,17.122448979591837,18.793430426904084,7.0,7.0,14.0,21.0,118.0
42,24.0,14.833333333333334,19.866219234335123,7.0,7.0,7.0,8.75,97.0
43,64.0,15.734375,15.3356542627521,7.0,7.0,14.0,21.0,104.0
44,38.0,16.92105263157895,22.73392699688855,7.0,7.0,7.0,19.25,139.0
45,59.0,16.35593220338983,16.831582292763894,7.0,7.0,7.0,21.0,111.0
46,13.0,15.0,24.775660098841634,7.0,7.0,7.0,7.0,97.0
47,38.0,16.736842105263158,19.16032529561685,7.0,7.0,14.0,14.0,111.0
48,18.0,12.777777777777779,21.139746660943906,7.0,7.0,7.0,7.0,97.0
49,30.0,18.866666666666667,21.30036964764783,7.0,7.0,14.0,14.0,111.0
50,59.0,15.525423728813559,16.129172469743686,7.0,7.0,14.0,14.0,118.0
51,47.0,15.617021276595745,18.262045686982894,7.0,7.0,7.0,14.0,97.0
52,22.0,19.681818181818183,24.046356745404754,7.0,7.0,7.0,21.0,104.0
53,55.0,15.763636363636364,13.441180002712557,7.0,7.0,14.0,21.0,97.0
54,44.0,22.09090909090909,28.534612341504054,7.0,7.0,14.0,28.0,154.0
55,57.0,25.894736842105264,27.97108469379349,7.0,7.0,14.0,28.0,147.0
56,37.0,15.108108108108109,18.486907955787675,7.0,7.0,7.0,14.0,111.0
57,37.0,17.756756756756758,21.859914360670672,7.0,7.0,7.0,14.0,118.0
58,31.0,23.677419354838708,19.647539450313186,7.0,14.0,21.0,28.0,97.0
59,58.0,28.344827586206897,20.51234264648836,7.0,14.0,21.0,40.25,111.0
60,43.0,15.279069767441861,16.961196023353885,7.0,7.0,7.0,17.5,111.0
61,15.0,25.6,25.502941006872135,7.0,14.0,21.0,21.0,111.0
62,48.0,21.416666666666668,20.457359216166946,7.0,7.0,14.0,28.0,104.0
63,62.0,16.919354838709676,14.501891778340985,7.0,7.0,14.0,21.0,97.0
64,34.0,16.441176470588236,21.647578318574656,7.0,7.0,7.0,14.0,118.0
65,50.0,17.48,18.18413751440681,7.0,7.0,7.0,21.0,111.0
66,36.0,30.88888888888889,23.766456287053913,7.0,14.0,21.0,42.0,111.0
67,25.0,28.52,31.067292554496387,7.0,7.0,14.0,35.0,119.0
68,39.0,17.025641025641026,27.46910913763158,7.0,7.0,7.0,14.0,133.0
69,17.0,23.823529411764707,28.355412389254823,7.0,7.0,14.0,28.0,111.0
70,44.0,20.181818181818183,21.307573418609383,7.0,7.0,14.0,21.0,118.0
71,22.0,20.0,22.40535650240808,7.0,7.0,10.5,21.0,104.0
72,26.0,16.115384615384617,24.21128154076429,7.0,7.0,7.0,14.0,125.0
73,52.0,22.057692307692307,19.610334871843012,7.0,14.0,21.0,28.0,132.0
74,26.0,18.0,28.806943607401326,7.0,7.0,7.0,14.0,139.0
75,57.0,27.614035087719298,24.738456460947102,7.0,7.0,21.0,35.0,111.0
76,25.0,15.64,26.40530249779389,7.0,7.0,7.0,14.0,139.0
77,43.0,28.790697674418606,27.764792830673752,7.0,14.0,21.0,35.0,167.0
78,24.0,18.041666666666668,24.74650465729702,7.0,7.0,7.0,15.75,125.0
79,59.0,23.35593220338983,27.730079965479295,7.0,7.0,14.0,21.0,146.0
80,39.0,16.666666666666668,26.26718318131394,7.0,7.0,7.0,17.5,167.0
81,45.0,21.6,23.331991303397533,7.0,7.0,14.0,28.0,139.0
82,16.0,14.8125,27.737384519813688,7.0,7.0,7.0,7.0,118.0
83,37.0,24.37837837837838,25.779353658986004,7.0,7.0,21.0,28.0,146.0
84,21.0,19.61904761904762,32.62127555825521,7.0,7.0,7.0,7.0,139.0
85,33.0,19.272727272727273,26.158498532112755,7.0,7.0,14.0,21.0,146.0
86,48.0,24.333333333333332,28.98006162228103,7.0,7.0,14.0,28.0,154.0
87,39.0,17.923076923076923,29.419278154392337,7.0,7.0,7.0,14.0,147.0
88,35.0,18.571428571428573,24.970907442209523,7.0,7.0,14.0,21.0,146.0
89,54.0,22.666666666666668,20.056523899803675,7.0,14.0,21.0,26.25,139.0
