id,count,mean,std,min,25%,50%,75%,max
0,23.0,39.91304347826087,47.666371835420506,7.0,7.0,28.0,56.0,210.0
1,49.0,36.734693877551024,26.586945034330355,7.0,14.0,28.0,56.0,120.0
2,42.0,37.523809523809526,38.262404712744576,7.0,14.0,21.0,54.25,175.0
3,44.0,37.88636363636363,37.9217161256081,7.0,14.0,21.0,50.75,154.0
4,42.0,34.69047619047619,30.323047738608924,7.0,7.0,35.0,42.0,120.0
5,52.0,27.346153846153847,22.867808193696888,7.0,12.25,21.0,35.0,120.0
6,42.0,26.357142857142858,26.987640738183106,7.0,7.0,14.0,40.25,120.0
7,50.0,40.48,39.721602614770156,7.0,14.0,28.0,52.5,210.0
8,40.0,40.275,41.16507575042783,7.0,7.0,24.5,57.75,154.0
9,52.0,33.94230769230769,42.25386092651874,7.0,7.0,14.0,49.0,238.0
10,34.0,18.352941176470587,24.007426064425548,7.0,7.0,7.0,21.0,120.0
11,39.0,16.71794871794872,22.060859264112654,7.0,7.0,7.0,14.0,120.0
12,20.0,26.3,35.893262818939625,7.0,7.0,10.5,22.75,126.0
13,28.0,18.035714285714285,25.166824345138334,7.0,7.0,7.0,15.75,120.0
14,41.0,19.829268292682926,22.02146956838302,7.0,7.0,14.0,21.0,120.0
15,17.0,27.647058823529413,36.57003755889271,7.0,7.0,7.0,35.0,120.0
16,49.0,38.02040816326531,40.733120121467884,7.0,7.0,21.0,49.0,175.0
17,46.0,32.130434782608695,29.490946780817087,7.0,14.0,14.0,42.0,120.0
18,39.0,18.512820512820515,23.023868387383736,7.0,7.0,7.0,17.5,120.0
19,33.0,38.42424242424242,53.33270004358858,7.0,7.0,14.0,49.0,273.0
20,31.0,30.29032258064516,40.01682441872593,7.0,7.0,14.0,35.0,182.0
21,51.0,40.509803921568626,37.95332530834135,7.0,14.0,28.0,52.5,154.0
22,18.0,32.72222222222222,37.33285188765197,7.0,7.0,7.0,64.75,120.0
23,42.0,43.69047619047619,38.754693245440606,7.0,14.0,31.5,56.0,154.0
24,38.0,26.736842105263158,26.877785673882293,7.0,7.0,21.0,33.25,120.0
25,22.0,27.09090909090909,37.676453542168105,7.0,7.0,7.0,28.0,147.0
26,43.0,40.72093023255814,44.399874292719595,7.0,17.5,21.0,45.5,196.0
27,52.0,30.442307692307693,34.003121806818726,7.0,7.0,14.0,42.0,175.0
28,41.0,25.463414634146343,25.51283751464702,7.0,7.0,14.0,35.0,120.0
29,38.0,22.68421052631579,21.920131760254385,7.0,7.0,14.0,28.0,120.0
30,37.0,33.513513513513516,35.879134776528716,7.0,7.0,14.0,49.0,154.0
31,27.0,34.51851851851852,38.17608027827249,7.0,7.0,14.0,49.0,120.0
32,30.0,37.6,51.147926104853816,7.0,7.0,14.0,40.25,210.0
33,12.0,26.916666666666668,33.995877646704415,7.0,7.0,14.0,26.25,120.0
34,38.0,42.026315789473685,34.19932577342777,7.0,14.0,35.0,61.25,133.0
35,29.0,19.586206896551722,26.943747275413997,7.0,7.0,7.0,21.0,120.0
36,30.0,31.533333333333335,43.350801077061874,7.0,7.0,17.5,35.0,196.0
37,49.0,35.59183673469388,31.341478352275004,7.0,7.0,21.0,56.0,148.0
38,41.0,46.97560975609756,42.37775820219732,7.0,14.0,35.0,63.0,182.0
39,53.0,37.528301886792455,37.291782851116196,7.0,14.0,21.0,49.0,196.0
40,30.0,32.233333333333334,36.42723813523226,7.0,7.0,14.0,64.75,134.0
41,51.0,30.352941176470587,27.94195664545471,7.0,7.0,21.0,38.5,162.0
42,30.0,29.433333333333334,29.4918847205094,7.0,7.0,21.0,40.25,127.0
43,51.0,38.588235294117645,45.2884870449823,7.0,7.0,14.0,56.0,168.0
44,35.0,36.22857142857143,48.62163988952058,7.0,7.0,21.0,42.0,210.0
45,36.0,38.916666666666664,42.51881936272455,7.0,12.25,21.0,49.0,196.0
46,15.0,23.4,31.943700474428443,7.0,7.0,7.0,31.5,127.0
47,43.0,22.488372093023255,31.410016671228014,7.0,7.0,14.0,17.5,134.0
48,22.0,36.0,60.30478145774733,7.0,7.0,7.0,28.0,259.0
49,46.0,21.47826086956522,23.781168208325198,7.0,7.0,14.0,28.0,134.0
50,49.0,29.877551020408163,26.425707695554426,7.0,14.0,21.0,35.0,141.0
51,45.0,20.555555555555557,27.215934132545783,7.0,7.0,7.0,21.0,127.0
52,36.0,28.805555555555557,33.6832467424254,7.0,7.0,14.0,35.0,148.0
53,38.0,38.1578947368421,33.05975451241362,7.0,14.0,28.0,54.25,134.0
54,49.0,25.448979591836736,25.025870967602206,7.0,7.0,14.0,28.0,127.0
55,50.0,41.74,39.977958212709446,7.0,8.75,24.5,61.25,168.0
56,33.0,30.363636363636363,38.542037262755535,7.0,7.0,14.0,49.0,168.0
57,42.0,42.357142857142854,39.36311349261834,7.0,14.0,28.0,61.25,155.0
58,33.0,31.636363636363637,39.80406557581319,7.0,7.0,14.0,35.0,161.0
59,45.0,42.48888888888889,42.42513310753332,7.0,14.0,35.0,42.0,168.0
60,42.0,33.023809523809526,37.47746516094256,7.0,7.0,21.0,42.0,182.0
61,23.0,24.695652173913043,29.544165371691946,7.0,7.0,14.0,28.0,127.0
62,41.0,40.48780487804878,43.134163925605144,7.0,14.0,28.0,42.0,189.0
63,46.0,41.869565217391305,48.5791947674229,7.0,7.0,24.5,56.0,217.0
64,39.0,30.53846153846154,35.92524852776076,7.0,7.0,14.0,42.0,133.0
65,40.0,26.625,24.120092167192194,7.0,14.0,21.0,29.75,141.0
66,43.0,38.116279069767444,34.97972834869987,7.0,14.0,28.0,45.5,141.0
67,29.0,42.03448275862069,42.82562880750988,7.0,7.0,21.0,56.0,141.0
68,43.0,30.953488372093023,44.05405418258892,7.0,7.0,14.0,35.0,182.0
69,15.0,23.866666666666667,33.97450024160277,7.0,7.0,7.0,24.5,127.0
70,36.0,46.888888888888886,36.61754285099485,7.0,14.0,35.0,70.0,148.0
71,29.0,21.517241379310345,26.939907585024397,7.0,7.0,14.0,21.0,141.0
72,27.0,31.666666666666668,37.797028780254465,7.0,7.0,14.0,38.5,162.0
73,44.0,36.93181818181818,31.771273940151136,7.0,14.0,28.0,63.0,162.0
74,37.0,38.432432432432435,44.61722421550557,7.0,7.0,21.0,49.0,210.0
75,51.0,37.627450980392155,36.814649684229636,7.0,14.0,28.0,49.0,182.0
76,33.0,28.666666666666668,36.966764352140245,7.0,7.0,14.0,28.0,169.0
77,51.0,36.80392156862745,32.172671389142145,7.0,14.0,28.0,52.5,197.0
78,29.0,35.275862068965516,33.40219897778774,7.0,7.0,28.0,56.0,148.0
79,51.0,40.78431372549019,46.90429137104203,7.0,7.0,21.0,49.0,231.0
80,38.0,37.60526315789474,47.09480918988397,7.0,7.0,17.5,40.25,183.0
81,42.0,32.523809523809526,39.61167485898022,7.0,7.0,21.0,35.0,196.0
82,15.0,18.266666666666666,34.42479726398787,7.0,7.0,7.0,10.5,141.0
83,40.0,21.025,25.54682729059295,7.0,7.0,14.0,22.75,155.0
84,17.0,50.705882352941174,70.91611656200088,7.0,7.0,21.0,42.0,259.0
85,35.0,29.02857142857143,28.903984779515326,7.0,7.0,21.0,35.0,162.0
86,46.0,30.456521739130434,34.32569916532518,7.0,7.0,14.0,40.25,169.0
87,41.0,25.29268292682927,27.403689443612357,7.0,7.0,14.0,28.0,155.0
88,41.0,27.853658536585368,29.136369862776114,7.0,7.0,21.0,35.0,176.0
89,41.0,41.34146341463415,44.54301839575847,7.0,14.0,21.0,49.0,190.0
90,48.0,35.020833333333336,35.99674310523658,7.0,14.0,28.0,42.0,196.0
91,46.0,37.91304347826087,34.141422275234014,7.0,14.0,28.0,49.0,169.0
92,41.0,23.414634146341463,27.6667450287851,7.0,7.0,14.0,28.0,162.0
93,45.0,37.666666666666664,41.522721052893,7.0,7.0,28.0,49.0,210.0
94,31.0,36.61290322580645,40.50570117843893,7.0,14.0,21.0,35.0,162.0
95,47.0,43.361702127659576,51.705867773949684,7.0,7.0,28.0,45.5,224.0
96,42.0,31.523809523809526,35.994740872791674,7.0,7.0,21.0,35.0,169.0
97,22.0,21.681818181818183,34.11100417842615,7.0,7.0,7.0,14.0,141.0
98,45.0,40.77777777777778,44.91147296671981,7.0,7.0,28.0,42.0,196.0
99,49.0,40.02040816326531,45.47228542196443,7.0,14.0,28.0,42.0,238.0
100,42.0,29.023809523809526,33.34848378111693,7.0,7.0,14.0,42.0,162.0
101,45.0,26.31111111111111,28.1213460028161,7.0,7.0,21.0,28.0,169.0
102,37.0,38.62162162162162,38.15199962092518,7.0,14.0,28.0,49.0,190.0
103,26.0,48.23076923076923,63.900114361279634,7.0,7.0,21.0,47.25,210.0
104,43.0,32.58139534883721,44.61167504575004,7.0,7.0,14.0,35.0,183.0
105,19.0,22.894736842105264,33.27644267987341,7.0,7.0,14.0,17.5,148.0
106,43.0,36.81395348837209,37.69378868495918,7.0,7.0,28.0,52.5,176.0
107,27.0,26.22222222222222,34.4688636903302,7.0,7.0,14.0,24.5,155.0
108,29.0,29.724137931034484,40.49946785516724,7.0,7.0,14.0,28.0,176.0
109,43.0,36.325581395348834,42.06215408418298,7.0,14.0,21.0,38.5,183.0
110,45.0,45.91111111111111,45.66718646021363,7.0,21.0,35.0,56.0,232.0
111,48.0,46.833333333333336,44.24656896583312,7.0,14.0,35.0,57.75,183.0
112,35.0,43.628571428571426,90.58830132050414,7.0,7.0,21.0,42.0,533.0
113,46.0,37.30434782608695,36.29010857900991,7.0,14.0,28.0,56.0,218.0
114,24.0,36.5,36.55014423334415,7.0,7.0,28.0,43.75,162.0
115,48.0,42.895833333333336,63.06809544548311,7.0,7.0,17.5,43.75,301.0
116,39.0,33.58974358974359,43.383066032192524,7.0,7.0,14.0,31.5,211.0
117,32.0,40.5,45.441916134065956,7.0,14.0,28.0,42.0,211.0
118,8.0,30.75,59.14811915860047,7.0,7.0,7.0,12.25,176.0
119,37.0,28.027027027027028,47.052858271007,7.0,7.0,7.0,21.0,210.0
