id,count,mean,std,min,25%,50%,75%,max
0,18.0,16.444444444444443,22.69807512497668,7.0,7.0,7.0,12.25,100.0
1,60.0,28.5,17.564891793825932,7.0,14.0,24.5,42.0,100.0
2,60.0,19.166666666666668,17.104035272381484,7.0,7.0,14.0,21.0,100.0
3,48.0,22.354166666666668,18.98094182284613,7.0,7.0,14.0,28.0,100.0
4,27.0,21.074074074074073,34.412571412567694,7.0,7.0,7.0,17.5,161.0
5,32.0,13.40625,17.407561158412484,7.0,7.0,7.0,14.0,100.0
6,22.0,18.545454545454547,20.925553466486566,7.0,7.0,7.0,26.25,100.0
7,42.0,14.047619047619047,20.0072576843119,7.0,7.0,7.0,12.25,100.0
8,35.0,20.457142857142856,23.80353762282709,7.0,7.0,14.0,21.0,100.0
9,49.0,17.897959183673468,17.5217066543654,7.0,7.0,7.0,21.0,100.0
10,29.0,13.10344827586207,18.256789006492525,7.0,7.0,7.0,7.0,100.0
11,22.0,21.727272727272727,23.67072095021675,7.0,7.0,10.5,26.25,100.0
12,36.0,24.166666666666668,26.003845869409396,7.0,7.0,14.0,28.0,105.0
13,38.0,17.92105263157895,17.9765336209232,7.0,7.0,7.0,21.0,100.0
14,45.0,25.244444444444444,23.091867473947268,7.0,7.0,14.0,35.0,100.0
15,49.0,16.612244897959183,16.357740683606306,7.0,7.0,7.0,21.0,100.0
16,55.0,30.963636363636365,44.85159216644733,7.0,7.0,21.0,42.0,315.0
17,62.0,25.774193548387096,24.76540378731609,7.0,7.0,17.5,28.0,126.0
18,44.0,17.545454545454547,16.731052518990985,7.0,7.0,14.0,21.0,100.0
19,32.0,13.1875,17.891135848108803,7.0,7.0,7.0,7.0,100.0
20,33.0,13.636363636363637,17.273205734999983,7.0,7.0,7.0,14.0,100.0
21,54.0,25.574074074074073,29.951282362600452,7.0,7.0,14.0,28.0,175.0
22,25.0,16.6,19.926949925498718,7.0,7.0,7.0,14.0,100.0
23,63.0,21.365079365079364,26.894238252891206,7.0,7.0,14.0,21.0,189.0
24,37.0,17.45945945945946,19.30830937215402,7.0,7.0,7.0,21.0,100.0
25,43.0,16.976744186046513,22.531975556542314,7.0,7.0,7.0,14.0,100.0
26,39.0,17.46153846153846,19.35111332829547,7.0,7.0,7.0,21.0,100.0
27,45.0,22.91111111111111,27.86071054225272,7.0,7.0,14.0,28.0,140.0
28,47.0,24.617021276595743,20.377473913815546,7.0,7.0,21.0,31.5,100.0
29,61.0,22.295081967213115,20.152207705604766,7.0,7.0,14.0,28.0,100.0
30,39.0,24.82051282051282,22.244895091342446,7.0,7.0,21.0,31.5,100.0
31,27.0,19.0,21.18598956494961,7.0,7.0,14.0,21.0,100.0
32,25.0,15.76,19.029100521744763,7.0,7.0,7.0,21.0,100.0
33,8.0,18.625,32.88046532517446,7.0,7.0,7.0,7.0,100.0
34,48.0,20.3125,20.393111321269792,7.0,7.0,14.0,21.0,100.0
35,27.0,14.851851851851851,18.999400200459174,7.0,7.0,7.0,14.0,100.0
36,19.0,16.68421052631579,28.33147568729668,7.0,7.0,7.0,7.0,121.0
37,47.0,27.4468085106383,20.606888369878206,7.0,14.0,28.0,35.0,114.0
38,47.0,27.595744680851062,30.840867561295923,7.0,14.0,21.0,28.0,161.0
39,56.0,27.160714285714285,24.368964454228013,7.0,14.0,21.0,35.0,133.0
40,28.0,22.071428571428573,35.74387134355117,7.0,7.0,10.5,15.75,161.0
41,57.0,18.087719298245613,16.946639681400796,7.0,7.0,14.0,21.0,121.0
42,29.0,15.517241379310345,18.99364685071446,7.0,7.0,7.0,14.0,107.0
43,61.0,22.983606557377048,28.09002895648127,7.0,7.0,14.0,28.0,161.0
44,41.0,18.317073170731707,25.964821417054118,7.0,7.0,7.0,14.0,149.0
45,38.0,20.5,22.239178965984358,7.0,7.0,7.0,35.0,128.0
46,10.0,17.7,31.45384625835836,7.0,7.0,7.0,7.0,107.0
47,45.0,16.22222222222222,20.39595424330398,7.0,7.0,7.0,14.0,114.0
48,19.0,13.368421052631579,22.942465542007437,7.0,7.0,7.0,7.0,107.0
49,38.0,20.68421052631579,20.82371992517303,7.0,7.0,14.0,26.25,114.0
50,42.0,26.88095238095238,28.24302407368845,7.0,7.0,17.5,28.0,140.0
51,43.0,17.13953488372093,18.515863720127278,7.0,7.0,7.0,21.0,107.0
52,26.0,16.76923076923077,27.799723296907388,7.0,7.0,7.0,14.0,142.0
53,40.0,22.275,23.112864105936485,7.0,7.0,14.0,28.0,114.0
54,48.0,23.083333333333332,18.67964341239373,7.0,7.0,21.0,28.0,107.0
55,58.0,22.482758620689655,21.10312305756708,7.0,7.0,14.0,28.0,128.0
56,39.0,14.41025641025641,19.55386346092028,7.0,7.0,7.0,14.0,121.0
57,37.0,26.54054054054054,25.995292944209254,7.0,7.0,21.0,35.0,128.0
58,38.0,18.842105263157894,20.12733292274997,7.0,7.0,14.0,21.0,114.0
59,60.0,27.216666666666665,32.27587211686084,7.0,7.0,21.0,29.75,203.0
60,40.0,19.125,22.19862261839338,7.0,7.0,7.0,21.0,121.0
61,11.0,26.90909090909091,31.15591290735852,7.0,7.0,14.0,24.5,107.0
62,56.0,20.160714285714285,18.537212486057516,7.0,7.0,14.0,28.0,114.0
63,56.0,25.660714285714285,26.341309959635844,7.0,7.0,14.0,29.75,128.0
64,38.0,20.5,23.139704966700545,7.0,7.0,14.0,21.0,114.0
65,42.0,16.047619047619047,19.588389269993566,7.0,7.0,7.0,14.0,121.0
66,40.0,28.925,27.783399858410196,7.0,7.0,17.5,36.75,128.0
67,33.0,16.393939393939394,18.955440172183085,7.0,7.0,7.0,21.0,107.0
68,35.0,14.457142857142857,20.034298321720613,7.0,7.0,7.0,14.0,121.0
69,10.0,27.5,36.58855315836119,7.0,7.0,7.0,29.75,114.0
70,44.0,23.113636363636363,24.39425772031522,7.0,7.0,14.0,28.0,135.0
71,26.0,30.5,32.491537359749536,7.0,7.0,14.0,45.5,126.0
72,18.0,17.61111111111111,31.423368765540772,7.0,7.0,7.0,14.0,142.0
73,45.0,27.11111111111111,24.102265286051267,7.0,14.0,21.0,35.0,156.0
74,28.0,21.321428571428573,29.308137627917123,7.0,7.0,10.5,21.0,149.0
75,55.0,33.50909090909091,45.1490833864845,7.0,14.0,21.0,35.0,315.0
76,23.0,21.695652173913043,43.404476918870834,7.0,7.0,14.0,14.0,219.0
77,52.0,26.557692307692307,21.11445324289991,7.0,14.0,21.0,35.0,142.0
78,29.0,18.17241379310345,24.695385580418,7.0,7.0,7.0,21.0,135.0
79,54.0,32.96296296296296,37.126994178300826,7.0,7.0,21.0,40.25,177.0
80,34.0,22.5,34.381328618535925,7.0,7.0,7.0,21.0,177.0
81,35.0,17.257142857142856,26.626328033317233,7.0,7.0,7.0,17.5,156.0
82,16.0,14.5625,28.436991753699967,7.0,7.0,7.0,7.0,121.0
83,44.0,15.159090909090908,21.17803072055675,7.0,7.0,7.0,14.0,135.0
84,26.0,15.153846153846153,25.242333184858023,7.0,7.0,7.0,14.0,135.0
85,36.0,20.27777777777778,27.574948373075475,7.0,7.0,10.5,21.0,163.0
86,43.0,25.11627906976744,28.12320623048109,7.0,7.0,14.0,28.0,142.0
87,35.0,16.257142857142856,22.089847091770803,7.0,7.0,7.0,14.0,128.0
88,27.0,17.703703703703702,28.24728007983834,7.0,7.0,7.0,14.0,149.0
89,50.0,21.6,28.37503933288652,7.0,7.0,14.0,21.0,163.0
90,54.0,22.85185185185185,20.801312918838786,7.0,7.0,21.0,28.0,142.0
91,56.0,25.535714285714285,23.583479800074446,7.0,7.0,17.5,35.0,142.0
92,41.0,16.097560975609756,23.45933170195688,7.0,7.0,7.0,14.0,149.0
93,41.0,23.78048780487805,30.036238275724504,7.0,7.0,14.0,28.0,156.0
94,28.0,21.321428571428573,24.99192991440559,7.0,7.0,14.0,21.0,135.0
95,57.0,22.87719298245614,32.769797819376414,7.0,7.0,14.0,28.0,203.0
96,36.0,20.666666666666668,26.359059163786558,7.0,7.0,7.0,28.0,149.0
97,18.0,21.11111111111111,33.43279279370672,7.0,7.0,7.0,14.0,142.0
98,57.0,20.17543859649123,21.685349569811233,7.0,7.0,14.0,21.0,135.0
99,56.0,30.535714285714285,30.261264941243883,7.0,7.0,21.0,42.0,142.0
