id,count,mean,std,min,25%,50%,75%,max
0,28.0,43.642857142857146,65.11767939133095,7.0,7.0,21.0,38.5,315.0
1,48.0,46.166666666666664,31.620309480319857,7.0,21.0,38.5,63.0,133.0
2,34.0,39.23529411764706,45.11470822687122,7.0,7.0,21.0,54.25,182.0
3,43.0,42.41860465116279,40.210299887644005,7.0,14.0,28.0,52.5,182.0
4,31.0,52.96774193548387,62.426214510128005,7.0,14.0,28.0,73.5,231.0
5,46.0,38.58695652173913,35.07932349972085,7.0,14.0,28.0,54.25,154.0
6,38.0,29.763157894736842,30.205095516544628,7.0,7.0,21.0,40.25,130.0
7,39.0,36.0,68.80521706045874,7.0,7.0,14.0,31.5,371.0
8,30.0,66.86666666666666,68.43105432040558,7.0,14.0,38.5,110.25,245.0
9,55.0,30.618181818181817,28.10726208327986,7.0,7.0,21.0,38.5,130.0
10,10.0,22.8,38.397916610149565,7.0,7.0,7.0,17.5,130.0
11,30.0,17.633333333333333,26.30521560101897,7.0,7.0,7.0,19.25,130.0
12,35.0,52.91428571428571,84.23090512484869,7.0,7.0,14.0,45.5,343.0
13,38.0,25.526315789473685,25.875728836430884,7.0,7.0,17.5,28.0,130.0
14,39.0,54.30769230769231,72.51067211693878,7.0,14.0,28.0,49.0,371.0
15,39.0,29.0,30.481228045436335,7.0,7.0,21.0,42.0,130.0
16,34.0,36.55882352941177,36.688030561107574,7.0,14.0,21.0,54.25,147.0
17,38.0,52.05263157894737,43.29905271320145,7.0,21.0,42.0,63.0,175.0
18,47.0,31.06382978723404,26.621668401738777,7.0,14.0,21.0,42.0,130.0
19,46.0,46.34782608695652,60.30928338022058,7.0,7.0,24.5,49.0,315.0
20,33.0,36.60606060606061,59.711252809844915,7.0,7.0,14.0,42.0,280.0
21,35.0,54.714285714285715,56.93885855411381,7.0,17.5,35.0,77.0,308.0
22,22.0,32.0,42.2532050066422,7.0,7.0,14.0,43.75,161.0
23,43.0,60.0,70.47931138520958,7.0,21.0,42.0,73.5,413.0
24,30.0,49.13333333333333,47.349568204952014,7.0,14.0,28.0,61.25,175.0
25,18.0,28.22222222222222,33.368804656190584,7.0,7.0,14.0,33.25,130.0
26,40.0,52.075,57.94267171203107,7.0,19.25,28.0,63.0,273.0
27,44.0,49.25,43.306976182210086,7.0,14.0,31.5,71.75,175.0
28,38.0,41.921052631578945,68.22790963319976,7.0,7.0,14.0,40.25,343.0
29,37.0,30.756756756756758,24.81980101698083,7.0,7.0,28.0,49.0,130.0
30,31.0,54.096774193548384,68.30488261645218,7.0,14.0,28.0,49.0,259.0
31,30.0,22.3,29.281216763864407,7.0,7.0,7.0,26.25,130.0
32,32.0,32.71875,39.97114634736638,7.0,7.0,14.0,33.25,147.0
33,11.0,23.90909090909091,36.74630469980497,7.0,7.0,7.0,17.5,130.0
34,35.0,54.31428571428572,58.377962919425755,7.0,14.0,42.0,70.0,259.0
35,27.0,31.0,34.35784536989388,7.0,10.5,14.0,35.0,130.0
36,27.0,45.77777777777778,65.93431074435625,7.0,7.0,21.0,56.0,315.0
37,46.0,39.34782608695652,36.22106041229748,7.0,14.0,28.0,54.25,161.0
38,44.0,41.77272727272727,44.80181871119594,7.0,14.0,28.0,49.0,189.0
39,50.0,41.38,41.218130546087195,7.0,14.0,28.0,54.25,161.0
40,26.0,59.38461538461539,64.97511949851383,7.0,7.0,28.0,105.0,217.0
41,43.0,40.95348837209303,38.92419585882043,7.0,14.0,28.0,59.5,158.0
42,31.0,31.967741935483872,28.131220936849676,7.0,7.0,28.0,45.5,137.0
43,48.0,40.625,77.42274804534915,7.0,7.0,14.0,36.75,413.0
44,31.0,51.38709677419355,58.06414695223139,7.0,7.0,21.0,70.0,196.0
45,32.0,42.78125,42.34400926893605,7.0,19.25,28.0,50.75,168.0
46,27.0,15.185185185185185,25.275462465581175,7.0,7.0,7.0,14.0,137.0
47,46.0,15.304347826086957,22.118739732249555,7.0,7.0,7.0,14.0,144.0
48,25.0,41.04,51.19772130345907,7.0,7.0,14.0,42.0,196.0
49,43.0,24.674418604651162,27.57821857072867,7.0,7.0,14.0,28.0,144.0
50,39.0,61.12820512820513,86.81019206690915,7.0,17.5,35.0,63.0,504.0
51,39.0,34.92307692307692,42.53876536412938,7.0,7.0,14.0,28.0,154.0
52,43.0,32.16279069767442,35.70909596844648,7.0,7.0,21.0,42.0,172.0
53,37.0,45.32432432432432,41.198067682608375,7.0,14.0,35.0,63.0,189.0
54,42.0,35.42857142857143,31.269983157812785,7.0,8.75,31.5,49.0,140.0
55,42.0,54.42857142857143,64.06480821455679,7.0,14.0,35.0,61.25,336.0
56,37.0,41.16216216216216,51.72873342603569,7.0,7.0,28.0,42.0,252.0
57,36.0,59.80555555555556,44.21946529653101,7.0,26.25,49.0,77.0,158.0
58,28.0,27.642857142857142,30.73568837170464,7.0,7.0,14.0,36.75,144.0
59,42.0,62.42857142857143,81.2122010709441,7.0,14.0,28.0,75.25,413.0
60,31.0,51.83870967741935,58.639063643157165,7.0,7.0,35.0,70.0,238.0
61,18.0,29.77777777777778,35.053833482660146,7.0,7.0,14.0,38.5,137.0
62,40.0,57.325,84.00347596593235,7.0,14.0,28.0,63.0,497.0
63,43.0,50.395348837209305,53.70028799021993,7.0,7.0,28.0,70.0,182.0
64,40.0,39.125,49.671323564159074,7.0,7.0,14.0,42.0,189.0
65,42.0,29.761904761904763,28.50657564177039,7.0,7.0,28.0,40.25,144.0
66,35.0,52.51428571428571,57.44735258763219,7.0,14.0,35.0,49.0,189.0
67,33.0,25.151515151515152,37.69625413429795,7.0,7.0,14.0,21.0,182.0
68,41.0,31.0,41.742065114222605,7.0,7.0,14.0,28.0,161.0
69,13.0,22.923076923076923,37.24795640582523,7.0,7.0,7.0,21.0,144.0
70,35.0,56.51428571428571,53.16532009218229,7.0,17.5,35.0,73.5,203.0
71,26.0,30.576923076923077,31.707630724383147,7.0,7.0,14.0,42.0,137.0
72,29.0,43.10344827586207,72.3001406971493,7.0,7.0,14.0,49.0,371.0
73,45.0,38.2,34.48359293661526,7.0,21.0,28.0,42.0,179.0
74,29.0,38.03448275862069,40.11900401005265,7.0,7.0,21.0,56.0,179.0
75,45.0,43.8,48.416094243734506,7.0,7.0,28.0,49.0,182.0
76,25.0,59.8,58.98728676587862,7.0,7.0,28.0,112.0,172.0
77,42.0,45.76190476190476,39.5836930725141,7.0,15.75,35.0,56.0,186.0
78,30.0,35.833333333333336,35.23133727857604,7.0,8.75,28.0,42.0,172.0
79,47.0,52.659574468085104,88.58876084267727,7.0,7.0,21.0,66.5,497.0
80,33.0,51.24242424242424,58.01186856100563,7.0,7.0,28.0,70.0,203.0
81,35.0,39.714285714285715,39.23801535169046,7.0,14.0,28.0,49.0,179.0
82,30.0,19.266666666666666,28.12647952685711,7.0,7.0,14.0,19.25,158.0
83,42.0,15.595238095238095,23.772354843809158,7.0,7.0,7.0,14.0,151.0
84,23.0,34.26086956521739,50.1409081682488,7.0,7.0,14.0,31.5,175.0
85,37.0,32.83783783783784,43.87388081099525,7.0,7.0,14.0,28.0,207.0
86,33.0,64.60606060606061,97.28435748937859,7.0,14.0,28.0,70.0,518.0
87,38.0,27.36842105263158,35.18093852183853,7.0,7.0,14.0,35.0,161.0
88,45.0,31.977777777777778,34.33821677538208,7.0,14.0,21.0,42.0,179.0
89,39.0,54.12820512820513,58.11113648463402,7.0,14.0,28.0,70.0,221.0
90,49.0,42.36734693877551,54.1051036862324,7.0,7.0,21.0,56.0,301.0
91,43.0,51.2093023255814,62.392978138010314,7.0,14.0,35.0,59.5,371.0
92,33.0,41.27272727272727,45.662671247470236,7.0,14.0,28.0,49.0,210.0
93,36.0,58.25,48.2643760966616,7.0,21.0,52.5,77.0,238.0
94,21.0,33.523809523809526,48.57943911534905,7.0,7.0,14.0,28.0,179.0
95,42.0,54.76190476190476,60.542994005191545,7.0,14.0,28.0,70.0,273.0
96,30.0,58.93333333333333,69.75718147844057,7.0,14.0,24.5,80.5,245.0
97,16.0,28.6875,41.61044540336797,7.0,7.0,14.0,28.0,172.0
98,39.0,60.76923076923077,80.80270368667699,7.0,14.0,35.0,70.0,462.0
99,42.0,57.76190476190476,54.96864273463799,7.0,14.0,38.5,77.0,186.0
100,36.0,50.666666666666664,49.79156555080388,7.0,7.0,35.0,78.75,179.0
101,47.0,32.851063829787236,29.81681661733005,7.0,14.0,21.0,49.0,172.0
102,30.0,59.63333333333333,59.04380801039019,7.0,21.0,35.0,68.25,207.0
103,25.0,28.44,38.8341344695617,7.0,7.0,14.0,28.0,154.0
104,41.0,28.78048780487805,38.392389997968316,7.0,7.0,14.0,28.0,200.0
105,13.0,21.846153846153847,43.33944730044089,7.0,7.0,7.0,14.0,165.0
106,34.0,53.85294117647059,62.21718185806934,7.0,14.0,28.0,64.75,231.0
107,24.0,42.166666666666664,51.864092183041386,7.0,7.0,14.0,59.5,175.0
108,28.0,46.642857142857146,79.8805656083178,7.0,7.0,14.0,36.75,336.0
109,46.0,34.78260869565217,42.05917156867783,7.0,8.75,21.0,42.0,249.0
110,40.0,49.625,65.35766978710303,7.0,14.0,31.5,57.75,350.0
111,45.0,53.75555555555555,53.11443715548,7.0,14.0,35.0,84.0,189.0
112,28.0,64.14285714285714,92.88372431909826,7.0,7.0,21.0,84.0,424.0
113,41.0,48.073170731707314,43.16965962565749,7.0,21.0,42.0,63.0,235.0
114,29.0,38.758620689655174,39.015249008207206,7.0,14.0,21.0,56.0,179.0
115,44.0,47.02272727272727,76.5267816432135,7.0,7.0,17.5,43.75,420.0
116,29.0,53.48275862068966,60.09790862159561,7.0,7.0,14.0,91.0,221.0
117,40.0,33.175,41.77773146251297,7.0,7.0,14.0,43.75,214.0
118,25.0,28.44,38.029681390548966,7.0,7.0,14.0,28.0,186.0
119,36.0,19.555555555555557,33.41124228625915,7.0,7.0,7.0,15.75,200.0
120,20.0,75.8,103.16496753411883,7.0,7.0,21.0,110.25,399.0
121,40.0,37.725,53.65081188001367,7.0,7.0,14.0,36.75,270.0
122,36.0,60.388888888888886,88.47058519329711,7.0,7.0,28.0,70.0,469.0
123,37.0,37.75675675675676,75.565058579201,7.0,7.0,14.0,42.0,459.0
124,41.0,30.829268292682926,36.640075354060336,7.0,7.0,21.0,35.0,193.0
125,38.0,55.36842105263158,72.89956847558175,7.0,14.0,35.0,63.0,378.0
126,42.0,45.42857142857143,54.36289213987649,7.0,7.0,21.0,54.25,210.0
127,42.0,51.26190476190476,61.45474619937611,7.0,7.0,28.0,61.25,224.0
128,32.0,47.15625,82.02757576256823,7.0,7.0,14.0,36.75,336.0
129,35.0,62.91428571428571,57.38229457848855,7.0,24.5,49.0,80.5,273.0
