id,count,mean,std,min,25%,50%,75%,max
0,25.0,54.32,55.01720942880812,7.0,14.0,21.0,70.0,196.0
1,44.0,52.97727272727273,49.275914507277705,7.0,14.0,42.0,77.0,182.0
2,44.0,49.31818181818182,60.855441646681726,7.0,14.0,28.0,64.75,336.0
3,44.0,56.47727272727273,68.6753361625567,7.0,14.0,31.5,63.0,357.0
4,26.0,64.61538461538461,61.70515500220508,7.0,15.75,45.5,103.25,252.0
5,45.0,49.93333333333333,46.447135149935384,7.0,21.0,28.0,70.0,175.0
6,15.0,25.2,37.21021365163065,7.0,7.0,14.0,21.0,140.0
7,34.0,50.23529411764706,53.128237554698245,7.0,7.0,28.0,91.0,182.0
8,40.0,50.225,43.668616613342316,7.0,14.0,31.5,77.0,161.0
9,27.0,69.22222222222223,85.84930147707996,7.0,14.0,42.0,98.0,420.0
10,28.0,24.75,60.049747894743255,7.0,7.0,7.0,7.0,301.0
11,24.0,23.625,31.495772663203134,7.0,7.0,7.0,29.75,140.0
12,22.0,35.0,39.18332978874222,7.0,7.0,21.0,45.5,140.0
13,43.0,32.06976744186046,32.77004682621385,7.0,7.0,14.0,52.5,140.0
14,40.0,45.325,57.0444664612279,7.0,7.0,21.0,50.75,266.0
15,16.0,26.25,32.98181317029129,7.0,7.0,17.5,22.75,140.0
16,35.0,70.6,78.96581538868574,7.0,21.0,42.0,80.5,364.0
17,43.0,58.604651162790695,51.6435307039119,7.0,14.0,42.0,94.5,196.0
18,38.0,26.157894736842106,29.817939744107317,7.0,7.0,14.0,33.25,140.0
19,46.0,47.630434782608695,57.318741823693294,7.0,7.0,21.0,70.0,280.0
20,34.0,38.088235294117645,80.99770578384297,7.0,7.0,14.0,28.0,469.0
21,42.0,60.666666666666664,60.74322873702364,7.0,21.0,42.0,70.0,259.0
22,37.0,50.13513513513514,86.38870880508058,7.0,7.0,14.0,49.0,441.0
23,41.0,63.853658536585364,70.40474450475968,7.0,28.0,42.0,77.0,336.0
24,29.0,56.96551724137931,49.69944147330652,7.0,14.0,42.0,84.0,196.0
25,32.0,33.03125,34.48747727378269,7.0,7.0,21.0,49.0,140.0
26,42.0,63.333333333333336,57.743193735402514,7.0,28.0,42.0,77.0,280.0
27,31.0,50.806451612903224,54.069966620320564,7.0,14.0,28.0,63.0,238.0
28,34.0,48.588235294117645,60.041963934860426,7.0,7.0,31.5,63.0,301.0
29,43.0,35.81395348837209,35.07356609698663,7.0,14.0,21.0,42.0,147.0
30,29.0,63.724137931034484,68.64551621593158,7.0,14.0,28.0,91.0,308.0
31,26.0,57.88461538461539,88.68881639669208,7.0,7.0,17.5,68.25,399.0
32,30.0,48.766666666666666,76.05020271724024,7.0,7.0,21.0,40.25,357.0
33,16.0,39.375,45.13959828502391,7.0,7.0,17.5,57.75,140.0
34,38.0,62.078947368421055,66.19152455704842,7.0,14.0,45.5,70.0,301.0
35,27.0,27.48148148148148,26.685303316721228,7.0,10.5,21.0,35.0,140.0
36,25.0,55.16,63.36578992905661,7.0,7.0,28.0,70.0,210.0
37,35.0,58.8,53.15338515034745,7.0,21.0,35.0,77.0,182.0
38,40.0,61.25,59.644996781168835,7.0,21.0,49.0,78.75,315.0
39,42.0,58.5,72.41386809640075,7.0,14.0,28.0,73.5,357.0
40,27.0,59.370370370370374,57.17795981249321,7.0,14.0,35.0,87.5,175.0
41,39.0,49.0,52.08697180273535,7.0,14.0,28.0,66.5,175.0
42,36.0,19.63888888888889,26.76367770775243,7.0,7.0,10.5,21.0,147.0
43,43.0,55.348837209302324,65.2883289070326,7.0,14.0,28.0,63.0,252.0
44,40.0,48.475,46.98116780376078,7.0,7.0,35.0,70.0,189.0
45,33.0,61.93939393939394,83.71004248070366,7.0,14.0,28.0,91.0,413.0
46,13.0,35.53846153846154,46.56109854197919,7.0,7.0,7.0,42.0,147.0
47,41.0,25.951219512195124,34.44412229939399,7.0,7.0,14.0,28.0,154.0
48,24.0,42.0,66.47196205266124,7.0,7.0,14.0,42.0,294.0
49,42.0,33.0,33.8115292791545,7.0,14.0,21.0,40.25,168.0
50,41.0,52.75609756097561,66.42807406804931,7.0,14.0,35.0,49.0,294.0
51,35.0,20.2,26.99215572325107,7.0,7.0,7.0,21.0,147.0
52,31.0,54.645161290322584,70.28918759292297,7.0,10.5,21.0,73.5,273.0
53,38.0,51.026315789473685,45.62448775994139,7.0,14.0,38.5,68.25,161.0
54,45.0,37.644444444444446,46.22334885961833,7.0,14.0,21.0,49.0,266.0
55,42.0,56.0,59.31643131873532,7.0,14.0,42.0,70.0,294.0
56,34.0,45.088235294117645,77.51299701264526,7.0,7.0,17.5,40.25,378.0
57,38.0,51.578947368421055,50.54119624406351,7.0,15.75,42.0,61.25,252.0
58,22.0,50.27272727272727,88.032018968307,7.0,8.75,17.5,49.0,399.0
59,40.0,71.575,74.10626033280063,7.0,28.0,42.0,92.75,357.0
60,31.0,53.74193548387097,68.5234596042044,7.0,7.0,35.0,63.0,301.0
61,19.0,39.421052631578945,68.63374274564119,7.0,7.0,14.0,28.0,287.0
62,44.0,59.18181818181818,56.95745973859043,7.0,21.0,49.0,77.0,315.0
63,41.0,55.146341463414636,62.86754368337042,7.0,14.0,28.0,70.0,287.0
64,32.0,47.46875,58.2884841030564,7.0,7.0,24.5,63.0,231.0
65,42.0,37.333333333333336,37.5107572646715,7.0,14.0,21.0,42.0,161.0
66,34.0,63.411764705882355,67.84434843797428,7.0,14.0,42.0,91.0,301.0
67,27.0,68.44444444444444,98.40940126029756,7.0,7.0,14.0,80.5,343.0
68,36.0,46.666666666666664,75.85512507405151,7.0,7.0,14.0,43.75,364.0
69,13.0,48.46153846153846,46.823454565376714,7.0,7.0,35.0,84.0,154.0
70,41.0,58.73170731707317,62.6857337798019,7.0,14.0,42.0,77.0,287.0
71,28.0,29.0,30.045644288993717,7.0,12.25,21.0,29.75,147.0
72,28.0,50.75,61.5465045491799,7.0,7.0,17.5,57.75,196.0
73,34.0,54.76470588235294,48.816948636240035,7.0,14.0,35.0,75.25,189.0
74,30.0,52.03333333333333,57.00724898450731,7.0,7.0,35.0,63.0,189.0
75,41.0,65.90243902439025,81.30215399300586,7.0,14.0,21.0,98.0,329.0
76,23.0,67.56521739130434,76.203570715048,7.0,7.0,42.0,87.5,301.0
77,38.0,57.6578947368421,53.667785050296565,7.0,21.0,42.0,63.0,196.0
78,35.0,27.6,34.206294570375405,7.0,14.0,21.0,21.0,175.0
79,38.0,68.52631578947368,86.67171265902695,7.0,7.0,28.0,84.0,399.0
80,33.0,54.515151515151516,49.55181707826239,7.0,21.0,49.0,77.0,217.0
81,32.0,54.03125,62.6158201049811,7.0,14.0,31.5,70.0,266.0
82,23.0,27.08695652173913,34.50680175833357,7.0,7.0,14.0,31.5,168.0
83,38.0,39.05263157894737,48.814014031429515,7.0,7.0,17.5,47.25,217.0
84,24.0,43.166666666666664,58.84442766028631,7.0,7.0,14.0,52.5,238.0
85,41.0,32.09756097560975,42.54985597980842,7.0,7.0,21.0,28.0,245.0
86,40.0,50.575,63.178983644555224,7.0,14.0,28.0,52.5,266.0
87,34.0,28.0,28.10586049099714,7.0,14.0,21.0,33.25,161.0
88,34.0,54.35294117647059,69.93758358098991,7.0,14.0,21.0,71.75,280.0
89,38.0,66.13157894736842,71.28783340819203,7.0,22.75,38.5,75.25,315.0
90,47.0,40.659574468085104,50.322126085133064,7.0,14.0,28.0,49.0,287.0
91,41.0,52.58536585365854,60.27975431675054,7.0,14.0,21.0,70.0,217.0
92,35.0,37.6,61.56737103751132,7.0,7.0,14.0,38.5,322.0
93,38.0,52.86842105263158,51.58575701847628,7.0,14.0,38.5,63.0,217.0
94,25.0,61.04,87.48879928310824,7.0,7.0,14.0,63.0,322.0
95,39.0,66.58974358974359,75.95244978853475,7.0,14.0,49.0,77.0,371.0
96,33.0,51.333333333333336,62.89458773747282,7.0,7.0,35.0,63.0,294.0
97,20.0,32.9,64.16007940669715,7.0,7.0,7.0,17.5,245.0
98,42.0,58.666666666666664,50.80698370791101,7.0,21.0,42.0,80.5,196.0
99,38.0,77.92105263157895,77.30332728720563,7.0,14.0,49.0,119.0,343.0
100,34.0,58.05882352941177,56.9081882463593,7.0,7.0,42.0,85.75,203.0
101,41.0,43.36585365853659,41.09243001914159,7.0,14.0,35.0,56.0,182.0
102,31.0,63.45161290322581,66.13513373373108,7.0,14.0,42.0,87.5,231.0
103,27.0,63.25925925925926,90.5948685049556,7.0,7.0,14.0,73.5,322.0
104,38.0,45.86842105263158,70.14547472550579,7.0,7.0,21.0,42.0,336.0
105,17.0,31.294117647058822,47.354731423959045,7.0,7.0,14.0,21.0,168.0
106,38.0,52.86842105263158,61.64421502532248,7.0,14.0,28.0,78.75,266.0
107,21.0,40.333333333333336,49.44323344334726,7.0,7.0,14.0,42.0,168.0
108,29.0,47.793103448275865,63.52748522734348,7.0,7.0,14.0,56.0,231.0
109,35.0,55.2,76.41327263829314,7.0,7.0,21.0,63.0,350.0
110,38.0,60.05263157894737,73.84166675830375,7.0,14.0,35.0,68.25,287.0
111,41.0,69.3170731707317,86.96362429901087,7.0,14.0,28.0,77.0,322.0
112,18.0,103.83333333333333,132.1030123893961,7.0,24.5,56.0,115.5,518.0
113,37.0,57.7027027027027,58.36611691387053,7.0,28.0,35.0,63.0,259.0
114,31.0,36.806451612903224,36.46132138292916,7.0,14.0,28.0,42.0,182.0
115,37.0,77.1891891891892,99.53638023853888,7.0,14.0,28.0,98.0,350.0
116,32.0,63.21875,69.62606778007881,7.0,14.0,42.0,84.0,259.0
117,31.0,67.96774193548387,98.70072065625719,7.0,10.5,28.0,70.0,392.0
118,16.0,31.9375,48.42791034104197,7.0,7.0,10.5,35.0,196.0
119,35.0,38.2,63.327254610243365,7.0,7.0,14.0,38.5,294.0
120,18.0,80.11111111111111,104.60732675323233,7.0,7.0,10.5,171.5,280.0
121,38.0,40.71052631578947,55.972921974023286,7.0,7.0,21.0,35.0,287.0
122,36.0,61.44444444444444,68.81214363112888,7.0,19.25,35.0,63.0,259.0
123,33.0,36.90909090909091,58.15354870747552,7.0,7.0,28.0,35.0,343.0
124,32.0,49.65625,52.15214057092031,7.0,19.25,35.0,57.75,196.0
125,36.0,61.638888888888886,63.582186534000584,7.0,14.0,38.5,84.0,266.0
126,44.0,45.02272727272727,47.62962173697804,7.0,14.0,28.0,57.75,224.0
127,42.0,55.0,59.60929703228287,7.0,14.0,31.5,75.25,217.0
128,35.0,37.6,65.95238924450592,7.0,7.0,7.0,42.0,357.0
129,35.0,59.2,53.23853093832125,7.0,14.0,49.0,73.5,196.0
130,29.0,55.758620689655174,85.74199470021918,7.0,7.0,14.0,42.0,322.0
131,39.0,66.05128205128206,79.6310402048257,7.0,10.5,42.0,77.0,406.0
132,33.0,56.63636363636363,56.39138796273449,7.0,14.0,35.0,77.0,224.0
133,19.0,54.1578947368421,106.8972835939533,7.0,7.0,7.0,59.5,462.0
134,40.0,61.425,53.06207661182301,7.0,31.5,49.0,77.0,252.0
135,36.0,76.61111111111111,71.85432794511715,7.0,12.25,56.0,119.0,252.0
136,31.0,69.09677419354838,75.92643581726972,7.0,21.0,35.0,91.0,336.0
137,39.0,41.82051282051282,51.925489022795055,7.0,7.0,21.0,52.5,266.0
138,29.0,73.37931034482759,75.8002138109986,7.0,14.0,63.0,105.0,322.0
139,26.0,57.07692307692308,81.28907581067608,7.0,7.0,21.0,64.75,343.0
