id,count,mean,std,min,25%,50%,75%,max
0,34.0,9.147058823529411,30.06370242017034,0.0,0.0,0.0,7.0,171.0
1,38.0,7.2631578947368425,24.84947572509797,0.0,0.0,0.0,7.0,150.0
2,40.0,20.55,28.843476798856162,0.0,7.0,14.0,28.0,164.0
3,39.0,22.871794871794872,29.38597901182009,0.0,7.0,14.0,28.0,157.0
4,35.0,25.685714285714287,42.18221776766033,0.0,0.0,7.0,31.5,168.0
5,41.0,9.975609756097562,24.11999979775917,0.0,0.0,0.0,7.0,150.0
6,38.0,6.7105263157894735,25.372796556960573,0.0,0.0,0.0,7.0,157.0
7,47.0,21.95744680851064,39.26440884611855,0.0,0.0,7.0,28.0,196.0
8,41.0,21.926829268292682,37.55488666199276,0.0,0.0,7.0,21.0,178.0
9,45.0,16.4,37.14186562113139,0.0,0.0,7.0,14.0,182.0
10,29.0,9.517241379310345,30.037620090307673,0.0,0.0,0.0,7.0,150.0
11,43.0,16.023255813953487,27.06208767163551,0.0,0.0,7.0,21.0,157.0
12,40.0,31.575,55.95551690222218,0.0,7.0,17.5,28.0,322.0
13,58.0,14.89655172413793,35.20052314960744,0.0,0.0,0.0,19.25,210.0
14,46.0,18.32608695652174,30.93078606453525,0.0,0.0,7.0,21.0,164.0
15,36.0,4.166666666666667,24.999999999999996,0.0,0.0,0.0,0.0,150.0
16,37.0,15.972972972972974,29.536687626000244,0.0,0.0,7.0,21.0,178.0
17,35.0,11.885714285714286,28.357768339735127,0.0,0.0,7.0,14.0,164.0
18,50.0,7.2,22.652656734759773,0.0,0.0,0.0,7.0,157.0
19,41.0,17.658536585365855,26.615418234641325,0.0,0.0,7.0,21.0,150.0
20,48.0,13.770833333333334,26.87895608355808,0.0,0.0,7.0,15.75,171.0
21,35.0,20.685714285714287,32.948062005465005,0.0,0.0,14.0,21.0,164.0
22,36.0,11.75,27.383389125526445,0.0,0.0,7.0,14.0,157.0
23,36.0,11.36111111111111,29.844504426182795,0.0,0.0,0.0,7.0,157.0
24,40.0,20.725,37.74814480073737,0.0,0.0,7.0,22.75,171.0
25,39.0,15.871794871794872,27.85411193983422,0.0,0.0,7.0,21.0,150.0
26,40.0,10.575,24.478025205247217,0.0,0.0,7.0,14.0,150.0
27,42.0,17.238095238095237,40.76093869273203,0.0,0.0,7.0,14.0,217.0
28,42.0,23.071428571428573,32.33392302825645,0.0,0.0,14.0,28.0,157.0
29,52.0,16.48076923076923,28.95330275759835,0.0,0.0,7.0,15.75,171.0
30,35.0,16.485714285714284,38.27714064292576,0.0,0.0,0.0,10.5,171.0
31,29.0,10.241379310344827,28.890996091730962,0.0,0.0,0.0,7.0,157.0
32,41.0,15.951219512195122,35.874051359939955,0.0,0.0,0.0,14.0,185.0
33,28.0,7.857142857142857,28.510835218697554,0.0,0.0,0.0,1.75,150.0
34,46.0,12.391304347826088,26.307986333574377,0.0,0.0,7.0,14.0,171.0
35,30.0,7.1,27.368935322545067,0.0,0.0,0.0,5.25,150.0
36,34.0,12.235294117647058,32.868939767294364,0.0,0.0,0.0,7.0,185.0
37,38.0,12.421052631578947,30.118353548685914,0.0,0.0,0.0,14.0,178.0
38,40.0,17.75,32.041439514382716,0.0,0.0,14.0,21.0,192.0
39,39.0,19.28205128205128,33.71548817754138,0.0,0.0,7.0,24.5,185.0
40,32.0,30.71875,53.63029618932603,0.0,0.0,7.0,35.0,213.0
41,41.0,15.439024390243903,37.18470705847217,0.0,0.0,7.0,14.0,199.0
42,38.0,12.052631578947368,29.672033760465744,0.0,0.0,7.0,14.0,185.0
43,44.0,23.613636363636363,32.98711228899885,0.0,5.25,10.5,35.0,178.0
44,41.0,13.21951219512195,32.60484028110086,0.0,0.0,7.0,14.0,206.0
45,45.0,10.955555555555556,29.189783047214213,0.0,0.0,7.0,14.0,192.0
46,29.0,11.931034482758621,30.473561180710117,0.0,0.0,7.0,7.0,164.0
47,43.0,20.25581395348837,41.277281323851405,0.0,0.0,7.0,17.5,185.0
48,34.0,26.441176470588236,50.51023969182378,0.0,0.0,7.0,21.0,224.0
49,58.0,12.120689655172415,25.951423978918296,0.0,0.0,7.0,14.0,192.0
50,45.0,18.57777777777778,34.268650455487794,0.0,0.0,7.0,14.0,185.0
51,36.0,7.472222222222222,29.597766432245827,0.0,0.0,0.0,0.0,171.0
52,37.0,16.54054054054054,34.145598866060645,0.0,0.0,7.0,21.0,199.0
53,35.0,37.68571428571428,85.20728062946796,0.0,3.5,14.0,28.0,427.0
54,50.0,14.2,26.848782893403992,0.0,0.0,7.0,14.0,178.0
55,41.0,14.585365853658537,31.522988127520595,0.0,0.0,7.0,14.0,199.0
56,48.0,14.208333333333334,34.13612196332552,0.0,0.0,7.0,14.0,185.0
57,35.0,13.485714285714286,33.854682036585714,0.0,0.0,7.0,14.0,199.0
58,33.0,11.333333333333334,32.175948574465785,0.0,0.0,0.0,7.0,178.0
59,36.0,21.083333333333332,51.62412226856743,0.0,0.0,3.5,14.0,238.0
60,40.0,15.475,30.635146147638654,0.0,0.0,7.0,21.0,185.0
61,39.0,18.743589743589745,38.46989113081468,0.0,0.0,7.0,17.5,192.0
62,40.0,14.775,31.373259477720996,0.0,0.0,7.0,14.0,178.0
63,42.0,18.404761904761905,37.120804451313546,0.0,7.0,7.0,14.0,192.0
64,42.0,14.238095238095237,30.369119042299246,0.0,0.0,7.0,14.0,185.0
65,50.0,15.74,31.162385751323434,0.0,0.0,7.0,21.0,213.0
66,35.0,16.485714285714284,43.16137395496895,0.0,0.0,0.0,10.5,220.0
67,27.0,18.0,41.60251471689218,0.0,0.0,7.0,14.0,164.0
68,39.0,11.743589743589743,32.939112847732886,0.0,0.0,7.0,7.0,199.0
69,28.0,14.357142857142858,35.71410581965275,0.0,0.0,3.5,8.75,178.0
70,39.0,23.76923076923077,44.482676426045806,0.0,0.0,7.0,21.0,199.0
71,27.0,18.51851851851852,38.28272393086666,0.0,0.0,7.0,17.5,178.0
72,33.0,20.03030303030303,39.37598002628383,0.0,0.0,14.0,21.0,220.0
73,38.0,19.605263157894736,39.85686517126287,0.0,0.0,7.0,21.0,227.0
74,40.0,15.3,38.234230870470114,0.0,0.0,0.0,14.0,227.0
75,39.0,23.23076923076923,38.16133448128764,0.0,0.0,14.0,28.0,213.0
76,31.0,40.516129032258064,120.64406905376435,0.0,0.0,7.0,28.0,661.0
77,40.0,9.7,32.703171648900295,0.0,0.0,0.0,7.0,206.0
78,38.0,14.078947368421053,35.870925951134154,0.0,0.0,3.5,12.25,192.0
79,44.0,15.977272727272727,33.409710770737824,0.0,7.0,7.0,14.0,220.0
80,40.0,15.825,44.06515426630004,0.0,0.0,7.0,7.0,262.0
81,41.0,29.609756097560975,91.90616901187332,0.0,0.0,7.0,14.0,553.0
82,29.0,23.03448275862069,45.695015950961434,0.0,0.0,7.0,21.0,199.0
83,43.0,23.511627906976745,44.0672495241098,0.0,0.0,7.0,21.0,227.0
84,34.0,24.794117647058822,41.29551990651499,0.0,0.0,7.0,28.0,206.0
85,55.0,15.2,38.66206869213747,0.0,0.0,7.0,14.0,276.0
86,44.0,25.363636363636363,41.05248535608051,0.0,0.0,10.5,35.0,227.0
87,36.0,16.416666666666668,59.65442146228558,0.0,0.0,7.0,14.0,360.0
88,37.0,10.864864864864865,34.93975939795216,0.0,0.0,0.0,7.0,206.0
89,35.0,16.285714285714285,58.96587818319987,0.0,0.0,7.0,14.0,353.0
90,49.0,16.06122448979592,33.16336342214685,0.0,0.0,7.0,14.0,192.0
91,41.0,23.463414634146343,42.003629343769575,0.0,0.0,14.0,21.0,213.0
92,47.0,15.702127659574469,48.322699182105076,0.0,0.0,7.0,14.0,325.0
93,35.0,21.085714285714285,43.03443998950241,0.0,0.0,7.0,17.5,227.0
94,33.0,25.545454545454547,65.49384079299504,0.0,0.0,7.0,21.0,322.0
95,36.0,24.38888888888889,68.05765529640617,0.0,0.0,7.0,14.0,343.0
96,39.0,20.71794871794872,40.02561595433126,0.0,0.0,7.0,21.0,206.0
97,38.0,22.36842105263158,56.03735291538912,0.0,0.0,7.0,7.0,297.0
98,34.0,36.73529411764706,106.55580663998913,0.0,0.0,7.0,14.0,595.0
99,41.0,14.585365853658537,32.328760886984284,0.0,0.0,7.0,14.0,199.0
100,41.0,13.902439024390244,35.501975211281405,0.0,0.0,7.0,14.0,227.0
101,50.0,12.52,36.51348087644186,0.0,0.0,7.0,7.0,248.0
102,35.0,17.485714285714284,40.087677018499036,0.0,0.0,7.0,21.0,234.0
103,27.0,18.51851851851852,40.00227913734836,0.0,0.0,7.0,21.0,206.0
104,39.0,10.666666666666666,35.94610976194147,0.0,0.0,7.0,7.0,227.0
105,28.0,15.357142857142858,38.56616660168867,0.0,0.0,0.0,14.0,192.0
106,39.0,27.897435897435898,41.140833136278346,0.0,7.0,14.0,28.0,206.0
107,27.0,25.0,61.30315589818295,0.0,0.0,7.0,14.0,283.0
108,31.0,19.29032258064516,65.59532175817982,0.0,0.0,0.0,14.0,367.0
109,38.0,18.86842105263158,43.84812304690865,0.0,0.0,7.0,14.0,262.0
110,39.0,21.615384615384617,64.94111315751873,0.0,0.0,0.0,10.5,381.0
111,39.0,13.897435897435898,36.51516979053102,0.0,0.0,0.0,14.0,220.0
112,31.0,28.096774193548388,120.29030297263081,0.0,0.0,7.0,14.0,675.0
113,39.0,21.076923076923077,44.72158587209291,0.0,0.0,7.0,17.5,227.0
114,34.0,30.764705882352942,70.03811032856127,0.0,0.0,14.0,28.0,350.0
115,41.0,26.195121951219512,45.571493014929366,0.0,0.0,7.0,21.0,234.0
116,37.0,20.135135135135137,51.45880885726961,0.0,0.0,7.0,14.0,276.0
117,40.0,23.35,52.73278063829134,0.0,0.0,7.0,14.0,241.0
118,29.0,39.689655172413794,76.34325840208994,0.0,0.0,14.0,42.0,308.0
119,41.0,17.658536585365855,42.44738493482111,0.0,0.0,7.0,21.0,269.0
120,34.0,28.91176470588235,58.437932703079305,0.0,0.0,7.0,21.0,245.0
121,52.0,12.576923076923077,41.683845629036426,0.0,0.0,0.0,14.0,290.0
122,44.0,15.5,35.9751206019602,0.0,0.0,7.0,21.0,234.0
123,36.0,16.416666666666668,83.00271079910583,0.0,0.0,0.0,7.0,500.0
124,37.0,21.45945945945946,66.62440101652555,0.0,0.0,7.0,7.0,357.0
125,35.0,21.085714285714285,61.36983903235483,0.0,0.0,7.0,14.0,360.0
126,48.0,21.208333333333332,37.84006563651663,0.0,0.0,7.0,15.75,206.0
127,40.0,27.025,42.97971346147819,0.0,7.0,14.0,28.0,234.0
128,47.0,18.53191489361702,59.05187515479037,0.0,0.0,7.0,14.0,402.0
129,34.0,26.647058823529413,54.6492298611854,0.0,7.0,7.0,26.25,304.0
130,32.0,19.78125,47.950737069245044,0.0,0.0,7.0,15.75,248.0
131,36.0,25.166666666666668,47.69696007084728,0.0,0.0,7.0,22.75,241.0
132,36.0,13.88888888888889,36.26078383659742,0.0,0.0,0.0,14.0,213.0
133,38.0,20.342105263157894,67.54469043721268,0.0,0.0,7.0,12.25,409.0
134,34.0,16.558823529411764,42.67011669986427,0.0,0.0,7.0,7.0,234.0
135,37.0,28.08108108108108,44.3842930040061,0.0,7.0,14.0,21.0,220.0
136,38.0,21.07894736842105,53.07433928702186,0.0,0.0,7.0,21.0,325.0
137,50.0,20.22,49.70044552832787,0.0,0.0,7.0,26.25,339.0
138,35.0,17.685714285714287,44.50695347429461,0.0,0.0,7.0,17.5,262.0
139,27.0,21.62962962962963,57.79283170092461,0.0,0.0,7.0,17.5,304.0
140,39.0,13.35897435897436,38.15997295285314,0.0,0.0,7.0,14.0,241.0
141,27.0,16.962962962962962,42.80769294763005,0.0,0.0,0.0,10.5,213.0
142,39.0,27.358974358974358,44.73753115290584,0.0,7.0,14.0,31.5,262.0
143,27.0,16.962962962962962,56.36521123030621,0.0,0.0,0.0,7.0,290.0
144,31.0,18.612903225806452,69.51003640691265,0.0,0.0,0.0,7.0,388.0
145,38.0,16.657894736842106,43.723502441116835,0.0,0.0,7.0,14.0,269.0
146,35.0,47.08571428571429,124.02949635625615,0.0,0.0,7.0,21.0,661.0
147,38.0,19.05263157894737,39.897129456059496,0.0,0.0,7.0,21.0,234.0
148,30.0,38.6,126.7684829753124,0.0,0.0,7.0,21.0,689.0
149,38.0,25.86842105263158,53.226274274226824,0.0,0.0,7.0,28.0,297.0
