id,count,mean,std,min,25%,50%,75%,max
0,41.0,6.682926829268292,20.973124498259963,0.0,0.0,0.0,7.0,134.0
1,53.0,7.811320754716981,20.70029412999281,0.0,0.0,0.0,7.0,141.0
2,51.0,14.431372549019608,24.409223586145288,0.0,0.0,7.0,14.0,141.0
3,52.0,15.5,24.18758391584977,0.0,0.0,7.0,14.0,120.0
4,45.0,20.4,30.584755561018838,0.0,0.0,14.0,21.0,127.0
5,53.0,15.20754716981132,25.73560724767119,0.0,0.0,7.0,14.0,148.0
6,46.0,3.8260869565217392,17.71290094545164,0.0,0.0,0.0,0.0,120.0
7,54.0,7.277777777777778,22.032922764231515,0.0,0.0,0.0,7.0,134.0
8,53.0,24.58490566037736,28.777284018331162,0.0,7.0,14.0,35.0,162.0
9,55.0,12.10909090909091,28.769629516064025,0.0,0.0,0.0,7.0,147.0
10,32.0,5.5,21.561614638204894,0.0,0.0,0.0,0.0,120.0
11,48.0,15.916666666666666,26.389741183200563,0.0,0.0,7.0,15.75,127.0
12,43.0,21.837209302325583,30.256782185438265,0.0,0.0,14.0,21.0,127.0
13,64.0,9.96875,18.798825317911046,0.0,0.0,7.0,14.0,127.0
14,53.0,15.471698113207546,22.79727022591226,0.0,0.0,7.0,14.0,134.0
15,47.0,12.085106382978724,19.68538388183967,0.0,0.0,7.0,14.0,120.0
16,50.0,7.58,20.859187766682435,0.0,0.0,0.0,7.0,141.0
17,49.0,9.73469387755102,27.41788916489567,0.0,0.0,0.0,7.0,147.0
18,57.0,23.105263157894736,41.72686878915513,0.0,0.0,7.0,28.0,245.0
19,49.0,14.73469387755102,26.45576143158934,0.0,0.0,7.0,14.0,141.0
20,57.0,21.75438596491228,47.161304016017496,0.0,0.0,7.0,21.0,287.0
21,52.0,17.653846153846153,30.247919789362545,0.0,0.0,7.0,14.0,148.0
22,40.0,13.15,21.531789259556408,0.0,0.0,7.0,14.0,127.0
23,50.0,17.24,44.86194696749446,0.0,0.0,7.0,12.25,266.0
24,48.0,13.0,23.79701393747597,0.0,0.0,3.5,21.0,141.0
25,40.0,12.45,27.80513695390909,0.0,0.0,3.5,8.75,126.0
26,54.0,14.277777777777779,25.593643570132187,0.0,0.0,7.0,14.0,127.0
27,52.0,20.076923076923077,25.54108274905288,0.0,7.0,14.0,21.0,141.0
28,49.0,11.591836734693878,21.13342373207559,0.0,0.0,7.0,14.0,120.0
29,60.0,13.083333333333334,21.40829212598269,0.0,0.0,7.0,14.0,134.0
30,44.0,13.386363636363637,24.772655507392606,0.0,0.0,7.0,14.0,134.0
31,33.0,11.06060606060606,28.61592584770257,0.0,0.0,0.0,7.0,127.0
32,51.0,9.764705882352942,21.72886396965485,0.0,0.0,7.0,14.0,148.0
33,28.0,7.785714285714286,23.225715541913072,0.0,0.0,0.0,7.0,120.0
34,54.0,15.833333333333334,24.271071374382657,0.0,0.0,7.0,19.25,134.0
35,30.0,5.633333333333334,23.170259375765085,0.0,0.0,0.0,0.0,127.0
36,41.0,10.439024390243903,24.702275988750312,0.0,0.0,7.0,14.0,155.0
37,52.0,9.442307692307692,21.416883079585734,0.0,0.0,7.0,14.0,148.0
38,50.0,15.7,30.987324597555784,0.0,0.0,7.0,21.0,190.0
39,51.0,11.96078431372549,22.84203212003146,0.0,0.0,7.0,14.0,155.0
40,41.0,22.73170731707317,36.01667974025639,0.0,0.0,7.0,35.0,155.0
41,53.0,12.962264150943396,27.763397503347505,0.0,0.0,7.0,14.0,190.0
42,46.0,7.326086956521739,21.112454826293188,0.0,0.0,0.0,7.0,141.0
43,54.0,13.11111111111111,24.784860463115397,0.0,0.0,7.0,14.0,169.0
44,51.0,9.215686274509803,26.267328547448596,0.0,0.0,0.0,7.0,183.0
45,53.0,16.264150943396228,32.96452110480426,0.0,0.0,7.0,14.0,161.0
46,32.0,7.03125,23.62678138018585,0.0,0.0,0.0,7.0,134.0
47,47.0,16.25531914893617,32.26956304867563,0.0,0.0,7.0,14.0,148.0
48,40.0,18.575,46.718956510563224,0.0,0.0,0.0,14.0,238.0
49,61.0,12.639344262295081,24.58321431850416,0.0,0.0,7.0,21.0,169.0
50,53.0,16.528301886792452,24.82136469128724,0.0,0.0,7.0,21.0,155.0
51,45.0,19.933333333333334,40.14428522671236,0.0,0.0,7.0,14.0,210.0
52,49.0,11.16326530612245,24.62413022048995,0.0,0.0,7.0,14.0,162.0
53,49.0,16.020408163265305,41.69257017938886,0.0,0.0,7.0,14.0,238.0
54,55.0,12.49090909090909,24.088473290238746,0.0,0.0,7.0,14.0,162.0
55,49.0,11.877551020408163,23.74309781552422,0.0,0.0,7.0,14.0,155.0
56,52.0,11.192307692307692,23.28008360400262,0.0,0.0,7.0,14.0,148.0
57,51.0,11.823529411764707,26.777382905992095,0.0,0.0,7.0,7.0,176.0
58,40.0,16.475,28.81237937290506,0.0,0.0,7.0,15.75,155.0
59,50.0,18.08,30.143087338322104,0.0,0.0,7.0,21.0,176.0
60,48.0,14.75,26.98502342711049,0.0,0.0,7.0,15.75,162.0
61,40.0,15.775,38.115537917878456,0.0,0.0,7.0,8.75,203.0
62,53.0,16.264150943396228,26.91735995698131,0.0,0.0,7.0,21.0,148.0
63,47.0,24.893617021276597,39.885833838351346,0.0,7.0,7.0,24.5,169.0
64,48.0,16.354166666666668,25.10021580252515,0.0,0.0,7.0,21.0,155.0
65,58.0,11.96551724137931,22.751106020727082,0.0,0.0,7.0,14.0,162.0
66,43.0,11.581395348837209,27.32888978817587,0.0,0.0,7.0,7.0,169.0
67,33.0,9.363636363636363,28.421842592689806,0.0,0.0,0.0,7.0,162.0
68,51.0,7.431372549019608,24.64325863351743,0.0,0.0,0.0,7.0,176.0
69,28.0,9.535714285714286,26.732532743425324,0.0,0.0,0.0,7.0,141.0
70,53.0,19.30188679245283,27.89236517101215,0.0,7.0,7.0,21.0,162.0
71,30.0,14.5,29.21944321969475,0.0,0.0,7.0,14.0,148.0
72,40.0,11.925,27.09942519969466,0.0,0.0,0.0,14.0,162.0
73,52.0,9.711538461538462,25.884613143462797,0.0,0.0,3.5,8.75,183.0
74,49.0,13.16326530612245,39.41570485372101,0.0,0.0,7.0,14.0,274.0
75,51.0,21.980392156862745,33.62944554766161,0.0,0.0,14.0,21.0,169.0
76,39.0,24.076923076923077,77.91607651670536,0.0,0.0,7.0,17.5,477.0
77,52.0,13.211538461538462,31.898943702753435,0.0,0.0,7.0,14.0,204.0
78,46.0,8.543478260869565,24.4292234121705,0.0,0.0,0.0,7.0,162.0
79,54.0,12.722222222222221,27.180331864264872,0.0,0.0,7.0,14.0,183.0
80,48.0,12.416666666666666,29.913231494435976,0.0,0.0,7.0,8.75,204.0
81,53.0,10.584905660377359,26.805879064018303,0.0,0.0,7.0,14.0,190.0
82,32.0,12.28125,31.67296025461344,0.0,0.0,7.0,7.0,176.0
83,47.0,22.659574468085108,52.67095420823787,0.0,0.0,7.0,21.0,238.0
84,38.0,18.07894736842105,39.93534069843223,0.0,0.0,7.0,14.0,190.0
85,60.0,16.116666666666667,34.23700627785753,0.0,0.0,3.5,14.0,232.0
86,53.0,23.264150943396228,33.4026432299303,0.0,7.0,14.0,28.0,183.0
87,44.0,20.863636363636363,53.64378240877975,0.0,0.0,7.0,15.75,323.0
88,49.0,9.306122448979592,26.875642691255354,0.0,0.0,0.0,7.0,176.0
89,49.0,13.877551020408163,40.761313691753735,0.0,0.0,7.0,7.0,274.0
90,55.0,13.127272727272727,26.509295745884327,0.0,0.0,7.0,14.0,169.0
91,47.0,19.829787234042552,33.44126528507542,0.0,0.0,7.0,24.5,197.0
92,51.0,14.156862745098039,42.024931909055894,0.0,0.0,7.0,7.0,288.0
93,50.0,15.14,33.12068839864292,0.0,0.0,7.0,14.0,218.0
94,37.0,26.7027027027027,45.936468727571544,0.0,0.0,14.0,28.0,190.0
95,50.0,21.3,37.88610751789028,0.0,0.0,7.0,26.25,204.0
96,48.0,13.4375,27.5494960760184,0.0,0.0,7.0,14.0,169.0
97,40.0,19.8,50.169047562549295,0.0,0.0,3.5,14.0,253.0
98,52.0,16.442307692307693,30.608478552126996,0.0,0.0,7.0,21.0,197.0
99,47.0,17.74468085106383,29.011592949016222,0.0,0.0,7.0,21.0,176.0
100,45.0,15.88888888888889,30.21154371655599,0.0,0.0,7.0,14.0,183.0
101,58.0,10.879310344827585,29.79230890165228,0.0,0.0,0.0,12.25,211.0
102,42.0,17.023809523809526,33.04873570161239,0.0,1.75,7.0,19.25,204.0
103,30.0,21.966666666666665,44.83031866119588,0.0,0.0,7.0,21.0,218.0
104,50.0,9.82,27.446935816485702,0.0,0.0,3.5,7.0,190.0
105,28.0,12.285714285714286,30.215101868972425,0.0,0.0,3.5,7.0,155.0
106,52.0,20.75,35.53836645368043,0.0,0.0,7.0,21.0,183.0
107,30.0,13.8,39.41153340733194,0.0,0.0,7.0,14.0,218.0
108,39.0,13.846153846153847,34.83913291381165,0.0,0.0,7.0,14.0,218.0
109,52.0,14.692307692307692,36.15084869317458,0.0,0.0,7.0,14.0,253.0
110,49.0,18.163265306122447,72.7018302551523,0.0,0.0,7.0,7.0,505.0
111,50.0,12.76,25.923403656596818,0.0,0.0,7.0,14.0,176.0
112,39.0,18.692307692307693,79.19767203056368,0.0,0.0,7.0,7.0,498.0
113,52.0,14.153846153846153,31.59944440773964,0.0,0.0,7.0,14.0,218.0
114,45.0,10.6,27.396416487629114,0.0,0.0,0.0,7.0,176.0
115,53.0,19.169811320754718,35.12819153256157,0.0,0.0,7.0,14.0,197.0
116,47.0,12.085106382978724,33.08804446324201,0.0,0.0,0.0,10.5,218.0
117,53.0,20.88679245283019,53.851883895822745,0.0,0.0,7.0,14.0,315.0
118,32.0,23.65625,47.084419294736776,0.0,0.0,7.0,21.0,197.0
119,47.0,18.78723404255319,35.57413335447955,0.0,0.0,7.0,21.0,211.0
