id,count,mean,std,min,25%,50%,75%,max
0,14.0,18.142857142857142,26.194118960787137,7.0,7.0,7.0,12.25,100.0
1,60.0,28.15,20.876411958743926,7.0,14.0,21.0,42.0,100.0
2,57.0,22.63157894736842,16.10083358417393,7.0,14.0,21.0,28.0,100.0
3,52.0,29.78846153846154,23.224679687916794,7.0,14.0,28.0,42.0,100.0
4,34.0,20.441176470588236,22.040171555828206,7.0,7.0,7.0,28.0,100.0
5,61.0,19.42622950819672,16.147712961276635,7.0,7.0,14.0,28.0,100.0
6,39.0,24.641025641025642,27.857236780155368,7.0,7.0,14.0,28.0,140.0
7,68.0,19.58823529411765,23.69346234794237,7.0,7.0,7.0,22.75,140.0
8,60.0,25.116666666666667,29.902152105909895,7.0,7.0,7.0,35.0,140.0
9,22.0,15.363636363636363,19.68694383533812,7.0,7.0,10.5,14.0,100.0
10,32.0,13.625,17.459168956315224,7.0,7.0,7.0,14.0,100.0
11,12.0,15.333333333333334,26.73891727369859,7.0,7.0,7.0,7.0,100.0
12,28.0,31.321428571428573,31.722236121532557,7.0,7.0,14.0,52.5,112.0
13,34.0,14.676470588235293,18.14039622071589,7.0,7.0,7.0,14.0,100.0
14,56.0,23.035714285714285,18.583437675633533,7.0,14.0,21.0,28.0,100.0
15,16.0,21.125,24.407307648871612,7.0,7.0,7.0,29.75,100.0
16,43.0,32.44186046511628,30.078708120039714,7.0,7.0,21.0,45.5,100.0
17,33.0,21.696969696969695,23.381997413187417,7.0,7.0,7.0,35.0,100.0
18,51.0,22.274509803921568,17.251177851233866,7.0,14.0,21.0,28.0,100.0
19,48.0,20.166666666666668,16.89181261242657,7.0,7.0,14.0,21.0,100.0
20,58.0,21.879310344827587,27.698297867904976,7.0,7.0,7.0,21.0,154.0
21,49.0,30.46938775510204,31.705087683745862,7.0,14.0,21.0,35.0,182.0
22,20.0,19.0,23.090212098134614,7.0,7.0,7.0,22.75,100.0
23,28.0,21.071428571428573,22.717147335631363,7.0,7.0,10.5,22.75,100.0
24,38.0,13.5,16.745713449086573,7.0,7.0,7.0,14.0,100.0
25,21.0,21.428571428571427,21.420951025973213,7.0,7.0,14.0,28.0,100.0
26,29.0,18.896551724137932,20.94780047708079,7.0,7.0,7.0,21.0,100.0
27,46.0,24.391304347826086,20.383520861355475,7.0,7.0,21.0,28.0,100.0
28,58.0,23.32758620689655,24.37167462231405,7.0,7.0,14.0,28.0,105.0
29,30.0,15.933333333333334,18.320768944360484,7.0,7.0,7.0,19.25,100.0
30,41.0,23.951219512195124,22.63067743077104,7.0,7.0,21.0,28.0,100.0
31,27.0,20.555555555555557,23.788059922402137,7.0,7.0,7.0,21.0,100.0
32,26.0,17.03846153846154,19.248856109869532,7.0,7.0,14.0,14.0,100.0
33,8.0,18.625,32.88046532517446,7.0,7.0,7.0,7.0,100.0
34,45.0,26.8,25.46887583627586,7.0,7.0,21.0,35.0,105.0
35,26.0,19.46153846153846,27.898717919260406,7.0,7.0,7.0,14.0,119.0
36,17.0,18.647058823529413,30.520364464711484,7.0,7.0,7.0,7.0,121.0
37,47.0,28.638297872340427,21.36578485001591,7.0,7.0,28.0,38.5,114.0
38,50.0,26.36,23.13735384302066,7.0,14.0,21.0,35.0,128.0
39,56.0,29.160714285714285,25.880689035167997,7.0,12.25,21.0,36.75,119.0
40,28.0,18.571428571428573,25.177045058616347,7.0,7.0,7.0,15.75,128.0
41,54.0,23.37037037037037,19.561510433151,7.0,8.75,21.0,28.0,121.0
42,21.0,28.095238095238095,28.62150373740828,7.0,7.0,14.0,35.0,107.0
43,68.0,20.823529411764707,28.312194080042396,7.0,7.0,7.0,21.0,147.0
44,39.0,15.128205128205128,23.459011832712424,7.0,7.0,7.0,10.5,135.0
45,54.0,18.314814814814813,18.587705486371316,7.0,7.0,14.0,21.0,128.0
46,11.0,25.0,34.246167668806386,7.0,7.0,7.0,21.0,107.0
47,39.0,15.487179487179487,20.132288539442243,7.0,7.0,7.0,14.0,114.0
48,17.0,13.294117647058824,24.206829371797003,7.0,7.0,7.0,7.0,107.0
49,56.0,17.285714285714285,16.450160856593232,7.0,7.0,14.0,21.0,114.0
50,54.0,23.5,19.850146142706166,7.0,7.0,21.0,28.0,121.0
51,46.0,16.32608695652174,18.591580349808396,7.0,7.0,7.0,19.25,107.0
52,36.0,14.63888888888889,22.97595361338555,7.0,7.0,7.0,14.0,142.0
53,47.0,21.19148936170213,20.757019030629806,7.0,7.0,14.0,28.0,114.0
54,49.0,27.755102040816325,32.868760885936524,7.0,7.0,14.0,28.0,161.0
55,58.0,27.189655172413794,22.102994078799117,7.0,14.0,21.0,35.0,128.0
56,39.0,15.128205128205128,19.325711653240187,7.0,7.0,7.0,21.0,121.0
57,35.0,31.65714285714286,41.56068763028977,7.0,14.0,14.0,31.5,217.0
58,32.0,22.15625,22.336299654554793,7.0,7.0,14.0,28.0,114.0
59,55.0,23.581818181818182,23.893816733926755,7.0,7.0,14.0,28.0,128.0
60,33.0,16.606060606060606,21.507178153379677,7.0,7.0,7.0,21.0,121.0
61,16.0,20.25,25.480711659344735,7.0,7.0,14.0,21.0,107.0
62,52.0,20.76923076923077,22.080614676560092,7.0,7.0,14.0,22.75,114.0
63,61.0,23.327868852459016,25.718165636682702,7.0,7.0,14.0,28.0,133.0
64,37.0,16.89189189189189,20.84837294981684,7.0,7.0,7.0,14.0,121.0
65,50.0,17.12,17.948497748518438,7.0,7.0,10.5,21.0,114.0
66,41.0,36.926829268292686,33.959085856293626,7.0,14.0,28.0,42.0,147.0
67,27.0,22.37037037037037,23.494922770917892,7.0,7.0,14.0,21.0,107.0
68,43.0,16.0,18.046236911518886,7.0,7.0,14.0,17.5,121.0
69,21.0,18.095238095238095,24.494703023112486,7.0,7.0,7.0,21.0,114.0
70,48.0,25.5625,29.484150989548066,7.0,7.0,21.0,28.0,168.0
71,27.0,21.85185185185185,30.51570050331431,7.0,7.0,14.0,21.0,133.0
72,29.0,17.689655172413794,28.07655789886424,7.0,7.0,14.0,14.0,156.0
73,45.0,27.42222222222222,25.646627360132463,7.0,14.0,21.0,35.0,163.0
74,34.0,22.705882352941178,29.203081418736897,7.0,7.0,10.5,21.0,149.0
75,58.0,30.448275862068964,32.54911129505694,7.0,7.0,14.0,42.0,121.0
76,28.0,26.571428571428573,42.19832239199104,7.0,7.0,10.5,21.0,205.0
77,48.0,28.625,23.525111074420664,7.0,14.0,21.0,36.75,142.0
78,29.0,26.620689655172413,33.085834035023254,7.0,7.0,7.0,35.0,135.0
79,63.0,24.92063492063492,33.847524132688854,7.0,7.0,7.0,24.5,149.0
80,36.0,22.22222222222222,37.78065348531942,7.0,7.0,7.0,21.0,177.0
81,39.0,26.435897435897434,27.428178817638656,7.0,7.0,21.0,35.0,156.0
82,17.0,16.58823529411765,27.577297781711252,7.0,7.0,7.0,14.0,121.0
83,35.0,27.65714285714286,26.002197709314608,7.0,14.0,21.0,31.5,142.0
84,21.0,21.761904761904763,29.903017844198875,7.0,7.0,14.0,14.0,135.0
85,43.0,20.3953488372093,23.267737253528217,7.0,7.0,14.0,21.0,149.0
86,40.0,28.05,27.20854880740846,7.0,7.0,21.0,38.5,142.0
87,43.0,20.72093023255814,21.291989977672404,7.0,7.0,14.0,21.0,128.0
88,35.0,18.857142857142858,26.428753122246203,7.0,7.0,14.0,21.0,156.0
89,33.0,34.42424242424242,38.607828143258644,7.0,7.0,28.0,42.0,191.0
90,48.0,31.395833333333332,31.07693923928593,7.0,12.25,21.0,42.0,161.0
91,53.0,32.924528301886795,33.057554156235646,7.0,7.0,28.0,49.0,163.0
92,40.0,17.9,25.636312387324992,7.0,7.0,7.0,14.0,156.0
93,39.0,27.871794871794872,42.66897029037643,7.0,7.0,14.0,28.0,224.0
94,25.0,27.24,28.625862432422892,7.0,7.0,21.0,35.0,135.0
95,52.0,26.692307692307693,26.27497016773252,7.0,7.0,17.5,36.75,156.0
96,34.0,20.647058823529413,28.428413393241648,7.0,7.0,7.0,19.25,149.0
97,12.0,28.166666666666668,40.805154160480825,7.0,7.0,14.0,24.5,149.0
98,49.0,26.612244897959183,25.45487537333681,7.0,7.0,21.0,35.0,135.0
99,60.0,29.783333333333335,30.25714184731204,7.0,7.0,21.0,42.0,142.0
