id,count,mean,std,min,25%,50%,75%,max
0,31.0,10.03225806451613,31.48913449743974,0.0,0.0,0.0,7.0,171.0
1,38.0,19.973684210526315,55.00736404858224,0.0,0.0,3.5,12.25,308.0
2,39.0,12.820512820512821,27.443599383071376,0.0,0.0,7.0,14.0,164.0
3,36.0,7.666666666666667,27.210292170426985,0.0,0.0,0.0,0.0,157.0
4,33.0,13.454545454545455,29.62061244839785,0.0,0.0,7.0,14.0,164.0
5,37.0,14.45945945945946,29.70558738557314,0.0,0.0,0.0,14.0,150.0
6,37.0,6.702702702702703,26.45317127057303,0.0,0.0,0.0,0.0,157.0
7,39.0,11.025641025641026,28.749816639678155,0.0,0.0,7.0,7.0,171.0
8,39.0,20.71794871794872,36.813147478318925,0.0,0.0,7.0,21.0,178.0
9,57.0,16.385964912280702,32.070098660125375,0.0,0.0,7.0,21.0,171.0
10,29.0,6.137931034482759,27.776819906856346,0.0,0.0,0.0,0.0,150.0
11,41.0,13.560975609756097,27.20482381902868,0.0,0.0,7.0,14.0,157.0
12,28.0,25.107142857142858,36.78701389803732,0.0,0.0,10.5,29.75,164.0
13,60.0,8.45,21.519738672724934,0.0,0.0,0.0,7.0,157.0
14,37.0,15.783783783783784,31.881843609677784,0.0,0.0,7.0,14.0,164.0
15,37.0,20.513513513513512,35.433522750843366,0.0,0.0,0.0,28.0,150.0
16,36.0,13.305555555555555,30.616353654723667,0.0,0.0,7.0,14.0,178.0
17,36.0,13.694444444444445,30.16887653047609,0.0,0.0,0.0,14.0,164.0
18,47.0,15.702127659574469,25.772343529970783,0.0,0.0,7.0,21.0,157.0
19,39.0,15.871794871794872,26.623277791772146,0.0,0.0,7.0,24.5,150.0
20,42.0,27.071428571428573,44.27981583738051,0.0,1.75,7.0,28.0,217.0
21,35.0,12.685714285714285,29.502513779807494,0.0,0.0,7.0,14.0,164.0
22,41.0,9.804878048780488,25.47078670967499,0.0,0.0,0.0,7.0,157.0
23,36.0,16.22222222222222,29.047853238712456,0.0,0.0,7.0,14.0,157.0
24,36.0,16.61111111111111,34.06823218842511,0.0,0.0,7.0,14.0,171.0
25,38.0,8.552631578947368,24.288466140994146,0.0,0.0,0.0,7.0,150.0
26,37.0,16.72972972972973,32.55904776850194,0.0,0.0,7.0,14.0,150.0
27,37.0,23.35135135135135,43.4518994701908,0.0,0.0,7.0,21.0,182.0
28,38.0,18.86842105263158,34.847289283565765,0.0,0.0,7.0,21.0,157.0
29,48.0,8.666666666666666,27.056547037429823,0.0,0.0,0.0,7.0,171.0
30,34.0,14.5,32.53459696999488,0.0,0.0,7.0,14.0,171.0
31,33.0,10.06060606060606,28.051224788255006,0.0,0.0,0.0,7.0,157.0
32,39.0,13.179487179487179,31.94145285137184,0.0,0.0,7.0,10.5,185.0
33,28.0,10.357142857142858,29.387846172278476,0.0,0.0,0.0,7.0,150.0
34,41.0,18.51219512195122,29.574585332020728,0.0,0.0,14.0,21.0,171.0
35,30.0,7.1,27.553521584801786,0.0,0.0,0.0,0.0,150.0
36,30.0,12.466666666666667,33.65415722983677,0.0,0.0,7.0,7.0,185.0
37,38.0,20.526315789473685,48.13928936590505,0.0,0.0,7.0,14.0,238.0
38,39.0,18.564102564102566,36.05317335605613,0.0,0.0,7.0,21.0,192.0
39,36.0,18.166666666666668,37.05941176003742,0.0,0.0,7.0,14.0,185.0
40,29.0,20.379310344827587,45.05188579619174,0.0,0.0,7.0,14.0,227.0
41,37.0,16.72972972972973,34.07642444128642,0.0,0.0,7.0,14.0,185.0
42,37.0,12.378378378378379,33.33945889662158,0.0,0.0,0.0,7.0,192.0
43,36.0,25.36111111111111,50.18659626279157,0.0,0.0,7.0,14.0,189.0
44,34.0,10.794117647058824,35.488606290901146,0.0,0.0,0.0,7.0,206.0
45,51.0,13.784313725490197,30.56947086587545,0.0,0.0,7.0,14.0,192.0
46,29.0,9.03448275862069,30.241271182915256,0.0,0.0,0.0,7.0,164.0
47,40.0,17.575,36.08386776414792,0.0,0.0,7.0,15.75,185.0
48,28.0,20.107142857142858,37.096809572027624,0.0,0.0,7.0,22.75,192.0
49,59.0,10.847457627118644,27.823838426863535,0.0,0.0,0.0,14.0,206.0
50,37.0,13.891891891891891,32.260040455805544,0.0,0.0,7.0,14.0,192.0
51,37.0,18.43243243243243,40.93663161286976,0.0,0.0,0.0,14.0,171.0
52,36.0,12.722222222222221,31.71715273756107,0.0,0.0,0.0,14.0,185.0
53,35.0,24.085714285714285,40.843583575975934,0.0,0.0,7.0,28.0,213.0
54,46.0,18.782608695652176,31.537570570478678,0.0,0.0,7.0,21.0,178.0
55,35.0,20.685714285714287,41.972520021733146,0.0,0.0,14.0,17.5,206.0
56,35.0,23.885714285714286,56.30733492527021,0.0,0.0,7.0,14.0,273.0
57,35.0,26.285714285714285,66.76894814938147,0.0,0.0,0.0,10.5,329.0
58,39.0,14.256410256410257,32.69211875788861,0.0,0.0,7.0,14.0,178.0
59,34.0,15.529411764705882,39.52002583586878,0.0,0.0,0.0,12.25,199.0
60,35.0,15.485714285714286,35.51169768215689,0.0,0.0,7.0,14.0,192.0
61,37.0,13.513513513513514,31.770550323654575,0.0,0.0,7.0,14.0,185.0
62,34.0,18.61764705882353,40.544786090746435,0.0,0.0,3.5,14.0,178.0
63,37.0,17.2972972972973,36.56718691886429,0.0,0.0,0.0,21.0,192.0
64,38.0,13.526315789473685,30.219679324774052,0.0,0.0,7.0,21.0,185.0
65,48.0,12.604166666666666,30.072069166780512,0.0,0.0,7.0,14.0,206.0
66,33.0,12.181818181818182,38.41667488332259,0.0,0.0,0.0,7.0,220.0
67,33.0,7.9393939393939394,28.499933545908707,0.0,0.0,0.0,7.0,164.0
68,39.0,9.58974358974359,31.795165098120403,0.0,0.0,0.0,7.0,199.0
69,27.0,13.851851851851851,37.012164012663256,0.0,0.0,0.0,7.0,178.0
70,38.0,22.0,46.52810833103862,0.0,0.0,7.0,14.0,206.0
71,30.0,17.133333333333333,38.36012057560186,0.0,0.0,0.0,21.0,178.0
72,30.0,17.133333333333333,38.12658890602719,0.0,0.0,7.0,21.0,206.0
73,38.0,14.631578947368421,34.88391641525607,0.0,0.0,7.0,14.0,213.0
74,33.0,29.151515151515152,92.6532923093269,0.0,0.0,7.0,14.0,521.0
75,36.0,15.63888888888889,35.14960091444061,0.0,0.0,7.0,14.0,199.0
76,29.0,37.275862068965516,100.16589687389478,0.0,0.0,7.0,21.0,521.0
77,37.0,10.675675675675675,33.247434365555065,0.0,0.0,0.0,7.0,199.0
78,37.0,9.35135135135135,35.95384094472632,0.0,0.0,0.0,7.0,220.0
79,35.0,15.885714285714286,37.07525846054167,0.0,0.0,0.0,14.0,206.0
80,34.0,14.088235294117647,42.43024053600167,0.0,0.0,0.0,14.0,248.0
81,51.0,15.019607843137255,34.29430868005852,0.0,0.0,7.0,14.0,213.0
82,29.0,14.344827586206897,36.789241305877304,0.0,0.0,7.0,14.0,199.0
83,39.0,18.923076923076923,36.421786868637476,0.0,0.0,14.0,21.0,220.0
84,28.0,29.107142857142858,66.87929385908576,0.0,0.0,7.0,14.0,280.0
85,56.0,12.553571428571429,38.31160263032462,0.0,0.0,7.0,8.75,276.0
86,37.0,21.27027027027027,38.02458900986793,0.0,0.0,14.0,21.0,213.0
87,36.0,25.75,74.66893597741968,0.0,0.0,0.0,15.75,423.0
88,35.0,8.685714285714285,33.64151097237165,0.0,0.0,0.0,7.0,199.0
89,35.0,17.085714285714285,45.403013263938526,0.0,0.0,7.0,10.5,262.0
90,42.0,16.071428571428573,45.44328701243753,0.0,0.0,0.0,7.0,231.0
91,35.0,24.485714285714284,53.046245877353776,0.0,0.0,7.0,21.0,238.0
92,35.0,19.285714285714285,62.22992065887666,0.0,0.0,0.0,10.5,367.0
93,35.0,15.085714285714285,41.597066800275165,0.0,0.0,7.0,14.0,248.0
94,37.0,16.72972972972973,43.17770042294765,0.0,0.0,7.0,14.0,206.0
95,34.0,19.852941176470587,50.56357076054895,0.0,0.0,3.5,14.0,241.0
96,34.0,17.38235294117647,34.94759254367789,0.0,0.0,7.0,21.0,199.0
97,36.0,24.38888888888889,66.94657903466349,0.0,0.0,7.0,14.0,339.0
98,34.0,22.941176470588236,44.434453719629026,0.0,0.0,7.0,26.25,213.0
99,36.0,16.02777777777778,44.2315247055511,0.0,0.0,0.0,14.0,199.0
100,36.0,15.833333333333334,38.478565461825625,0.0,0.0,7.0,14.0,220.0
101,48.0,10.270833333333334,35.763846943903424,0.0,0.0,7.0,7.0,248.0
102,32.0,21.75,44.281358489520386,0.0,0.0,7.0,21.0,234.0
103,32.0,13.65625,36.02920802134237,0.0,0.0,7.0,14.0,206.0
104,38.0,10.210526315789474,36.821085245201886,0.0,0.0,0.0,7.0,227.0
105,25.0,23.92,54.15403955385045,0.0,0.0,0.0,7.0,192.0
106,36.0,27.5,45.87155981651376,0.0,0.0,14.0,28.0,227.0
107,27.0,22.666666666666668,60.88892788070372,0.0,0.0,7.0,14.0,241.0
108,30.0,15.033333333333333,40.966330442023455,0.0,0.0,7.0,14.0,227.0
109,38.0,20.710526315789473,55.081712222271435,0.0,0.0,7.0,12.25,325.0
110,33.0,30.21212121212121,117.43103230613639,0.0,0.0,0.0,14.0,675.0
111,36.0,15.055555555555555,36.591134323919384,0.0,0.0,7.0,14.0,213.0
112,29.0,26.17241379310345,107.61673693699097,0.0,0.0,7.0,7.0,584.0
113,37.0,10.675675675675675,34.840951363186,0.0,0.0,0.0,7.0,213.0
114,37.0,13.135135135135135,42.925751247009295,0.0,0.0,0.0,7.0,255.0
115,35.0,26.685714285714287,44.25246515471096,0.0,3.5,14.0,28.0,234.0
116,34.0,22.529411764705884,50.83558482492336,0.0,0.0,7.0,21.0,276.0
117,51.0,14.607843137254902,36.75327383043451,0.0,0.0,0.0,14.0,234.0
118,29.0,21.103448275862068,42.27067949332713,0.0,0.0,7.0,28.0,227.0
119,38.0,27.526315789473685,57.416325412704545,0.0,0.0,7.0,21.0,262.0
120,28.0,25.357142857142858,50.69386279292321,0.0,0.0,7.0,21.0,234.0
121,54.0,15.61111111111111,47.530890319782515,0.0,0.0,0.0,7.0,297.0
122,37.0,14.64864864864865,39.26280132093949,0.0,0.0,7.0,7.0,227.0
123,35.0,24.285714285714285,86.18160422945853,0.0,0.0,0.0,10.5,507.0
124,34.0,20.058823529411764,50.48608639799778,0.0,0.0,0.0,7.0,220.0
125,35.0,24.885714285714286,59.86444070150662,0.0,0.0,7.0,17.5,304.0
126,42.0,16.904761904761905,34.436091053066676,0.0,0.0,7.0,14.0,199.0
127,35.0,21.485714285714284,43.474381522219446,0.0,0.0,7.0,21.0,248.0
128,35.0,21.685714285714287,64.65463516824988,0.0,0.0,7.0,17.5,381.0
129,35.0,18.485714285714284,46.83159531051372,0.0,0.0,7.0,14.0,262.0
130,37.0,17.486486486486488,42.845732071663306,0.0,0.0,7.0,14.0,227.0
131,34.0,20.88235294117647,47.26634058049827,0.0,0.0,3.5,14.0,248.0
132,33.0,20.03030303030303,41.20033741403464,0.0,0.0,7.0,21.0,220.0
133,36.0,20.88888888888889,73.88128615856958,0.0,0.0,0.0,7.0,430.0
134,34.0,15.323529411764707,41.13445845047993,0.0,0.0,0.0,12.25,234.0
135,35.0,34.68571428571428,63.082938603533236,0.0,0.0,14.0,35.0,266.0
136,35.0,20.885714285714286,65.57831933182302,0.0,0.0,0.0,14.0,374.0
137,48.0,13.041666666666666,39.13639995475363,0.0,0.0,7.0,14.0,269.0
138,31.0,19.06451612903226,45.95717969579289,0.0,0.0,7.0,21.0,255.0
139,30.0,19.7,54.16841553321742,0.0,0.0,7.0,14.0,297.0
140,38.0,12.236842105263158,43.52721063236024,0.0,0.0,0.0,7.0,269.0
141,25.0,12.16,42.13241032744269,0.0,0.0,0.0,7.0,213.0
142,36.0,21.666666666666668,44.06812907306141,0.0,0.0,7.0,21.0,255.0
143,27.0,15.407407407407407,58.521698316002194,0.0,0.0,0.0,3.5,304.0
144,29.0,14.827586206896552,62.55687067753243,0.0,0.0,0.0,7.0,339.0
145,38.0,17.57894736842105,60.96371609361671,0.0,0.0,0.0,7.0,353.0
146,33.0,32.333333333333336,128.64647941808073,0.0,0.0,0.0,14.0,738.0
147,35.0,17.485714285714284,41.261983235227575,0.0,0.0,0.0,17.5,220.0
148,29.0,33.41379310344828,117.6497578290809,0.0,0.0,7.0,21.0,640.0
149,37.0,13.513513513513514,41.66308092679071,0.0,0.0,0.0,7.0,248.0
