id,count,mean,std,min,25%,50%,75%,max
0,45.0,7.844444444444444,16.180734273084195,0.0,0.0,0.0,7.0,80.0
1,64.0,6.5,14.11067365901115,0.0,0.0,0.0,7.0,101.0
2,63.0,7.603174603174603,12.887277650582979,0.0,0.0,7.0,10.5,87.0
3,64.0,7.484375,17.736154615799773,0.0,0.0,0.0,7.0,105.0
4,55.0,11.127272727272727,22.245311237514123,0.0,0.0,7.0,7.0,119.0
5,64.0,4.640625,13.318285779750752,0.0,0.0,0.0,7.0,101.0
6,38.0,2.289473684210526,12.996689588354627,0.0,0.0,0.0,0.0,80.0
7,79.0,8.367088607594937,13.347598665418198,0.0,0.0,7.0,14.0,87.0
8,68.0,9.411764705882353,15.446813219249384,0.0,0.0,7.0,14.0,101.0
9,66.0,3.5454545454545454,12.074361672163453,0.0,0.0,0.0,5.25,94.0
10,32.0,4.03125,14.168307147269037,0.0,0.0,0.0,1.75,80.0
11,47.0,3.4893617021276597,12.882195904536196,0.0,0.0,0.0,0.0,87.0
12,49.0,13.061224489795919,17.838871604898515,0.0,0.0,7.0,14.0,94.0
13,64.0,3.765625,11.76454478035121,0.0,0.0,0.0,1.75,87.0
14,63.0,5.714285714285714,12.893394872430052,0.0,0.0,0.0,7.0,94.0
15,37.0,6.135135135135135,20.447985722807033,0.0,0.0,0.0,0.0,98.0
16,60.0,4.483333333333333,13.747716810951712,0.0,0.0,0.0,7.0,101.0
17,70.0,6.3428571428571425,12.580045983056575,0.0,0.0,3.5,7.0,94.0
18,66.0,10.545454545454545,26.84094565465911,0.0,0.0,0.0,7.0,189.0
19,64.0,11.203125,15.519756674066196,0.0,0.0,7.0,14.0,80.0
20,62.0,6.145161290322581,14.12571979792975,0.0,0.0,0.0,7.0,101.0
21,69.0,8.666666666666666,16.472496388067658,0.0,0.0,0.0,7.0,94.0
22,49.0,4.775510204081633,13.276334374433658,0.0,0.0,0.0,7.0,87.0
23,70.0,7.142857142857143,13.23290334162769,0.0,0.0,0.0,7.0,87.0
24,59.0,6.101694915254237,14.912035078458626,0.0,0.0,0.0,7.0,108.0
25,46.0,10.108695652173912,20.70451186563458,0.0,0.0,0.0,7.0,91.0
26,73.0,8.575342465753424,16.450192339486133,0.0,0.0,7.0,7.0,101.0
27,66.0,14.893939393939394,21.34776427701598,0.0,0.0,7.0,19.25,94.0
28,63.0,6.0476190476190474,13.382015581138173,0.0,0.0,0.0,7.0,80.0
29,68.0,6.838235294117647,13.618041472831203,0.0,0.0,3.5,7.0,87.0
30,50.0,11.12,15.75273218932422,0.0,7.0,7.0,12.25,94.0
31,40.0,7.425,16.52951904926456,0.0,0.0,0.0,7.0,87.0
32,62.0,5.241935483870968,15.910286891799784,0.0,0.0,0.0,7.0,115.0
33,31.0,5.516129032258065,15.67135596716067,0.0,0.0,0.0,3.5,80.0
34,68.0,9.926470588235293,16.27773516138522,0.0,0.0,7.0,14.0,108.0
35,33.0,5.181818181818182,16.381114403205572,0.0,0.0,0.0,7.0,94.0
36,45.0,7.844444444444444,16.836048385904732,0.0,0.0,7.0,7.0,108.0
37,64.0,7.265625,17.456742170927033,0.0,0.0,0.0,7.0,122.0
38,62.0,12.016129032258064,19.555295233138487,0.0,0.0,7.0,14.0,122.0
39,64.0,9.671875,19.281584838619697,0.0,0.0,0.0,14.0,101.0
40,50.0,8.46,20.19214840334869,0.0,0.0,0.0,7.0,122.0
41,64.0,6.609375,17.757285281133363,0.0,0.0,0.0,7.0,136.0
42,38.0,7.447368421052632,19.96171656002458,0.0,0.0,0.0,7.0,115.0
43,79.0,9.69620253164557,19.1614961344959,0.0,0.0,7.0,14.0,112.0
44,63.0,6.158730158730159,20.16321014924919,0.0,0.0,0.0,7.0,150.0
45,66.0,7.46969696969697,17.3375712050845,0.0,0.0,0.0,7.0,115.0
46,32.0,13.0,23.44244840234855,0.0,0.0,7.0,14.0,108.0
47,47.0,10.340425531914894,22.827592567410207,0.0,0.0,0.0,7.0,122.0
48,44.0,8.659090909090908,20.549365612137784,0.0,0.0,0.0,7.0,115.0
49,64.0,7.15625,16.546441376387317,0.0,0.0,0.0,7.0,115.0
50,62.0,12.241935483870968,18.824195699510625,0.0,0.0,7.0,14.0,122.0
51,36.0,10.194444444444445,19.53870802051945,0.0,0.0,7.0,7.0,108.0
52,60.0,4.133333333333334,17.041789778953866,0.0,0.0,0.0,0.0,129.0
53,70.0,6.542857142857143,17.300151389373386,0.0,0.0,0.0,7.0,129.0
54,64.0,12.296875,22.81511590785567,0.0,0.0,7.0,14.0,122.0
55,64.0,8.46875,15.233597736582123,0.0,0.0,7.0,8.75,108.0
56,61.0,5.442622950819672,16.11575273882042,0.0,0.0,0.0,7.0,115.0
57,69.0,8.159420289855072,19.85359886504933,0.0,0.0,0.0,7.0,122.0
58,49.0,7.061224489795919,17.81900689720729,0.0,0.0,0.0,7.0,115.0
59,70.0,12.442857142857143,23.98588698228861,0.0,0.0,7.0,7.0,143.0
60,58.0,6.568965517241379,18.648279229175984,0.0,0.0,0.0,7.0,129.0
61,44.0,9.931818181818182,20.243170226112866,0.0,0.0,0.0,14.0,101.0
62,72.0,11.319444444444445,24.996239936330756,0.0,0.0,7.0,14.0,161.0
63,61.0,17.147540983606557,23.801845912711457,0.0,0.0,7.0,21.0,122.0
64,60.0,9.85,21.080817049100045,0.0,0.0,0.0,7.0,115.0
65,68.0,9.308823529411764,17.74971713286585,0.0,0.0,3.5,8.75,108.0
66,49.0,12.346938775510203,20.73498555220958,0.0,0.0,7.0,14.0,129.0
67,39.0,8.871794871794872,18.329124777651273,0.0,0.0,0.0,7.0,101.0
68,62.0,3.8870967741935485,16.073708130747193,0.0,0.0,0.0,0.0,122.0
69,30.0,9.433333333333334,21.61685698123403,0.0,0.0,0.0,7.0,108.0
70,61.0,13.01639344262295,24.0065906251309,0.0,0.0,7.0,14.0,129.0
71,32.0,8.1875,21.154481718401744,0.0,0.0,0.0,7.0,115.0
72,45.0,6.911111111111111,19.904113579201095,0.0,0.0,0.0,7.0,129.0
73,64.0,7.15625,20.155127552726295,0.0,0.0,0.0,7.0,150.0
74,56.0,9.803571428571429,26.255679657661016,0.0,0.0,0.0,7.0,178.0
75,64.0,14.15625,23.953803919674684,0.0,0.0,7.0,14.0,136.0
76,49.0,13.775510204081632,41.68096353358971,0.0,0.0,0.0,7.0,276.0
77,63.0,5.380952380952381,20.072793793870456,0.0,0.0,0.0,7.0,157.0
78,38.0,10.026315789473685,23.291904221766845,0.0,0.0,0.0,7.0,129.0
79,77.0,13.402597402597403,25.27598180729336,0.0,0.0,0.0,14.0,150.0
