id,count,mean,std,min,25%,50%,75%,max
0,23.0,40.04347826086956,37.90955535681972,7.0,10.5,28.0,52.5,130.0
1,43.0,49.74418604651163,49.87799067212283,7.0,14.0,35.0,56.0,203.0
2,43.0,40.13953488372093,39.22801561769758,7.0,10.5,28.0,45.5,175.0
3,38.0,37.31578947368421,39.34676418795564,7.0,7.0,28.0,45.5,147.0
4,29.0,48.6551724137931,46.25957496413114,7.0,14.0,35.0,56.0,175.0
5,43.0,44.86046511627907,33.74172307350341,7.0,21.0,35.0,59.5,130.0
6,38.0,39.526315789473685,27.888520201558148,7.0,28.0,35.0,42.0,130.0
7,40.0,42.275,63.19890760983866,7.0,7.0,21.0,42.0,336.0
8,48.0,43.25,40.87422326674324,7.0,12.25,28.0,64.75,140.0
9,54.0,34.2962962962963,37.81415809007911,7.0,7.0,21.0,47.25,196.0
10,19.0,23.05263157894737,32.534552033544145,7.0,7.0,7.0,24.5,130.0
11,24.0,20.0,25.322270658539843,7.0,7.0,14.0,21.0,130.0
12,20.0,47.8,46.21870207018617,7.0,7.0,38.5,70.0,147.0
13,57.0,32.98245614035088,35.710888309584924,7.0,7.0,21.0,42.0,154.0
14,40.0,36.325,33.752787159368644,7.0,7.0,24.5,56.0,133.0
15,14.0,38.785714285714285,40.82076879279915,7.0,7.0,21.0,63.0,130.0
16,40.0,35.8,40.26909484952449,7.0,7.0,21.0,43.75,189.0
17,42.0,58.76190476190476,59.12690342372509,7.0,22.75,49.0,68.25,336.0
18,49.0,36.08163265306123,44.490559267619666,7.0,14.0,28.0,42.0,259.0
19,49.0,39.36734693877551,43.879424695005135,7.0,14.0,21.0,49.0,266.0
20,40.0,31.775,32.325656635605675,7.0,7.0,21.0,42.0,147.0
21,39.0,31.512820512820515,24.447442870124256,7.0,14.0,28.0,42.0,130.0
22,44.0,21.568181818181817,28.84553709971136,7.0,7.0,7.0,21.0,130.0
23,34.0,52.8235294117647,52.16667378540099,7.0,14.0,35.0,70.0,210.0
24,35.0,44.91428571428571,38.377667700776975,7.0,14.0,35.0,63.0,133.0
25,23.0,19.043478260869566,28.02673765737666,7.0,7.0,7.0,17.5,130.0
26,45.0,48.0,38.64406340388697,7.0,21.0,35.0,56.0,168.0
27,43.0,42.74418604651163,44.581168896239575,7.0,10.5,28.0,59.5,175.0
28,41.0,33.390243902439025,34.203711822535055,7.0,14.0,21.0,35.0,130.0
29,45.0,31.666666666666668,38.18019477068279,7.0,7.0,21.0,35.0,210.0
30,36.0,40.75,42.62686946047059,7.0,12.25,21.0,59.5,161.0
31,27.0,25.814814814814813,35.86946101655604,7.0,7.0,7.0,17.5,133.0
32,34.0,43.76470588235294,49.6155271538997,7.0,7.0,21.0,73.5,175.0
33,14.0,35.285714285714285,56.972906612811045,7.0,7.0,7.0,19.25,189.0
34,42.0,44.095238095238095,37.36622286126252,7.0,14.0,38.5,61.25,133.0
35,26.0,35.15384615384615,32.326697706623,7.0,14.0,28.0,47.25,130.0
36,30.0,35.833333333333336,46.03677939942437,7.0,7.0,14.0,50.75,182.0
37,36.0,51.05555555555556,49.17429319381328,7.0,14.0,35.0,66.5,196.0
38,41.0,52.34146341463415,49.940769795877976,7.0,14.0,35.0,77.0,217.0
39,47.0,42.08510638297872,43.499040362845214,7.0,14.0,28.0,49.0,168.0
40,32.0,38.40625,50.790435583623356,7.0,7.0,17.5,43.75,203.0
41,44.0,36.84090909090909,37.066842941717624,7.0,7.0,21.0,49.0,158.0
42,34.0,40.470588235294116,28.978817022216937,7.0,21.0,35.0,42.0,137.0
43,51.0,40.84313725490196,47.19761542663765,7.0,7.0,21.0,52.5,210.0
44,36.0,37.833333333333336,42.41462012089699,7.0,7.0,21.0,49.0,165.0
45,38.0,32.3421052631579,37.02758381282321,7.0,7.0,21.0,42.0,182.0
46,19.0,37.05263157894737,37.24912181546556,7.0,10.5,21.0,42.0,137.0
47,39.0,20.923076923076923,24.927668642847674,7.0,7.0,14.0,24.5,151.0
48,25.0,38.8,51.777569145979285,7.0,7.0,14.0,28.0,210.0
49,38.0,29.210526315789473,29.909013280133138,7.0,14.0,14.0,35.0,144.0
50,40.0,39.825,33.67559224157035,7.0,14.0,28.0,63.0,151.0
51,35.0,26.314285714285713,34.553259341087305,7.0,7.0,7.0,24.5,137.0
52,33.0,33.42424242424242,36.96538101980546,7.0,7.0,14.0,42.0,172.0
53,35.0,44.714285714285715,35.16563448509775,7.0,21.0,35.0,63.0,144.0
54,46.0,37.67391304347826,39.08057451404503,7.0,14.0,28.0,42.0,189.0
55,48.0,44.270833333333336,44.18420801133197,7.0,21.0,31.5,56.0,231.0
56,39.0,32.41025641025641,29.530285924362957,7.0,7.0,28.0,45.5,151.0
57,45.0,41.77777777777778,33.280412536293156,7.0,21.0,35.0,56.0,158.0
58,27.0,26.85185185185185,30.229511438714354,7.0,7.0,14.0,35.0,144.0
59,44.0,51.0,52.74731338909539,7.0,14.0,35.0,63.0,266.0
60,36.0,43.666666666666664,50.27524241612366,7.0,7.0,21.0,70.0,217.0
61,31.0,19.774193548387096,25.993216650271606,7.0,7.0,7.0,21.0,137.0
62,45.0,43.644444444444446,32.19412393840864,7.0,21.0,35.0,49.0,137.0
63,40.0,46.825,48.93265256635376,7.0,7.0,31.5,56.0,182.0
64,38.0,36.94736842105263,37.034642196426766,7.0,7.0,14.0,56.0,151.0
65,44.0,33.02272727272727,34.30878159764039,7.0,14.0,28.0,35.0,196.0
66,36.0,50.083333333333336,45.332659308714724,7.0,14.0,38.5,71.75,172.0
67,30.0,34.43333333333333,44.9372615016132,7.0,7.0,14.0,42.0,175.0
68,43.0,35.41860465116279,43.84291904501338,7.0,7.0,21.0,42.0,182.0
69,14.0,33.285714285714285,55.88646261212731,7.0,7.0,7.0,21.0,182.0
70,41.0,39.8780487804878,38.57926588334154,7.0,14.0,21.0,63.0,165.0
71,27.0,29.185185185185187,32.79544649095832,7.0,7.0,14.0,38.5,137.0
72,24.0,38.375,49.418191070653855,7.0,7.0,14.0,45.5,189.0
73,38.0,47.44736842105263,48.27886190043359,7.0,14.0,28.0,61.25,179.0
74,26.0,55.07692307692308,67.30641757034648,7.0,7.0,24.5,68.25,238.0
75,47.0,50.276595744680854,48.23524876002735,7.0,17.5,42.0,56.0,238.0
76,25.0,49.72,58.65685524017348,7.0,14.0,28.0,63.0,256.0
77,44.0,45.27272727272727,41.10076309842346,7.0,19.25,35.0,70.0,179.0
78,34.0,54.470588235294116,33.189296644621834,7.0,29.75,49.0,68.25,165.0
79,50.0,47.68,51.33620276457652,7.0,7.0,31.5,54.25,224.0
80,40.0,33.0,40.31987484718061,7.0,7.0,14.0,43.75,179.0
81,36.0,26.75,30.696090956341656,7.0,7.0,14.0,36.75,172.0
82,21.0,38.857142857142854,40.73362948999967,7.0,7.0,14.0,49.0,151.0
83,37.0,23.18918918918919,32.22907403592621,7.0,7.0,14.0,28.0,193.0
84,24.0,38.375,46.466268738029555,7.0,7.0,21.0,40.25,172.0
85,42.0,27.761904761904763,33.24103365171744,7.0,7.0,14.0,35.0,193.0
86,35.0,51.31428571428572,53.10631480595229,7.0,14.0,35.0,70.0,210.0
87,36.0,31.805555555555557,32.560115342411045,7.0,14.0,17.5,42.0,158.0
88,42.0,33.76190476190476,33.22855774694303,7.0,14.0,21.0,49.0,179.0
89,38.0,56.10526315789474,66.21700176617671,7.0,15.75,35.0,63.0,322.0
90,49.0,43.08163265306123,47.376522286313694,7.0,7.0,28.0,56.0,203.0
91,48.0,38.583333333333336,44.547289400229516,7.0,14.0,21.0,43.75,210.0
92,39.0,33.48717948717949,50.50787942430983,7.0,7.0,14.0,35.0,245.0
93,42.0,46.76190476190476,39.28681869422185,7.0,21.0,35.0,56.0,182.0
94,23.0,41.26086956521739,58.58111500793684,7.0,7.0,14.0,38.5,217.0
95,44.0,49.09090909090909,53.41144297821207,7.0,19.25,28.0,50.75,245.0
96,36.0,41.916666666666664,46.91961210410844,7.0,7.0,21.0,56.0,200.0
97,22.0,31.363636363636363,36.11429667378868,7.0,14.0,17.5,38.5,165.0
98,45.0,45.044444444444444,39.26249399036483,7.0,21.0,35.0,49.0,203.0
99,42.0,54.095238095238095,51.32051818256801,7.0,14.0,31.5,77.0,186.0
100,39.0,41.38461538461539,39.89962101430313,7.0,7.0,35.0,56.0,172.0
101,47.0,33.8936170212766,36.31458806317325,7.0,14.0,28.0,42.0,189.0
102,34.0,52.61764705882353,58.27885666079799,7.0,14.0,28.0,75.25,273.0
103,30.0,27.9,36.73704322380321,7.0,7.0,14.0,26.25,151.0
104,40.0,35.45,45.240638640666695,7.0,7.0,21.0,35.0,189.0
105,14.0,22.785714285714285,41.967347328110236,7.0,7.0,7.0,14.0,165.0
106,41.0,48.58536585365854,53.09377346250505,7.0,14.0,28.0,63.0,224.0
107,25.0,50.84,67.31993265989898,7.0,7.0,14.0,70.0,217.0
108,25.0,37.12,48.48308983552924,7.0,7.0,14.0,35.0,200.0
109,38.0,45.421052631578945,51.31915588768176,7.0,7.0,28.0,63.0,263.0
110,35.0,57.51428571428571,68.9118667440613,7.0,10.5,28.0,70.0,277.0
111,46.0,56.54347826086956,45.55226864541393,7.0,28.0,38.5,70.0,196.0
112,28.0,60.392857142857146,96.25711682614713,7.0,14.0,35.0,71.75,508.0
113,41.0,45.51219512195122,55.156197272482224,7.0,14.0,28.0,49.0,245.0
114,31.0,47.54838709677419,37.813435627809525,7.0,21.0,42.0,59.5,172.0
115,46.0,35.08695652173913,49.217352895975175,7.0,7.0,14.0,42.0,203.0
116,41.0,38.170731707317074,51.40763680574336,7.0,7.0,14.0,49.0,256.0
117,39.0,35.82051282051282,39.538703087422554,7.0,14.0,28.0,35.0,214.0
118,13.0,54.69230769230769,59.446593139535224,7.0,21.0,21.0,63.0,186.0
119,34.0,27.5,35.871192121846526,7.0,7.0,21.0,33.25,200.0
120,29.0,33.206896551724135,39.78368232467106,7.0,7.0,14.0,35.0,186.0
121,41.0,34.926829268292686,47.008185587141334,7.0,7.0,21.0,35.0,263.0
122,38.0,61.63157894736842,67.25723955913757,7.0,8.75,35.0,89.25,245.0
123,34.0,45.8235294117647,68.92704557289686,7.0,21.0,28.0,40.25,410.0
124,41.0,33.73170731707317,33.69794087940975,7.0,14.0,21.0,42.0,186.0
125,37.0,48.54054054054054,59.61617723897255,7.0,14.0,28.0,49.0,298.0
126,39.0,44.61538461538461,49.75392890310821,7.0,10.5,28.0,59.5,245.0
127,43.0,42.41860465116279,40.01085124131032,7.0,14.0,28.0,56.0,193.0
128,39.0,36.35897435897436,47.695021907006726,7.0,7.0,21.0,38.5,249.0
129,38.0,50.39473684210526,49.97055320653068,7.0,14.0,35.0,68.25,224.0
