id,count,mean,std,min,25%,50%,75%,max
0,41.0,8.390243902439025,21.33410186623811,0.0,0.0,0.0,7.0,134.0
1,51.0,11.137254901960784,25.540571338827277,0.0,0.0,7.0,7.0,141.0
2,50.0,10.52,25.021819050009704,0.0,0.0,0.0,12.25,148.0
3,50.0,10.66,22.911195017782404,0.0,0.0,0.0,14.0,120.0
4,45.0,18.377777777777776,24.17952635908104,0.0,0.0,7.0,21.0,127.0
5,52.0,7.423076923076923,21.531869816573952,0.0,0.0,0.0,7.0,148.0
6,46.0,9.76086956521739,19.05452385201617,0.0,0.0,3.5,14.0,120.0
7,59.0,16.152542372881356,28.139929637023293,0.0,0.0,7.0,14.0,140.0
8,52.0,16.71153846153846,29.179859115130835,0.0,0.0,7.0,15.75,162.0
9,57.0,18.31578947368421,32.51821351990782,0.0,0.0,7.0,21.0,141.0
10,32.0,5.0625,21.30415301024359,0.0,0.0,0.0,0.0,120.0
11,39.0,4.153846153846154,20.390320796550377,0.0,0.0,0.0,0.0,127.0
12,46.0,14.478260869565217,25.117270844699476,0.0,0.0,7.0,14.0,127.0
13,61.0,11.950819672131148,21.181301682937395,0.0,0.0,7.0,14.0,127.0
14,53.0,11.50943396226415,24.846933444522215,0.0,0.0,0.0,7.0,134.0
15,44.0,5.431818181818182,18.98763089092197,0.0,0.0,0.0,7.0,120.0
16,49.0,10.591836734693878,22.355012830223465,0.0,0.0,7.0,14.0,141.0
17,52.0,6.884615384615385,19.600574067377188,0.0,0.0,0.0,7.0,127.0
18,58.0,12.931034482758621,18.772751874622923,0.0,0.0,7.0,19.25,120.0
19,52.0,15.23076923076923,23.207178896579784,0.0,5.25,7.0,21.0,141.0
20,57.0,25.68421052631579,46.70582630171867,0.0,0.0,7.0,28.0,273.0
21,51.0,15.254901960784315,28.53408007085906,0.0,0.0,7.0,17.5,148.0
22,45.0,9.977777777777778,21.20408289252641,0.0,0.0,0.0,14.0,127.0
23,50.0,14.3,24.863915333556896,0.0,0.0,7.0,14.0,120.0
24,48.0,23.354166666666668,28.941973923869273,0.0,7.0,14.0,28.0,141.0
25,40.0,15.95,33.89119089841519,0.0,0.0,7.0,14.0,175.0
26,52.0,21.153846153846153,35.3860416789072,0.0,0.0,10.5,22.75,203.0
27,56.0,13.142857142857142,22.481854154712558,0.0,0.0,7.0,15.75,141.0
28,54.0,15.444444444444445,21.77818422587385,0.0,0.0,7.0,21.0,120.0
29,61.0,12.524590163934427,21.061502445122514,0.0,0.0,7.0,14.0,134.0
30,43.0,12.55813953488372,25.56159910563518,0.0,0.0,7.0,10.5,134.0
31,32.0,14.25,26.23836147519936,0.0,0.0,3.5,14.0,127.0
32,53.0,25.37735849056604,42.39567576601975,0.0,7.0,14.0,28.0,231.0
33,28.0,21.285714285714285,37.743635365211055,0.0,0.0,0.0,21.0,133.0
34,54.0,13.5,25.559217220127465,0.0,0.0,7.0,14.0,134.0
35,30.0,10.766666666666667,25.144661918357656,0.0,0.0,0.0,7.0,127.0
36,39.0,10.256410256410257,26.909906167293187,0.0,0.0,0.0,7.0,155.0
37,51.0,9.901960784313726,23.131152069847957,0.0,0.0,0.0,7.0,148.0
38,50.0,16.82,27.462545922973504,0.0,0.0,7.0,21.0,169.0
39,50.0,12.06,24.533533901871653,0.0,0.0,7.0,7.0,155.0
40,40.0,20.5,33.59410815253327,0.0,0.0,7.0,28.0,155.0
41,51.0,13.058823529411764,27.811085390330152,0.0,0.0,7.0,14.0,190.0
42,45.0,13.71111111111111,24.365234381483926,0.0,0.0,7.0,14.0,141.0
43,54.0,18.555555555555557,33.507907637061386,0.0,0.0,7.0,21.0,169.0
44,50.0,11.22,27.658478421117614,0.0,0.0,0.0,14.0,183.0
45,57.0,11.192982456140351,24.81174735921563,0.0,0.0,0.0,7.0,155.0
46,32.0,6.375,23.784991201419707,0.0,0.0,0.0,1.75,134.0
47,39.0,7.384615384615385,24.02478477324635,0.0,0.0,0.0,7.0,148.0
48,41.0,14.707317073170731,31.458896915212257,0.0,0.0,0.0,14.0,169.0
49,59.0,14.610169491525424,30.736935519716198,0.0,0.0,7.0,17.5,204.0
50,52.0,18.596153846153847,32.94395693663004,0.0,0.0,7.0,21.0,162.0
51,44.0,8.295454545454545,23.09895753759176,0.0,0.0,0.0,7.0,148.0
52,49.0,13.591836734693878,24.96574183368326,0.0,0.0,7.0,14.0,155.0
53,51.0,14.705882352941176,28.61698385060666,0.0,0.0,7.0,14.0,190.0
54,57.0,20.894736842105264,42.37489326178142,0.0,0.0,7.0,21.0,217.0
55,52.0,10.788461538461538,23.546646685584477,0.0,0.0,7.0,14.0,162.0
56,54.0,14.018518518518519,30.188396334278828,0.0,0.0,7.0,14.0,155.0
57,51.0,11.823529411764707,26.445949317317343,0.0,0.0,7.0,10.5,176.0
58,44.0,10.204545454545455,26.12810973632104,0.0,0.0,0.0,7.0,162.0
59,50.0,14.02,27.867390056685046,0.0,0.0,7.0,14.0,176.0
60,48.0,12.854166666666666,23.60489453692371,0.0,0.0,7.0,14.0,155.0
61,36.0,21.805555555555557,42.433019113788156,0.0,0.0,7.0,21.0,196.0
62,51.0,12.509803921568627,24.37242092941906,0.0,0.0,7.0,14.0,148.0
63,51.0,18.686274509803923,29.424133085668593,0.0,3.5,7.0,21.0,169.0
64,50.0,13.74,27.196796029784725,0.0,0.0,7.0,14.0,155.0
65,60.0,11.45,21.451107197531787,0.0,0.0,7.0,14.0,162.0
66,43.0,13.86046511627907,28.67932837374321,0.0,0.0,7.0,14.0,162.0
67,32.0,14.25,31.523672620490636,0.0,0.0,7.0,14.0,155.0
68,51.0,8.941176470588236,25.604227592103523,0.0,0.0,0.0,7.0,176.0
69,25.0,18.8,36.77521810495033,0.0,0.0,7.0,14.0,141.0
70,53.0,18.245283018867923,30.02236708521047,0.0,0.0,14.0,21.0,162.0
71,30.0,13.333333333333334,29.23664839196522,0.0,0.0,7.0,12.25,141.0
72,39.0,12.051282051282051,28.36598103172245,0.0,0.0,0.0,10.5,162.0
73,51.0,15.392156862745098,32.773207613154106,0.0,0.0,7.0,14.0,211.0
74,48.0,15.625,45.68095883407002,0.0,0.0,0.0,7.0,288.0
75,50.0,15.98,26.241025676818133,0.0,0.0,14.0,21.0,176.0
76,40.0,22.425,81.58993386253177,0.0,0.0,3.5,14.0,512.0
77,51.0,12.372549019607844,32.43144201808716,0.0,0.0,7.0,7.0,211.0
78,44.0,13.545454545454545,26.981004985380764,0.0,0.0,7.0,21.0,162.0
79,54.0,12.592592592592593,28.610935050647974,0.0,0.0,0.0,12.25,176.0
80,48.0,14.75,30.119972874447395,0.0,0.0,7.0,14.0,204.0
81,57.0,14.385964912280702,29.223128307389942,0.0,0.0,7.0,14.0,190.0
82,32.0,11.625,31.049128604467697,0.0,0.0,7.0,7.0,176.0
83,39.0,17.615384615384617,36.512878322597494,0.0,0.0,7.0,17.5,169.0
84,40.0,13.5,36.7674605302862,0.0,0.0,0.0,7.0,190.0
85,56.0,17.142857142857142,35.197845270532,0.0,0.0,7.0,21.0,232.0
86,52.0,16.173076923076923,29.33359257049852,0.0,0.0,7.0,15.75,176.0
87,44.0,15.613636363636363,52.55040367118247,0.0,0.0,7.0,14.0,351.0
88,48.0,15.625,38.89025749027093,0.0,0.0,0.0,14.0,203.0
89,50.0,15.42,43.9248384011988,0.0,0.0,0.0,7.0,246.0
90,57.0,15.24561403508772,32.30616963509026,0.0,0.0,7.0,21.0,176.0
91,50.0,20.6,27.145112688238058,0.0,7.0,14.0,28.0,169.0
92,51.0,16.764705882352942,39.63058830514334,0.0,0.0,7.0,21.0,274.0
93,51.0,14.019607843137255,34.386910414329705,0.0,0.0,7.0,14.0,225.0
94,41.0,16.24390243902439,35.2035371005563,0.0,0.0,0.0,14.0,183.0
95,48.0,21.75,48.808570925040215,0.0,0.0,7.0,14.0,259.0
96,47.0,19.085106382978722,35.144317239456605,0.0,0.0,7.0,24.5,169.0
97,36.0,22.0,45.73838650411709,0.0,0.0,7.0,14.0,218.0
98,50.0,22.98,45.8384430052206,0.0,0.0,7.0,14.0,197.0
99,51.0,13.196078431372548,28.07348899431144,0.0,0.0,7.0,14.0,183.0
100,48.0,10.8125,25.924322145880772,0.0,0.0,7.0,14.0,176.0
101,60.0,7.833333333333333,28.158851254175875,0.0,0.0,0.0,7.0,218.0
102,42.0,14.69047619047619,32.26981380012195,0.0,0.0,7.0,14.0,204.0
103,30.0,22.9,48.08924892394313,0.0,0.0,0.0,14.0,190.0
104,50.0,12.9,33.57188449538435,0.0,0.0,3.5,7.0,218.0
105,25.0,24.96,58.14671099898944,0.0,0.0,7.0,14.0,238.0
106,48.0,21.3125,35.14962319340419,0.0,0.0,7.0,22.75,197.0
107,30.0,19.4,42.43502132063514,0.0,0.0,7.0,14.0,225.0
108,39.0,16.53846153846154,38.666486341428836,0.0,0.0,7.0,14.0,225.0
109,50.0,16.26,42.704399238084534,0.0,0.0,7.0,14.0,281.0
110,48.0,20.583333333333332,74.02869867119342,0.0,0.0,0.0,14.0,505.0
111,50.0,13.74,28.050108224899443,0.0,0.0,7.0,14.0,183.0
112,40.0,20.325,88.29971905173528,0.0,0.0,0.0,14.0,561.0
113,51.0,14.294117647058824,36.39136937112813,0.0,0.0,7.0,14.0,246.0
114,44.0,14.5,33.47994887606888,0.0,0.0,0.0,15.75,183.0
115,53.0,20.88679245283019,41.235095385325174,0.0,0.0,7.0,21.0,204.0
116,47.0,15.659574468085106,38.92092127453389,0.0,0.0,7.0,14.0,253.0
117,54.0,18.685185185185187,41.06636326087926,0.0,0.0,7.0,21.0,218.0
118,32.0,17.96875,41.10920497736447,0.0,0.0,7.0,14.0,197.0
119,38.0,25.263157894736842,43.46647307580949,0.0,1.75,14.0,21.0,211.0
