id,count,mean,std,min,25%,50%,75%,max
0,36.0,10.416666666666666,25.088842141477954,0.0,0.0,7.0,14.0,151.0
1,51.0,12.568627450980392,22.263202736318764,0.0,0.0,7.0,14.0,144.0
2,49.0,18.79591836734694,47.4859538845597,0.0,0.0,7.0,14.0,301.0
3,50.0,10.3,20.99489733925161,0.0,0.0,7.0,14.0,137.0
4,42.0,14.928571428571429,29.496914147938778,0.0,0.0,7.0,14.0,137.0
5,51.0,16.274509803921568,31.87354917882384,0.0,0.0,7.0,14.0,151.0
6,45.0,11.28888888888889,26.984526055957446,0.0,0.0,0.0,14.0,130.0
7,53.0,23.056603773584907,48.28497739556254,0.0,0.0,7.0,21.0,308.0
8,52.0,19.596153846153847,30.099351576225036,0.0,5.25,7.0,22.75,158.0
9,63.0,9.396825396825397,21.89899075781707,0.0,0.0,0.0,7.0,151.0
10,25.0,6.32,25.977105304479174,0.0,0.0,0.0,0.0,130.0
11,51.0,10.784313725490197,23.696678016540798,0.0,0.0,0.0,10.5,137.0
12,38.0,27.55263157894737,34.27685167070033,0.0,1.75,14.0,40.25,130.0
13,65.0,10.184615384615384,20.07633269836363,0.0,0.0,0.0,14.0,137.0
14,45.0,22.022222222222222,36.841484083773686,0.0,0.0,7.0,21.0,175.0
15,44.0,6.454545454545454,20.29601237665258,0.0,0.0,0.0,7.0,130.0
16,47.0,16.46808510638298,27.664803462184494,0.0,0.0,7.0,14.0,165.0
17,42.0,16.095238095238095,28.507431229554545,0.0,0.0,7.0,14.0,137.0
18,52.0,13.538461538461538,27.86906468136629,0.0,0.0,7.0,14.0,130.0
19,49.0,14.081632653061224,23.781852968434666,0.0,0.0,7.0,14.0,151.0
20,47.0,16.46808510638298,33.33287387904135,0.0,0.0,7.0,14.0,175.0
21,41.0,10.682926829268293,27.39930567039085,0.0,0.0,0.0,7.0,151.0
22,37.0,5.594594594594595,22.66477867070827,0.0,0.0,0.0,0.0,137.0
23,43.0,20.27906976744186,43.05828031721621,0.0,0.0,7.0,14.0,224.0
24,45.0,15.955555555555556,23.817445435451447,0.0,0.0,7.0,21.0,144.0
25,37.0,5.216216216216216,21.86846427460625,0.0,0.0,0.0,0.0,130.0
26,46.0,15.0,27.75928273168775,0.0,0.0,7.0,14.0,130.0
27,49.0,15.224489795918368,23.007485472234944,0.0,7.0,7.0,21.0,151.0
28,48.0,11.895833333333334,23.76143808182308,0.0,0.0,0.0,15.75,144.0
29,56.0,12.321428571428571,21.243272426267648,0.0,0.0,7.0,14.0,137.0
30,40.0,25.125,53.50206681845248,0.0,0.0,7.0,21.0,294.0
31,33.0,8.818181818181818,22.801390507837652,0.0,0.0,0.0,7.0,130.0
32,48.0,11.458333333333334,25.12941679889293,0.0,0.0,7.0,7.0,151.0
33,28.0,8.892857142857142,27.537636582891945,0.0,0.0,0.0,1.75,137.0
34,46.0,17.130434782608695,27.25077670302031,0.0,0.0,10.5,21.0,158.0
35,29.0,8.344827586206897,25.43517792078658,0.0,0.0,0.0,7.0,130.0
36,36.0,13.722222222222221,28.96166048032774,0.0,0.0,7.0,8.75,158.0
37,51.0,11.333333333333334,25.778026818720367,0.0,0.0,7.0,7.0,172.0
38,49.0,19.510204081632654,42.158986017702276,0.0,0.0,7.0,21.0,217.0
39,48.0,23.854166666666668,43.39427826943113,0.0,7.0,10.5,21.0,245.0
40,39.0,17.512820512820515,29.294216956568672,0.0,0.0,7.0,24.5,165.0
41,51.0,13.666666666666666,27.51702503299851,0.0,0.0,7.0,14.0,186.0
42,45.0,11.444444444444445,31.272668545869216,0.0,0.0,0.0,7.0,158.0
43,52.0,24.173076923076923,45.94016618143953,0.0,5.25,14.0,28.0,287.0
44,47.0,12.148936170212766,36.01206242563748,0.0,0.0,0.0,7.0,186.0
45,61.0,11.081967213114755,23.526081329712362,0.0,0.0,7.0,14.0,165.0
46,25.0,7.44,28.68228256839635,0.0,0.0,0.0,0.0,144.0
47,50.0,15.34,32.584965858505974,0.0,0.0,7.0,14.0,179.0
48,37.0,13.162162162162161,28.92760457255848,0.0,0.0,0.0,14.0,165.0
49,64.0,11.65625,26.352445595976267,0.0,0.0,7.0,14.0,200.0
50,44.0,19.977272727272727,32.38036200464406,0.0,0.0,14.0,21.0,158.0
51,44.0,14.568181818181818,40.49082452897127,0.0,0.0,0.0,7.0,224.0
52,47.0,11.404255319148936,25.386284875095097,0.0,0.0,7.0,14.0,172.0
53,42.0,32.26190476190476,76.15198523229698,0.0,0.0,7.0,14.0,357.0
54,52.0,14.48076923076923,24.008569045904753,0.0,0.0,7.0,21.0,158.0
55,48.0,16.708333333333332,28.43279372248264,0.0,7.0,7.0,21.0,179.0
56,46.0,13.021739130434783,26.513299916528084,0.0,0.0,7.0,14.0,172.0
57,41.0,11.195121951219512,26.85537144799446,0.0,0.0,0.0,14.0,165.0
58,37.0,10.702702702702704,28.749748660606546,0.0,0.0,0.0,14.0,172.0
59,43.0,20.27906976744186,43.439791710780206,0.0,0.0,7.0,14.0,200.0
60,45.0,13.466666666666667,29.15912456598355,0.0,0.0,7.0,21.0,186.0
61,37.0,9.567567567567568,26.200657901558014,0.0,0.0,0.0,7.0,158.0
62,43.0,21.093023255813954,33.64082975130948,0.0,0.0,7.0,28.0,158.0
63,48.0,25.3125,38.62650189877631,0.0,7.0,14.0,22.75,172.0
64,48.0,13.9375,27.714660265228243,0.0,0.0,7.0,14.0,186.0
65,55.0,16.363636363636363,33.86758727771242,0.0,0.0,7.0,14.0,189.0
66,39.0,11.58974358974359,31.80095823508099,0.0,0.0,0.0,10.5,193.0
67,33.0,10.090909090909092,25.46856351019286,0.0,0.0,0.0,7.0,144.0
68,48.0,7.375,25.351675424092008,0.0,0.0,0.0,7.0,172.0
69,28.0,11.892857142857142,30.352666959171668,0.0,0.0,0.0,8.75,158.0
70,44.0,25.227272727272727,31.892161052130866,0.0,7.0,14.0,35.0,186.0
71,29.0,13.413793103448276,29.188448352753856,0.0,0.0,7.0,14.0,151.0
72,36.0,20.916666666666668,35.94231489484226,0.0,0.0,7.0,22.75,193.0
73,50.0,13.24,34.29735516666805,0.0,0.0,7.0,14.0,242.0
74,46.0,18.043478260869566,44.57102024197593,0.0,0.0,7.0,14.0,235.0
75,46.0,16.369565217391305,29.447021125066225,0.0,0.0,7.0,14.0,179.0
76,39.0,27.564102564102566,73.09503362486937,0.0,0.0,7.0,21.0,438.0
77,51.0,9.823529411764707,30.175954587951612,0.0,0.0,0.0,10.5,214.0
78,43.0,11.976744186046512,29.65956713238782,0.0,0.0,0.0,10.5,179.0
79,47.0,25.25531914893617,48.148984406241134,0.0,0.0,7.0,24.5,252.0
80,47.0,11.702127659574469,31.52977536401247,0.0,0.0,7.0,14.0,214.0
81,57.0,13.456140350877194,32.37452160453969,0.0,0.0,0.0,14.0,207.0
82,25.0,11.64,34.28177358305722,0.0,0.0,0.0,7.0,172.0
83,47.0,14.382978723404255,30.734171034781298,0.0,0.0,0.0,14.0,193.0
84,34.0,24.205882352941178,36.906745225463254,0.0,0.0,14.0,28.0,179.0
85,62.0,12.14516129032258,31.118939873106505,0.0,0.0,7.0,14.0,242.0
86,43.0,20.27906976744186,35.660652974148356,0.0,0.0,7.0,17.5,179.0
87,44.0,22.84090909090909,70.59281970925352,0.0,0.0,7.0,14.0,459.0
88,47.0,9.02127659574468,29.2281054151815,0.0,0.0,0.0,7.0,186.0
89,42.0,17.761904761904763,43.02285809002711,0.0,0.0,7.0,12.25,242.0
90,51.0,10.647058823529411,24.200680593249242,0.0,0.0,7.0,14.0,165.0
91,48.0,19.1875,31.316270157790896,0.0,0.0,14.0,21.0,200.0
92,45.0,15.022222222222222,44.66109191805695,0.0,0.0,7.0,14.0,298.0
93,41.0,25.195121951219512,68.7528979433577,0.0,0.0,7.0,14.0,406.0
94,36.0,23.25,45.38116349323803,0.0,0.0,7.0,15.75,193.0
95,42.0,19.595238095238095,34.888714734073915,0.0,7.0,7.0,19.25,214.0
96,44.0,15.522727272727273,35.452220474535196,0.0,0.0,7.0,8.75,200.0
97,37.0,19.027027027027028,48.70288976509989,0.0,0.0,7.0,21.0,284.0
98,40.0,24.775,46.05597903777755,0.0,5.25,7.0,29.75,217.0
99,43.0,17.837209302325583,33.02230864456715,0.0,0.0,7.0,21.0,179.0
100,44.0,17.272727272727273,34.05219225013522,0.0,0.0,7.0,21.0,207.0
101,52.0,14.211538461538462,37.179129997764186,0.0,0.0,0.0,14.0,235.0
102,39.0,19.128205128205128,39.6532201434674,0.0,0.0,7.0,14.0,214.0
103,30.0,18.1,35.41901885360073,0.0,0.0,7.0,14.0,186.0
104,48.0,10.729166666666666,31.24763111588797,0.0,0.0,0.0,7.0,200.0
105,28.0,14.142857142857142,34.36160032244681,0.0,0.0,7.0,8.75,179.0
106,43.0,27.930232558139537,40.684263571134984,0.0,7.0,14.0,28.0,200.0
107,28.0,16.642857142857142,41.0899774079549,0.0,0.0,7.0,15.75,214.0
108,36.0,24.61111111111111,73.69833406831151,0.0,0.0,7.0,14.0,410.0
109,49.0,17.081632653061224,48.55273624914369,0.0,0.0,7.0,14.0,333.0
110,45.0,23.11111111111111,86.71799179530221,0.0,0.0,7.0,14.0,585.0
111,46.0,15.91304347826087,30.769267558506435,0.0,0.0,7.0,14.0,193.0
112,38.0,27.36842105263158,96.60211542998245,0.0,0.0,7.0,21.0,599.0
113,50.0,12.4,37.96991290106268,0.0,0.0,3.5,12.25,263.0
114,42.0,17.095238095238095,35.57527884045428,0.0,0.0,7.0,21.0,207.0
115,47.0,19.4468085106383,34.7186258184768,0.0,0.0,7.0,21.0,200.0
116,46.0,16.065217391304348,40.78856167217746,0.0,0.0,7.0,14.0,242.0
117,57.0,17.385964912280702,41.57512751718478,0.0,0.0,7.0,14.0,235.0
118,24.0,20.875,41.69173883344903,0.0,0.0,7.0,22.75,200.0
119,47.0,21.97872340425532,45.675837662389526,0.0,0.0,7.0,28.0,228.0
120,32.0,30.75,55.95101544236939,0.0,0.0,7.0,28.0,186.0
121,59.0,14.779661016949152,36.47108812262977,0.0,0.0,0.0,14.0,256.0
122,43.0,16.697674418604652,34.052854494517874,0.0,0.0,7.0,21.0,214.0
123,44.0,18.386363636363637,69.55246168184293,0.0,0.0,7.0,14.0,466.0
124,47.0,11.404255319148936,30.90142783704626,0.0,0.0,0.0,7.0,193.0
125,42.0,17.095238095238095,49.77403060947204,0.0,0.0,7.0,7.0,305.0
126,50.0,18.56,32.6884863959337,0.0,0.0,7.0,21.0,186.0
127,48.0,23.854166666666668,37.56638922349046,0.0,7.0,14.0,28.0,235.0
128,45.0,19.22222222222222,51.405203525469574,0.0,0.0,7.0,14.0,340.0
129,41.0,15.975609756097562,35.4580652354849,0.0,7.0,7.0,14.0,228.0
