id,count,mean,std,min,25%,50%,75%,max
0,42.0,10.119047619047619,21.243308709438516,0.0,0.0,0.0,7.0,117.0
1,56.0,13.839285714285714,18.52151258864752,0.0,0.0,7.0,21.0,110.0
2,54.0,9.555555555555555,18.673628531052106,0.0,0.0,7.0,7.0,124.0
3,57.0,4.87719298245614,15.292470340752898,0.0,0.0,0.0,7.0,110.0
4,49.0,17.387755102040817,22.077341633571784,0.0,0.0,14.0,21.0,124.0
5,56.0,7.089285714285714,18.370209862427007,0.0,0.0,0.0,7.0,131.0
6,40.0,7.475,18.497383737388514,0.0,0.0,0.0,7.0,110.0
7,70.0,12.571428571428571,18.08560275233076,0.0,0.0,7.0,19.25,117.0
8,61.0,15.459016393442623,22.431803145305253,0.0,0.0,7.0,21.0,138.0
9,73.0,11.95890410958904,18.976914598301615,0.0,0.0,7.0,14.0,131.0
10,24.0,6.041666666666667,22.614883838182607,0.0,0.0,0.0,0.0,110.0
11,39.0,4.9743589743589745,18.819764498061158,0.0,0.0,0.0,3.5,117.0
12,49.0,15.816326530612244,27.122925012330246,0.0,0.0,0.0,14.0,124.0
13,63.0,6.301587301587301,17.323892619857475,0.0,0.0,0.0,7.0,124.0
14,56.0,9.464285714285714,23.728743050428246,0.0,0.0,0.0,7.0,119.0
15,39.0,3.717948717948718,17.84428069652146,0.0,0.0,0.0,0.0,110.0
16,56.0,18.339285714285715,24.970001482298194,0.0,0.0,10.5,21.0,131.0
17,57.0,12.859649122807017,19.451807294376117,0.0,0.0,7.0,14.0,124.0
18,58.0,13.0,34.379206281725054,0.0,0.0,0.0,14.0,238.0
19,58.0,7.327586206896552,17.091485446652662,0.0,0.0,0.0,7.0,117.0
20,59.0,16.576271186440678,29.675371995943095,0.0,0.0,7.0,17.5,161.0
21,56.0,6.839285714285714,19.17647876077195,0.0,0.0,0.0,7.0,131.0
22,47.0,9.48936170212766,20.99986784681558,0.0,0.0,0.0,7.0,117.0
23,57.0,12.24561403508772,20.974713263623606,0.0,0.0,7.0,14.0,131.0
24,53.0,11.716981132075471,21.337379046108953,0.0,0.0,7.0,14.0,138.0
25,40.0,15.175,23.510922175415867,0.0,0.0,7.0,15.75,110.0
26,58.0,14.327586206896552,22.620738762064352,0.0,0.0,7.0,14.0,131.0
27,61.0,17.065573770491802,20.887690834922385,0.0,0.0,14.0,21.0,124.0
28,58.0,9.017241379310345,15.226352248086837,0.0,0.0,7.0,14.0,110.0
29,61.0,13.049180327868852,23.744772217274967,0.0,0.0,7.0,14.0,117.0
30,46.0,14.26086956521739,21.15176355411707,0.0,0.0,7.0,14.0,124.0
31,39.0,10.0,19.88916658305272,0.0,0.0,7.0,14.0,117.0
32,55.0,10.4,20.79761382324282,0.0,0.0,7.0,14.0,145.0
33,28.0,11.428571428571429,23.18912352236388,0.0,0.0,0.0,8.75,110.0
34,59.0,12.661016949152541,20.79921265874854,0.0,0.0,7.0,17.5,145.0
35,31.0,8.290322580645162,21.684393079489368,0.0,0.0,0.0,7.0,117.0
36,42.0,11.952380952380953,25.98681877972677,0.0,0.0,3.5,14.0,152.0
37,56.0,9.839285714285714,20.68884353349038,0.0,0.0,7.0,7.0,145.0
38,51.0,25.901960784313726,55.26201404290683,0.0,0.0,7.0,17.5,273.0
39,57.0,11.385964912280702,19.384045709556492,0.0,0.0,7.0,14.0,131.0
40,46.0,15.173913043478262,32.5366831252399,0.0,0.0,7.0,21.0,215.0
41,56.0,11.589285714285714,20.057895100038685,0.0,0.0,7.0,14.0,145.0
42,40.0,16.4,25.09142258182041,0.0,0.0,7.0,21.0,138.0
43,67.0,19.29850746268657,27.547212874127926,0.0,0.0,7.0,28.0,166.0
44,56.0,11.214285714285714,23.47665322726488,0.0,0.0,7.0,14.0,166.0
45,68.0,10.573529411764707,21.49787644942967,0.0,0.0,3.5,14.0,145.0
46,24.0,7.5,25.626073678461026,0.0,0.0,0.0,0.0,124.0
47,38.0,11.0,26.132717404030508,0.0,0.0,0.0,12.25,152.0
48,43.0,9.395348837209303,24.084315717202585,0.0,0.0,0.0,7.0,138.0
49,63.0,10.523809523809524,22.066510271813186,0.0,0.0,7.0,7.0,152.0
50,56.0,13.964285714285714,22.47986111710114,0.0,0.0,7.0,15.75,145.0
51,38.0,7.315789473684211,23.391041555167266,0.0,0.0,0.0,7.0,138.0
52,53.0,11.056603773584905,28.8733408410034,0.0,0.0,0.0,14.0,159.0
53,56.0,12.214285714285714,22.96298546136153,0.0,0.0,7.0,14.0,166.0
54,58.0,16.017241379310345,25.50713101482369,0.0,0.0,7.0,21.0,152.0
55,57.0,12.12280701754386,20.960907640720308,0.0,0.0,7.0,14.0,145.0
56,55.0,13.454545454545455,24.12607179105915,0.0,0.0,7.0,14.0,138.0
57,56.0,10.714285714285714,24.40619465755237,0.0,0.0,7.0,14.0,173.0
58,45.0,13.333333333333334,23.983896112334893,0.0,0.0,7.0,14.0,124.0
59,57.0,16.29824561403509,33.93110925741444,0.0,0.0,7.0,14.0,182.0
60,53.0,11.452830188679245,21.632921881791336,0.0,0.0,7.0,14.0,152.0
61,40.0,22.0,44.200591712015665,0.0,0.0,7.0,21.0,231.0
62,57.0,17.157894736842106,24.503490621370233,0.0,7.0,14.0,21.0,138.0
63,59.0,16.694915254237287,25.37800720233289,0.0,0.0,7.0,21.0,159.0
64,57.0,11.631578947368421,23.021443093456654,0.0,0.0,7.0,14.0,145.0
65,59.0,14.796610169491526,28.491849809240335,0.0,0.0,7.0,14.0,152.0
66,45.0,12.088888888888889,23.72170297257749,0.0,0.0,7.0,14.0,152.0
67,38.0,9.342105263157896,21.972066191994255,0.0,0.0,0.0,12.25,131.0
68,55.0,8.872727272727273,23.822689577806674,0.0,0.0,0.0,7.0,173.0
69,28.0,18.428571428571427,34.41406750629809,0.0,0.0,0.0,28.0,138.0
70,57.0,16.54385964912281,25.813942920886905,0.0,0.0,7.0,21.0,159.0
71,30.0,15.1,26.767646451485493,0.0,0.0,7.0,14.0,138.0
72,42.0,14.952380952380953,28.897592423095315,0.0,0.0,7.0,21.0,166.0
73,56.0,12.089285714285714,25.100725658263915,0.0,0.0,7.0,14.0,180.0
74,49.0,22.102040816326532,78.65278255778135,0.0,0.0,0.0,21.0,544.0
75,56.0,21.339285714285715,30.09154323104705,0.0,7.0,14.0,21.0,173.0
76,43.0,19.325581395348838,60.32046203018411,0.0,0.0,7.0,14.0,397.0
77,56.0,8.589285714285714,21.152069991730468,0.0,0.0,3.5,7.0,152.0
78,39.0,18.435897435897434,40.64920201961299,0.0,0.0,0.0,14.0,189.0
79,65.0,17.523076923076925,29.242577953809327,0.0,0.0,7.0,21.0,180.0
80,55.0,11.927272727272728,32.41733335244436,0.0,0.0,0.0,14.0,222.0
81,68.0,9.235294117647058,24.463263744777233,0.0,0.0,0.0,7.0,187.0
82,23.0,17.26086956521739,34.490074186514946,0.0,0.0,7.0,14.0,159.0
83,38.0,22.236842105263158,34.307381768538285,0.0,0.0,10.5,35.0,180.0
84,43.0,10.69767441860465,31.721657678807908,0.0,0.0,0.0,7.0,159.0
85,60.0,16.533333333333335,36.91146836926352,0.0,0.0,7.0,14.0,229.0
86,56.0,18.089285714285715,26.94322433678526,0.0,7.0,7.0,21.0,173.0
87,38.0,15.605263157894736,59.20168892481445,0.0,0.0,0.0,7.0,362.0
88,53.0,8.415094339622641,23.373583019383354,0.0,0.0,0.0,14.0,166.0
89,56.0,12.089285714285714,36.56042410024274,0.0,0.0,7.0,7.0,264.0
90,55.0,17.78181818181818,34.58306742017764,0.0,0.0,0.0,14.0,159.0
91,54.0,19.796296296296298,28.855776459495306,0.0,7.0,14.0,26.25,201.0
92,54.0,12.537037037037036,34.86021301473306,0.0,0.0,0.0,7.0,236.0
93,56.0,10.214285714285714,27.587687824109498,0.0,0.0,0.0,14.0,201.0
94,45.0,18.155555555555555,34.40993220486542,0.0,0.0,0.0,21.0,159.0
95,56.0,18.714285714285715,34.36843916138192,0.0,0.0,7.0,21.0,194.0
96,52.0,12.211538461538462,24.973190753491163,0.0,0.0,7.0,14.0,166.0
97,37.0,27.56756756756757,59.79434223539351,0.0,0.0,7.0,28.0,285.0
98,56.0,19.464285714285715,31.864465409671567,0.0,0.0,7.0,21.0,187.0
99,59.0,16.10169491525424,26.387493716985308,0.0,0.0,7.0,21.0,166.0
100,54.0,11.24074074074074,26.006483360874476,0.0,0.0,3.5,12.25,173.0
101,58.0,14.206896551724139,31.93840487546475,0.0,0.0,7.0,14.0,201.0
102,45.0,19.866666666666667,33.07264730861441,0.0,7.0,7.0,21.0,187.0
103,37.0,13.18918918918919,29.871798143471786,0.0,0.0,0.0,7.0,159.0
104,54.0,11.75925925925926,26.90018950987828,0.0,0.0,7.0,14.0,194.0
105,25.0,22.32,41.614020073367904,0.0,0.0,7.0,21.0,166.0
106,54.0,20.574074074074073,26.62712608349064,0.0,7.0,14.0,21.0,166.0
107,30.0,14.4,29.082048023503766,0.0,0.0,7.0,14.0,152.0
108,41.0,14.121951219512194,34.51535536681553,0.0,0.0,7.0,14.0,215.0
109,56.0,16.589285714285715,37.84262953851926,0.0,0.0,7.0,7.0,257.0
