id,count,mean,std,min,25%,50%,75%,max
0,39.0,8.717948717948717,24.403352571606693,0.0,0.0,0.0,7.0,151.0
1,49.0,11.795918367346939,23.824864105800557,0.0,0.0,7.0,14.0,144.0
2,46.0,10.73913043478261,22.207541044137532,0.0,0.0,7.0,14.0,144.0
3,50.0,13.66,22.150330536069724,0.0,0.0,7.0,14.0,137.0
4,42.0,23.761904761904763,41.13855797644045,0.0,0.0,7.0,26.25,203.0
5,49.0,10.36734693877551,23.190958976103005,0.0,0.0,7.0,7.0,151.0
6,40.0,7.8,22.34025916338437,0.0,0.0,0.0,7.0,130.0
7,54.0,11.87037037037037,35.62702297270954,0.0,0.0,0.0,7.0,224.0
8,52.0,16.096153846153847,25.610398941380268,0.0,0.0,7.0,21.0,165.0
9,60.0,6.483333333333333,21.1575940340752,0.0,0.0,0.0,7.0,158.0
10,32.0,4.9375,23.01042891190161,0.0,0.0,0.0,0.0,130.0
11,47.0,5.297872340425532,20.069352466338607,0.0,0.0,0.0,7.0,137.0
12,36.0,16.055555555555557,29.968501983100712,0.0,0.0,3.5,14.0,130.0
13,58.0,6.344827586206897,18.366208219328154,0.0,0.0,0.0,7.0,137.0
14,44.0,26.977272727272727,49.36691700637775,0.0,0.0,14.0,28.0,273.0
15,40.0,10.425,28.909130400494938,0.0,0.0,0.0,0.0,130.0
16,47.0,11.404255319148936,25.278156556400955,0.0,0.0,7.0,14.0,165.0
17,42.0,13.761904761904763,28.41745386357246,0.0,0.0,7.0,14.0,137.0
18,53.0,13.415094339622641,24.65799446135702,0.0,0.0,7.0,14.0,130.0
19,49.0,21.224489795918366,35.43260345719888,0.0,0.0,14.0,21.0,189.0
20,44.0,23.477272727272727,30.59144783695436,0.0,0.0,14.0,29.75,144.0
21,43.0,9.69767441860465,23.336599992818282,0.0,0.0,7.0,7.0,151.0
22,37.0,4.648648648648648,22.4934758642691,0.0,0.0,0.0,0.0,137.0
23,43.0,10.511627906976743,23.142799037428937,0.0,0.0,7.0,7.0,137.0
24,48.0,17.291666666666668,26.43495295226856,0.0,0.0,7.0,21.0,144.0
25,48.0,14.520833333333334,24.27764016655527,0.0,0.0,7.0,22.75,130.0
26,47.0,13.936170212765957,20.734768380584452,0.0,0.0,7.0,21.0,130.0
27,51.0,19.705882352941178,26.986881344569667,0.0,3.5,14.0,21.0,151.0
28,50.0,20.38,30.436209638239404,0.0,0.0,14.0,21.0,144.0
29,55.0,15.854545454545455,29.265969481583376,0.0,0.0,7.0,21.0,154.0
30,41.0,11.878048780487806,27.236184683203355,0.0,0.0,7.0,7.0,165.0
31,30.0,5.966666666666667,23.68832585070535,0.0,0.0,0.0,0.0,130.0
32,46.0,10.434782608695652,27.96319181742952,0.0,0.0,0.0,7.0,151.0
33,31.0,16.612903225806452,27.18415889123031,0.0,0.0,7.0,21.0,137.0
34,47.0,23.914893617021278,36.619565800879705,0.0,0.0,7.0,28.0,175.0
35,25.0,8.0,25.96632434519757,0.0,0.0,0.0,7.0,130.0
36,39.0,13.743589743589743,27.748606364927255,0.0,0.0,7.0,17.5,158.0
37,49.0,8.36734693877551,25.934769034983887,0.0,0.0,0.0,7.0,179.0
38,45.0,23.266666666666666,41.05616994934003,0.0,0.0,7.0,28.0,172.0
39,49.0,12.653061224489797,26.665013766800747,0.0,0.0,7.0,14.0,165.0
40,39.0,20.205128205128204,37.4159967809854,0.0,0.0,7.0,21.0,165.0
41,49.0,17.93877551020408,30.504376846654658,0.0,7.0,7.0,21.0,200.0
42,40.0,11.125,29.174266409163067,0.0,0.0,0.0,7.0,158.0
43,54.0,15.11111111111111,26.07222672288096,0.0,0.0,7.0,21.0,179.0
44,50.0,9.46,26.902097634624276,0.0,0.0,0.0,7.0,186.0
45,60.0,8.583333333333334,23.42191619385763,0.0,0.0,0.0,7.0,172.0
46,32.0,7.78125,27.13375992042671,0.0,0.0,0.0,1.75,151.0
47,46.0,9.978260869565217,21.65639667415179,0.0,0.0,7.0,14.0,144.0
48,36.0,15.083333333333334,30.454063768239536,0.0,0.0,7.0,14.0,165.0
49,58.0,10.931034482758621,23.856193479516453,0.0,0.0,7.0,14.0,158.0
50,44.0,20.931818181818183,38.330507448617205,0.0,7.0,7.0,14.0,182.0
51,40.0,7.975,24.898241622601304,0.0,0.0,0.0,7.0,151.0
52,46.0,17.73913043478261,32.423883366438176,0.0,0.0,7.0,21.0,179.0
53,42.0,22.761904761904763,55.40485561349009,0.0,0.0,7.0,19.25,294.0
54,52.0,14.346153846153847,26.96976129172689,0.0,0.0,7.0,15.75,158.0
55,49.0,12.938775510204081,25.141605758902003,0.0,0.0,7.0,14.0,165.0
56,44.0,15.045454545454545,29.614542739151805,0.0,0.0,7.0,21.0,179.0
57,42.0,9.261904761904763,26.600989825531407,0.0,0.0,0.0,7.0,165.0
58,37.0,9.945945945945946,32.003425116996766,0.0,0.0,0.0,7.0,193.0
59,43.0,25.0,80.97942125420919,0.0,0.0,7.0,17.5,504.0
60,45.0,17.355555555555554,31.16463289426563,0.0,0.0,7.0,21.0,172.0
61,44.0,10.113636363636363,24.728493977117196,0.0,0.0,0.0,14.0,158.0
62,46.0,16.369565217391305,28.860090625600506,0.0,0.0,7.0,14.0,158.0
63,49.0,21.93877551020408,32.08738599724281,0.0,0.0,14.0,28.0,179.0
64,48.0,13.791666666666666,27.89338237184304,0.0,0.0,7.0,14.0,165.0
65,55.0,19.036363636363635,40.23448108294014,0.0,0.0,7.0,14.0,231.0
66,41.0,13.073170731707316,32.40709046173571,0.0,0.0,7.0,14.0,200.0
67,30.0,10.166666666666666,26.156140352906036,0.0,0.0,7.0,7.0,144.0
68,46.0,9.521739130434783,25.95443796813073,0.0,0.0,7.0,7.0,172.0
69,28.0,12.642857142857142,30.60526980247911,0.0,0.0,0.0,8.75,158.0
70,47.0,19.148936170212767,28.846655087084677,0.0,3.5,7.0,24.5,179.0
71,25.0,13.04,29.820965779129285,0.0,0.0,7.0,14.0,151.0
72,37.0,13.91891891891892,32.455421031845425,0.0,0.0,7.0,14.0,193.0
73,49.0,13.795918367346939,32.11436567944628,0.0,0.0,7.0,14.0,214.0
74,42.0,18.928571428571427,42.35528754801768,0.0,0.0,7.0,14.0,242.0
75,48.0,21.229166666666668,32.538840675141905,0.0,0.0,14.0,21.0,186.0
76,39.0,21.82051282051282,76.20950064922206,0.0,0.0,7.0,14.0,480.0
77,49.0,11.224489795918368,32.20136209989316,0.0,0.0,0.0,7.0,221.0
78,39.0,14.102564102564102,37.100712769287924,0.0,0.0,0.0,7.0,172.0
79,54.0,12.12962962962963,26.785694785524164,0.0,0.0,7.0,14.0,193.0
80,49.0,14.510204081632653,37.110265004544,0.0,0.0,7.0,7.0,214.0
81,58.0,15.03448275862069,32.46318590652267,0.0,0.0,7.0,14.0,207.0
82,32.0,15.0,32.29800752867862,0.0,0.0,7.0,21.0,179.0
83,45.0,18.288888888888888,37.205585004882735,0.0,0.0,0.0,21.0,193.0
84,35.0,27.514285714285716,65.29182068788936,0.0,0.0,7.0,14.0,343.0
85,58.0,16.724137931034484,35.87981551686827,0.0,0.0,7.0,19.25,263.0
86,44.0,23.477272727272727,39.74306353775147,0.0,5.25,7.0,22.75,186.0
87,40.0,21.275,73.39321127691895,0.0,0.0,7.0,14.0,466.0
88,46.0,13.478260869565217,32.17365321738669,0.0,0.0,0.0,14.0,193.0
89,42.0,14.095238095238095,45.92666982442163,0.0,0.0,0.0,7.0,291.0
90,51.0,11.745098039215685,26.325533717100512,0.0,0.0,0.0,10.5,172.0
91,49.0,18.081632653061224,28.632613059451014,0.0,7.0,14.0,21.0,186.0
92,43.0,17.511627906976745,49.46974645127553,0.0,0.0,7.0,14.0,319.0
93,42.0,13.595238095238095,29.64757179528472,0.0,0.0,7.0,14.0,179.0
94,37.0,22.243243243243242,36.38941039903215,0.0,7.0,14.0,21.0,207.0
95,43.0,25.976744186046513,55.46190815157691,0.0,0.0,7.0,17.5,238.0
96,44.0,16.477272727272727,32.011254297376915,0.0,0.0,7.0,14.0,186.0
97,44.0,12.5,43.85467544218672,0.0,0.0,0.0,7.0,284.0
98,42.0,31.761904761904763,76.21593506123901,0.0,0.0,14.0,21.0,427.0
99,48.0,19.1875,34.751798514609284,0.0,0.0,7.0,15.75,186.0
100,48.0,14.229166666666666,31.652528105366137,0.0,0.0,3.5,14.0,200.0
101,54.0,15.24074074074074,41.72458448426235,0.0,0.0,0.0,7.0,235.0
102,41.0,18.70731707317073,33.80328675028438,0.0,7.0,14.0,21.0,214.0
103,30.0,22.766666666666666,36.04277471554323,0.0,7.0,14.0,21.0,193.0
104,45.0,14.244444444444444,34.65030208156106,0.0,0.0,7.0,14.0,207.0
105,28.0,11.142857142857142,33.86543554817692,0.0,0.0,0.0,8.75,179.0
106,47.0,22.72340425531915,35.819415507369,0.0,0.0,14.0,28.0,221.0
107,25.0,25.36,43.53913948008925,0.0,0.0,14.0,35.0,214.0
108,36.0,18.0,75.051981985821,0.0,0.0,0.0,7.0,452.0
109,49.0,12.510204081632653,35.59033251751777,0.0,0.0,7.0,14.0,249.0
110,41.0,31.170731707317074,99.32972929567067,0.0,0.0,0.0,14.0,585.0
111,46.0,12.41304347826087,30.699675052175692,0.0,0.0,7.0,14.0,193.0
112,38.0,24.236842105263158,98.65458009409379,0.0,0.0,7.0,14.0,613.0
113,49.0,16.081632653061224,38.0426497142209,0.0,0.0,7.0,14.0,249.0
114,38.0,13.736842105263158,31.593434325202473,0.0,0.0,0.0,14.0,186.0
115,49.0,22.510204081632654,48.6210355920235,0.0,0.0,7.0,21.0,273.0
116,48.0,20.208333333333332,41.84010004327434,0.0,0.0,0.0,21.0,242.0
117,57.0,18.36842105263158,39.97482760569785,0.0,0.0,7.0,14.0,221.0
118,32.0,22.21875,47.75727228864325,0.0,0.0,7.0,21.0,200.0
119,43.0,22.88372093023256,42.91753404707883,0.0,0.0,14.0,28.0,249.0
120,31.0,38.064516129032256,68.5545697401571,0.0,0.0,14.0,21.0,294.0
121,57.0,12.964912280701755,38.78878930101579,0.0,0.0,0.0,7.0,284.0
122,44.0,14.886363636363637,31.959433523147865,0.0,0.0,7.0,14.0,200.0
123,40.0,20.925,75.07889440192486,0.0,0.0,3.5,14.0,473.0
124,46.0,14.695652173913043,43.61185851231923,0.0,0.0,0.0,7.0,217.0
125,42.0,27.761904761904763,72.65448117843648,0.0,0.0,7.0,14.0,305.0
126,50.0,18.28,33.58877363473865,0.0,0.0,7.0,21.0,193.0
127,49.0,23.79591836734694,36.96675285072427,0.0,7.0,14.0,28.0,228.0
128,43.0,17.674418604651162,55.460720089701475,0.0,0.0,7.0,14.0,361.0
129,41.0,18.365853658536587,39.764780961021884,0.0,0.0,7.0,14.0,235.0
