id,count,mean,std,min,25%,50%,75%,max
0,21.0,41.714285714285715,44.05353885574104,7.0,7.0,28.0,63.0,175.0
1,50.0,40.9,33.465333875946484,7.0,14.0,38.5,54.25,189.0
2,53.0,34.35849056603774,33.82255411568681,7.0,14.0,21.0,42.0,133.0
3,43.0,39.74418604651163,38.9548536148583,7.0,14.0,28.0,56.0,175.0
4,29.0,39.13793103448276,36.33251607221734,7.0,7.0,21.0,63.0,120.0
5,52.0,35.01923076923077,31.44961135369788,7.0,14.0,21.0,49.0,154.0
6,38.0,32.81578947368421,48.928991716986836,7.0,7.0,14.0,33.25,273.0
7,44.0,43.77272727272727,53.43148781442853,7.0,12.25,21.0,49.0,266.0
8,33.0,34.81818181818182,37.29649325460652,7.0,7.0,14.0,49.0,126.0
9,28.0,30.035714285714285,38.4673812208398,7.0,7.0,14.0,42.0,161.0
10,8.0,25.5,40.099875311526844,7.0,7.0,7.0,15.75,120.0
11,24.0,16.375,27.982622713266952,7.0,7.0,7.0,7.0,120.0
12,42.0,38.19047619047619,59.635166452492534,7.0,14.0,21.0,33.25,357.0
13,38.0,25.63157894736842,27.38753025841799,7.0,7.0,14.0,28.0,120.0
14,40.0,20.15,20.74206675655378,7.0,7.0,14.0,21.0,120.0
15,30.0,28.733333333333334,27.586770109193125,7.0,14.0,21.0,35.0,120.0
16,40.0,39.75,35.161714318931516,7.0,7.0,31.5,57.75,154.0
17,49.0,35.30612244897959,34.134051962832665,7.0,14.0,28.0,42.0,196.0
18,39.0,18.692307692307693,24.58621120417943,7.0,7.0,7.0,17.5,120.0
19,43.0,40.72093023255814,39.85827606084633,7.0,14.0,21.0,56.0,175.0
20,36.0,19.666666666666668,26.076809620810597,7.0,7.0,7.0,15.75,120.0
21,45.0,37.2,35.26948204377779,7.0,14.0,28.0,49.0,175.0
22,19.0,45.0,56.90830831746412,7.0,7.0,14.0,66.5,182.0
23,50.0,39.5,53.11106960216217,7.0,14.0,28.0,42.0,357.0
24,41.0,34.34146341463415,33.88112288288094,7.0,7.0,28.0,42.0,140.0
25,15.0,22.933333333333334,33.30265254700692,7.0,7.0,7.0,14.0,120.0
26,47.0,37.702127659574465,34.42377521020144,7.0,10.5,28.0,56.0,147.0
27,48.0,39.541666666666664,38.883874212311525,7.0,7.0,24.5,56.0,182.0
28,42.0,25.523809523809526,25.344685395887094,7.0,7.0,14.0,35.0,120.0
29,33.0,25.060606060606062,26.93851725914424,7.0,7.0,14.0,28.0,120.0
30,38.0,33.36842105263158,35.47699753637984,7.0,7.0,24.5,42.0,182.0
31,22.0,48.40909090909091,58.34108173647295,7.0,7.0,24.5,70.0,252.0
32,40.0,25.225,32.630399150454,7.0,7.0,7.0,28.0,126.0
33,13.0,28.076923076923077,34.395885263748085,7.0,7.0,7.0,28.0,120.0
34,41.0,38.4390243902439,35.13192905356024,7.0,14.0,28.0,56.0,147.0
35,26.0,17.53846153846154,23.28644372888358,7.0,7.0,7.0,21.0,120.0
36,24.0,34.75,36.854885818513296,7.0,12.25,21.0,36.75,148.0
37,46.0,38.21739130434783,33.58499204736032,7.0,14.0,31.5,49.0,168.0
38,42.0,46.69047619047619,44.85450087280205,7.0,14.0,31.5,61.25,189.0
39,54.0,38.388888888888886,37.86840006219487,7.0,14.0,28.0,42.0,210.0
40,24.0,46.416666666666664,49.90853953824516,7.0,7.0,17.5,82.25,154.0
41,47.0,35.765957446808514,35.92517148666066,7.0,14.0,21.0,42.0,175.0
42,25.0,38.96,56.068024161132456,7.0,7.0,14.0,56.0,266.0
43,50.0,40.06,65.19340457438926,7.0,7.0,14.0,47.25,343.0
44,36.0,42.611111111111114,53.47003314422429,7.0,7.0,14.0,70.0,182.0
45,49.0,24.73469387755102,28.13122191193449,7.0,7.0,14.0,28.0,148.0
46,25.0,16.84,25.014462483398145,7.0,7.0,7.0,14.0,127.0
47,40.0,20.85,31.014099357781763,7.0,7.0,7.0,21.0,147.0
48,18.0,33.5,44.95651493714918,7.0,7.0,14.0,28.0,161.0
49,37.0,25.37837837837838,30.358370025919218,7.0,7.0,14.0,28.0,134.0
50,44.0,31.84090909090909,37.45877931795888,7.0,14.0,21.0,35.0,203.0
51,43.0,27.697674418604652,33.70850880551486,7.0,7.0,14.0,28.0,133.0
52,33.0,28.87878787878788,34.74438585562923,7.0,7.0,14.0,35.0,148.0
53,39.0,32.51282051282051,27.420576018818036,7.0,14.0,28.0,42.0,134.0
54,52.0,22.76923076923077,25.219518883793466,7.0,7.0,14.0,28.0,127.0
55,50.0,37.82,32.31837159971311,7.0,14.0,28.0,49.0,148.0
56,41.0,22.5609756097561,28.22060309462557,7.0,7.0,14.0,21.0,148.0
57,45.0,39.06666666666667,39.169445420448,7.0,14.0,28.0,42.0,175.0
58,33.0,32.484848484848484,49.31222034909375,7.0,7.0,14.0,28.0,210.0
59,50.0,39.92,45.188873472507424,7.0,14.0,24.5,52.5,252.0
60,38.0,35.578947368421055,38.97998903037257,7.0,7.0,17.5,47.25,161.0
61,16.0,24.125,33.722149002300156,7.0,7.0,7.0,21.0,127.0
62,49.0,40.44897959183673,37.26485231001291,7.0,14.0,28.0,56.0,154.0
63,48.0,37.9375,40.536511648090105,7.0,7.0,21.0,49.0,175.0
64,42.0,31.69047619047619,31.76628685029959,7.0,7.0,21.0,40.25,127.0
65,40.0,28.375,26.29876422952227,7.0,7.0,21.0,42.0,141.0
66,32.0,47.9375,44.343190552632734,7.0,14.0,42.0,57.75,196.0
67,27.0,53.44444444444444,71.11979781344742,7.0,7.0,14.0,84.0,245.0
68,38.0,29.86842105263158,36.65335872123662,7.0,7.0,14.0,35.0,155.0
69,13.0,20.53846153846154,34.12871563316192,7.0,7.0,7.0,7.0,127.0
70,45.0,38.75555555555555,36.607348713038206,7.0,7.0,28.0,56.0,141.0
71,29.0,18.862068965517242,26.55281009870577,7.0,7.0,7.0,14.0,134.0
72,27.0,33.48148148148148,35.21185374095837,7.0,10.5,21.0,35.0,162.0
73,49.0,35.30612244897959,34.065625441707276,7.0,14.0,28.0,49.0,168.0
74,27.0,34.51851851851852,39.91372462080447,7.0,7.0,14.0,49.0,169.0
75,49.0,39.59183673469388,41.736234440904255,7.0,14.0,21.0,42.0,169.0
76,25.0,35.6,42.506862191101966,7.0,7.0,14.0,49.0,162.0
77,47.0,40.38297872340426,39.09050434651305,7.0,14.0,28.0,56.0,190.0
78,30.0,34.8,56.174236332915164,7.0,7.0,7.0,35.0,266.0
79,49.0,48.02040816326531,57.55449946062658,7.0,14.0,28.0,63.0,287.0
80,41.0,39.292682926829265,46.40864353891365,7.0,7.0,21.0,42.0,197.0
81,36.0,32.69444444444444,35.36327347844245,7.0,14.0,21.0,35.0,162.0
82,23.0,26.52173913043478,27.379271464537798,14.0,14.0,14.0,28.0,141.0
83,42.0,21.357142857142858,31.139200789101377,7.0,7.0,14.0,21.0,155.0
84,21.0,28.047619047619047,43.715530638980226,7.0,7.0,14.0,28.0,176.0
85,43.0,24.930232558139537,32.52500528812023,7.0,7.0,14.0,28.0,176.0
86,42.0,34.857142857142854,48.103329547847835,7.0,7.0,17.5,28.0,217.0
87,35.0,29.228571428571428,32.303783892626456,7.0,7.0,14.0,38.5,155.0
88,41.0,27.682926829268293,35.93148968828751,7.0,7.0,14.0,28.0,176.0
89,46.0,34.71739130434783,34.7112937391201,7.0,14.0,28.0,42.0,197.0
90,44.0,31.84090909090909,31.557215061062475,7.0,7.0,17.5,42.0,155.0
91,48.0,37.354166666666664,40.46142874778468,7.0,7.0,17.5,50.75,176.0
92,44.0,24.045454545454547,30.543872026860555,7.0,7.0,14.0,28.0,169.0
93,39.0,36.82051282051282,35.74387823542714,7.0,14.0,21.0,45.5,169.0
94,29.0,32.37931034482759,41.25133226688689,7.0,7.0,14.0,28.0,169.0
95,48.0,43.625,59.380713610870075,7.0,7.0,21.0,42.0,294.0
96,39.0,28.564102564102566,33.470171222648595,7.0,7.0,14.0,35.0,176.0
97,18.0,18.72222222222222,31.072601048958102,7.0,7.0,7.0,19.25,141.0
98,47.0,40.53191489361702,37.4199731972052,7.0,14.0,28.0,56.0,161.0
99,45.0,43.888888888888886,43.793535337692674,7.0,14.0,28.0,56.0,176.0
100,42.0,32.69047619047619,40.825319794866004,7.0,7.0,14.0,42.0,162.0
101,41.0,32.1219512195122,29.68854587374668,7.0,14.0,28.0,42.0,169.0
102,32.0,49.90625,58.89375856902917,7.0,14.0,21.0,50.75,210.0
103,25.0,51.0,61.94688585124087,7.0,7.0,14.0,63.0,203.0
104,37.0,28.972972972972972,39.366854703535175,7.0,7.0,14.0,28.0,183.0
105,16.0,20.625,34.95878525730931,7.0,7.0,7.0,21.0,148.0
106,42.0,39.69047619047619,48.92527308160042,7.0,7.0,17.5,54.25,189.0
107,24.0,34.166666666666664,33.4607708877993,7.0,14.0,21.0,42.0,155.0
108,29.0,28.275862068965516,33.74473138953285,7.0,7.0,14.0,35.0,169.0
109,47.0,34.276595744680854,37.904744527886336,7.0,10.5,21.0,42.0,190.0
110,45.0,50.577777777777776,52.88817056638077,7.0,14.0,42.0,63.0,295.0
111,47.0,45.4468085106383,50.68136116983987,7.0,7.0,28.0,59.5,210.0
112,27.0,53.7037037037037,87.44968435304551,7.0,7.0,21.0,70.0,442.0
113,45.0,41.71111111111111,40.10419510034411,7.0,14.0,28.0,56.0,197.0
114,26.0,42.30769230769231,50.7564925744632,7.0,7.0,24.5,42.0,196.0
115,47.0,44.5531914893617,60.55820359126965,7.0,7.0,21.0,56.0,280.0
116,41.0,37.24390243902439,44.27119858768502,7.0,7.0,21.0,42.0,211.0
117,32.0,48.59375,54.0494751697834,7.0,19.25,28.0,50.75,238.0
118,21.0,33.38095238095238,33.03100996105962,14.0,21.0,21.0,35.0,169.0
119,40.0,20.85,28.787060839809122,7.0,7.0,14.0,21.0,183.0
