id,count,mean,std,min,25%,50%,75%,max
0,24.0,78.75,138.59677203092178,7.0,7.0,10.5,94.5,518.0
1,41.0,50.19512195121951,58.05997739932178,7.0,14.0,35.0,56.0,301.0
2,41.0,47.97560975609756,59.036212533019956,7.0,14.0,21.0,63.0,301.0
3,36.0,53.666666666666664,65.366658167601,7.0,14.0,35.0,63.0,315.0
4,22.0,90.04545454545455,127.53318047164088,7.0,8.75,56.0,101.5,525.0
5,40.0,43.925,35.44543477168599,7.0,14.0,35.0,71.75,140.0
6,39.0,28.897435897435898,39.079402888151535,7.0,7.0,7.0,21.0,140.0
7,34.0,72.47058823529412,113.4343316354572,7.0,21.0,35.0,59.5,525.0
8,24.0,90.70833333333333,131.9059214040419,7.0,7.0,45.5,82.25,504.0
9,34.0,53.11764705882353,94.2481459365526,7.0,7.0,24.5,49.0,518.0
10,7.0,29.0,49.56813492557492,7.0,7.0,7.0,17.5,140.0
11,31.0,23.70967741935484,33.064778388679294,7.0,7.0,14.0,17.5,140.0
12,19.0,39.05263157894737,51.7198368178771,7.0,7.0,14.0,45.5,189.0
13,31.0,22.580645161290324,28.041367291376723,7.0,7.0,14.0,24.5,140.0
14,41.0,42.34146341463415,43.96510534281566,7.0,14.0,28.0,49.0,182.0
15,40.0,27.125,33.55912310519665,7.0,7.0,10.5,28.0,140.0
16,34.0,44.05882352941177,49.36318170119187,7.0,7.0,28.0,47.25,224.0
17,36.0,55.80555555555556,77.09060326078084,7.0,19.25,35.0,64.75,455.0
18,54.0,32.925925925925924,32.79429992570433,7.0,14.0,21.0,40.25,168.0
19,40.0,51.975,63.7215446800394,7.0,7.0,21.0,57.75,245.0
20,38.0,25.236842105263158,35.7872347847939,7.0,7.0,14.0,28.0,189.0
21,39.0,60.84615384615385,83.2003094824515,7.0,21.0,42.0,56.0,476.0
22,24.0,62.416666666666664,135.78080695087905,7.0,7.0,21.0,31.5,658.0
23,43.0,54.04651162790697,67.25146608009733,7.0,14.0,28.0,59.5,308.0
24,28.0,71.25,110.94263616175036,7.0,7.0,42.0,89.25,567.0
25,23.0,43.82608695652174,37.82694106527425,7.0,14.0,28.0,63.0,140.0
26,40.0,54.25,57.6744844263575,7.0,7.0,35.0,70.0,252.0
27,35.0,73.0,119.36621849437579,7.0,14.0,35.0,80.5,616.0
28,29.0,71.20689655172414,79.21957699527526,7.0,7.0,42.0,105.0,280.0
29,38.0,35.36842105263158,37.28808305585158,7.0,7.0,21.0,47.25,154.0
30,30.0,67.2,117.67354022449362,7.0,8.75,21.0,49.0,518.0
31,26.0,53.30769230769231,129.089974585409,7.0,7.0,7.0,49.0,658.0
32,29.0,51.172413793103445,69.24855282939504,7.0,7.0,21.0,56.0,343.0
33,15.0,39.666666666666664,60.775543326791144,7.0,7.0,14.0,17.5,168.0
34,34.0,70.0,111.01460455382627,7.0,14.0,21.0,84.0,546.0
35,26.0,37.96153846153846,32.90286403245866,7.0,14.0,28.0,56.0,140.0
36,23.0,78.52173913043478,105.25331761785573,7.0,7.0,28.0,101.5,371.0
37,43.0,50.46511627906977,63.30588960685039,7.0,14.0,28.0,49.0,294.0
38,42.0,51.0,51.49236268257795,7.0,14.0,28.0,70.0,252.0
39,45.0,51.644444444444446,60.77385635420559,7.0,14.0,35.0,63.0,343.0
40,25.0,80.08,121.96683975573033,7.0,7.0,21.0,91.0,532.0
41,40.0,50.05,52.228271153584124,7.0,14.0,31.5,68.25,266.0
42,23.0,36.82608695652174,41.74560638167701,7.0,7.0,14.0,56.0,147.0
43,39.0,56.53846153846154,93.96131515117949,7.0,14.0,28.0,42.0,546.0
44,30.0,72.8,116.27239124365356,7.0,7.0,21.0,77.0,462.0
45,35.0,55.4,93.07277355097241,7.0,14.0,21.0,45.5,497.0
46,25.0,17.36,29.22168144831277,7.0,7.0,7.0,14.0,147.0
47,41.0,33.97560975609756,63.04977708322134,7.0,7.0,14.0,21.0,322.0
48,29.0,41.758620689655174,97.11173798863047,7.0,7.0,14.0,35.0,518.0
49,53.0,20.867924528301888,27.949155578168295,7.0,7.0,7.0,21.0,168.0
50,39.0,45.76923076923077,47.00809646862165,7.0,14.0,28.0,42.0,168.0
51,40.0,27.3,39.93918453772512,7.0,7.0,14.0,28.0,196.0
52,41.0,37.90243902439025,45.981411938982895,7.0,7.0,14.0,49.0,210.0
53,35.0,44.4,46.30665051969254,7.0,17.5,35.0,56.0,245.0
54,51.0,32.666666666666664,31.88395625807228,7.0,14.0,21.0,42.0,147.0
55,39.0,73.05128205128206,91.13868804651187,7.0,21.0,35.0,94.5,399.0
56,33.0,32.45454545454545,39.783862077709124,7.0,7.0,21.0,35.0,182.0
57,39.0,57.256410256410255,76.51065214751334,7.0,21.0,42.0,66.5,455.0
58,28.0,54.75,83.00139445504203,7.0,14.0,21.0,45.5,406.0
59,41.0,56.853658536585364,64.12158800887956,7.0,21.0,35.0,56.0,315.0
60,28.0,76.5,126.68844841958939,7.0,7.0,38.5,71.75,588.0
61,24.0,36.458333333333336,34.968282730232104,7.0,12.25,24.5,45.5,147.0
62,42.0,62.333333333333336,97.53315050358246,7.0,8.75,31.5,68.25,595.0
63,33.0,75.0909090909091,124.36422406493247,7.0,7.0,21.0,63.0,539.0
64,31.0,72.70967741935483,117.36472881531516,7.0,7.0,21.0,87.5,525.0
65,43.0,30.11627906976744,30.95019755481652,7.0,7.0,21.0,35.0,161.0
66,28.0,84.0,135.81523396798232,7.0,12.25,31.5,70.0,553.0
67,29.0,49.96551724137931,123.86700320407616,7.0,7.0,7.0,21.0,658.0
68,36.0,43.55555555555556,66.05082218346045,7.0,7.0,21.0,49.0,336.0
69,19.0,33.526315789473685,54.100080530903945,7.0,7.0,7.0,17.5,168.0
70,34.0,67.94117647058823,109.70316455656825,7.0,7.0,28.0,61.25,462.0
71,24.0,32.083333333333336,37.32223566940114,7.0,7.0,14.0,38.5,147.0
72,21.0,88.0,132.4197870410612,7.0,7.0,35.0,161.0,560.0
73,43.0,47.04651162790697,63.08005249883527,7.0,10.5,28.0,42.0,308.0
74,32.0,43.3125,48.77164531873796,7.0,7.0,21.0,50.75,189.0
75,44.0,56.63636363636363,62.824632596521795,7.0,12.25,35.0,85.75,301.0
76,24.0,83.70833333333333,120.15767871269479,7.0,7.0,31.5,115.5,546.0
77,44.0,49.63636363636363,54.46957371678201,7.0,14.0,31.5,64.75,294.0
78,28.0,38.0,40.79124815356752,7.0,7.0,14.0,57.75,175.0
79,39.0,70.0,116.0485379394964,7.0,14.0,35.0,73.5,553.0
80,28.0,78.75,129.75550370115613,7.0,7.0,31.5,92.75,581.0
81,36.0,47.638888888888886,74.94194049025182,7.0,12.25,21.0,42.0,406.0
82,25.0,23.24,31.090298594041624,7.0,14.0,14.0,21.0,168.0
83,40.0,31.5,50.94844050354819,7.0,7.0,14.0,29.75,231.0
84,25.0,26.04,35.722868492512376,7.0,7.0,14.0,21.0,182.0
85,40.0,33.425,50.935800467164235,7.0,7.0,17.5,31.5,252.0
86,37.0,48.810810810810814,84.65348907879233,7.0,14.0,28.0,49.0,511.0
87,39.0,33.02564102564103,56.343162467287144,7.0,7.0,7.0,38.5,287.0
88,41.0,40.80487804878049,47.98709176028233,7.0,7.0,21.0,56.0,196.0
89,38.0,42.73684210526316,48.08027308604278,7.0,14.0,31.5,47.25,224.0
90,49.0,33.142857142857146,33.472625631501735,7.0,7.0,21.0,42.0,175.0
91,39.0,69.82051282051282,90.79411985216937,7.0,14.0,28.0,77.0,364.0
92,30.0,28.933333333333334,43.83978144085129,7.0,7.0,14.0,21.0,189.0
93,39.0,62.1025641025641,109.40455943346835,7.0,14.0,42.0,59.5,679.0
94,21.0,57.666666666666664,95.95120287590633,7.0,7.0,14.0,49.0,420.0
95,42.0,50.833333333333336,62.953686680500816,7.0,14.0,21.0,56.0,266.0
96,27.0,76.22222222222223,121.71414598695308,7.0,7.0,28.0,70.0,497.0
97,17.0,36.23529411764706,47.87683340061859,7.0,7.0,14.0,35.0,182.0
98,40.0,68.25,89.96202902706601,7.0,21.0,45.5,77.0,546.0
99,32.0,88.375,121.72172123066137,7.0,19.25,35.0,106.75,525.0
100,30.0,79.56666666666666,122.27715362589437,7.0,8.75,31.5,98.0,560.0
101,46.0,35.45652173913044,33.954679940401036,7.0,14.0,28.0,42.0,182.0
102,21.0,117.66666666666667,151.07062366103258,7.0,14.0,49.0,154.0,574.0
103,25.0,56.84,100.51603520500265,7.0,7.0,14.0,49.0,476.0
104,43.0,37.44186046511628,60.25276216769824,7.0,7.0,14.0,42.0,315.0
105,11.0,55.36363636363637,51.4825654513695,7.0,14.0,42.0,80.5,168.0
106,31.0,85.12903225806451,124.17319676846097,7.0,10.5,21.0,112.0,546.0
107,24.0,44.625,44.97904101284044,7.0,14.0,28.0,56.0,168.0
108,21.0,82.66666666666667,125.81746036752344,7.0,14.0,42.0,77.0,539.0
109,40.0,48.475,71.05793501224989,7.0,14.0,28.0,42.0,308.0
110,35.0,58.6,68.31380878408287,7.0,14.0,21.0,80.5,301.0
111,42.0,58.5,53.37362553208302,7.0,22.75,42.0,84.0,238.0
112,19.0,120.47368421052632,180.18982842826023,7.0,14.0,56.0,112.0,595.0
113,39.0,50.43589743589744,56.66791298145199,7.0,14.0,35.0,66.5,287.0
114,30.0,33.833333333333336,44.692885597022105,7.0,7.0,14.0,33.25,196.0
115,39.0,63.17948717948718,93.60523821230693,7.0,7.0,28.0,70.0,413.0
116,22.0,96.0909090909091,140.2028832972007,7.0,8.75,42.0,106.75,539.0
117,31.0,49.45161290322581,78.90536048950347,7.0,14.0,21.0,45.5,399.0
118,21.0,29.333333333333332,36.21233675604673,7.0,21.0,21.0,28.0,182.0
119,38.0,30.57894736842105,45.92863534667632,7.0,7.0,14.0,21.0,224.0
120,26.0,39.57692307692308,98.39803781658374,7.0,7.0,14.0,21.0,490.0
121,45.0,37.17777777777778,51.26193381629158,7.0,7.0,21.0,35.0,273.0
122,38.0,56.36842105263158,84.34530732476951,7.0,14.0,35.0,56.0,483.0
123,40.0,33.95,55.06217930434274,7.0,7.0,10.5,36.75,308.0
124,35.0,39.2,40.64682897696146,7.0,14.0,21.0,59.5,196.0
125,32.0,53.15625,76.69887048627879,7.0,12.25,21.0,52.5,322.0
126,49.0,33.285714285714285,33.46515600840174,7.0,14.0,28.0,42.0,196.0
127,34.0,76.17647058823529,107.10387780893478,7.0,8.75,42.0,82.25,532.0
128,34.0,33.55882352941177,62.65208946017275,7.0,7.0,14.0,26.25,336.0
129,39.0,59.23076923076923,94.55587641803223,7.0,14.0,28.0,66.5,574.0
130,25.0,65.8,116.25761623796238,7.0,7.0,21.0,49.0,525.0
131,41.0,56.68292682926829,67.37486141892622,7.0,14.0,21.0,70.0,245.0
132,32.0,69.78125,120.75347704203774,7.0,7.0,17.5,70.0,525.0
133,12.0,79.33333333333333,138.02393292688794,7.0,12.25,21.0,70.0,490.0
134,40.0,71.225,92.49795216028382,7.0,26.25,49.0,71.75,532.0
135,33.0,88.03030303030303,111.86361250661587,7.0,14.0,49.0,112.0,490.0
136,26.0,93.6923076923077,133.3469967358153,7.0,8.75,31.5,110.25,525.0
137,49.0,31.714285714285715,41.80759500377892,7.0,7.0,21.0,35.0,266.0
138,27.0,86.33333333333333,125.62551186271533,7.0,10.5,21.0,108.5,497.0
139,23.0,63.30434782608695,136.0870158734038,7.0,7.0,7.0,38.5,616.0
