id,count,mean,std,min,25%,50%,75%,max
0,23.0,37.78260869565217,37.36424703539119,7.0,7.0,21.0,63.0,120.0
1,49.0,39.44897959183673,30.65674288559927,7.0,21.0,28.0,56.0,120.0
2,49.0,40.87755102040816,40.56457437071849,7.0,14.0,28.0,49.0,203.0
3,50.0,36.98,33.903518570032986,7.0,14.0,21.0,49.0,133.0
4,34.0,49.85294117647059,42.46362604090576,7.0,15.75,35.0,70.0,147.0
5,55.0,30.054545454545455,30.22840103207957,7.0,7.0,14.0,38.5,120.0
6,26.0,21.03846153846154,24.887717081694365,7.0,7.0,14.0,21.0,120.0
7,47.0,45.0,63.22389476744704,7.0,7.0,14.0,59.5,315.0
8,38.0,40.921052631578945,48.3094650112463,7.0,7.0,21.0,42.0,224.0
9,52.0,39.32692307692308,45.38191794780624,7.0,14.0,28.0,49.0,294.0
10,3.0,49.333333333333336,61.598160145684005,7.0,14.0,21.0,70.5,120.0
11,19.0,17.736842105263158,26.853185420941443,7.0,7.0,7.0,14.0,120.0
12,45.0,26.155555555555555,28.7575725644217,7.0,7.0,21.0,28.0,126.0
13,46.0,26.652173913043477,30.297940811073357,7.0,7.0,17.5,28.0,175.0
14,39.0,19.94871794871795,21.399641804612575,7.0,7.0,14.0,28.0,120.0
15,41.0,37.58536585365854,46.179527720493255,7.0,7.0,21.0,49.0,238.0
16,42.0,34.857142857142854,35.19463056924909,7.0,7.0,21.0,61.25,147.0
17,51.0,39.13725490196079,34.88267169116674,7.0,14.0,21.0,52.5,147.0
18,42.0,36.857142857142854,36.28247674107845,7.0,7.0,24.5,54.25,133.0
19,43.0,42.83720930232558,40.66701613777912,7.0,10.5,28.0,56.0,168.0
20,49.0,26.448979591836736,31.342902721675415,7.0,7.0,14.0,35.0,154.0
21,48.0,36.625,32.0269999126402,7.0,14.0,21.0,49.0,120.0
22,39.0,37.53846153846154,54.05885980934706,7.0,7.0,14.0,38.5,217.0
23,40.0,34.675,31.211756085627705,7.0,7.0,21.0,50.75,120.0
24,38.0,32.81578947368421,39.02103054809754,7.0,7.0,21.0,40.25,196.0
25,17.0,40.8235294117647,46.554048285457476,7.0,7.0,21.0,42.0,182.0
26,44.0,37.25,41.32858968778629,7.0,14.0,21.0,35.0,161.0
27,51.0,39.411764705882355,38.737153468260026,7.0,7.0,21.0,59.5,175.0
28,42.0,30.023809523809526,33.94650604905375,7.0,7.0,14.0,35.0,140.0
29,41.0,30.073170731707318,39.13335549368495,7.0,7.0,14.0,35.0,217.0
30,31.0,48.354838709677416,48.99356990945974,7.0,14.0,28.0,84.0,196.0
31,25.0,50.16,87.92121473228177,7.0,7.0,14.0,35.0,322.0
32,30.0,31.766666666666666,33.72268583950402,7.0,7.0,14.0,42.0,120.0
33,19.0,35.05263157894737,37.16700102123227,7.0,14.0,14.0,45.5,120.0
34,39.0,43.1025641025641,46.712330656451144,7.0,7.0,28.0,63.0,224.0
35,22.0,31.545454545454547,35.40073616765789,7.0,7.0,17.5,38.5,126.0
36,29.0,31.17241379310345,38.52093027128911,7.0,7.0,14.0,42.0,148.0
37,45.0,39.68888888888889,30.40994321705725,7.0,21.0,35.0,49.0,148.0
38,43.0,42.51162790697674,40.314461598209256,7.0,14.0,28.0,52.5,154.0
39,51.0,41.19607843137255,38.3504991403466,7.0,14.0,28.0,49.0,175.0
40,30.0,31.766666666666666,31.77689828110692,7.0,7.0,21.0,40.25,134.0
41,50.0,31.8,31.204395294802392,7.0,14.0,21.0,35.0,162.0
42,37.0,21.216216216216218,21.105732679818342,7.0,14.0,14.0,21.0,127.0
43,50.0,32.64,38.439860264351346,7.0,7.0,14.0,47.25,168.0
44,32.0,44.65625,56.289350035502764,7.0,7.0,21.0,54.25,231.0
45,34.0,38.73529411764706,51.740206992317326,7.0,8.75,21.0,35.0,245.0
46,28.0,20.285714285714285,40.88362630040172,7.0,7.0,7.0,7.0,189.0
47,38.0,19.92105263157895,22.186411203826164,7.0,7.0,14.0,21.0,134.0
48,15.0,26.2,34.7649248525004,7.0,7.0,7.0,28.0,134.0
49,42.0,18.69047619047619,21.973918126189798,7.0,7.0,14.0,21.0,134.0
50,49.0,28.306122448979593,24.759008530257436,7.0,7.0,21.0,42.0,141.0
51,37.0,38.432432432432435,51.58248009016484,7.0,7.0,21.0,42.0,252.0
52,28.0,33.035714285714285,36.107331914576825,7.0,7.0,14.0,38.5,148.0
53,43.0,31.27906976744186,29.2007220894045,7.0,7.0,21.0,45.5,134.0
54,44.0,38.36363636363637,53.487269039090435,7.0,14.0,21.0,42.0,315.0
55,49.0,41.02040816326531,34.505730077238844,7.0,14.0,35.0,56.0,148.0
56,34.0,19.38235294117647,27.010676571336656,7.0,7.0,7.0,21.0,148.0
57,41.0,37.41463414634146,45.446108529639865,7.0,7.0,14.0,49.0,210.0
58,23.0,45.08695652173913,75.20814332327576,7.0,7.0,14.0,35.0,336.0
59,51.0,38.72549019607843,39.700417343585976,7.0,14.0,28.0,52.5,217.0
60,35.0,40.22857142857143,44.028123174308725,7.0,7.0,28.0,49.0,154.0
61,12.0,46.75,42.52298843513407,7.0,12.25,31.5,70.0,127.0
62,46.0,41.41304347826087,43.54541745858584,7.0,14.0,28.0,47.25,182.0
63,48.0,42.166666666666664,39.377244391736255,7.0,14.0,28.0,57.75,154.0
64,43.0,28.186046511627907,30.835396955874536,7.0,7.0,14.0,42.0,127.0
65,43.0,31.6046511627907,37.27896095966944,7.0,7.0,21.0,38.5,203.0
66,33.0,50.93939393939394,53.713906133525725,7.0,14.0,28.0,91.0,217.0
67,30.0,46.7,78.38637724714056,7.0,7.0,10.5,47.25,315.0
68,28.0,37.035714285714285,40.87241408094503,7.0,7.0,24.5,42.0,155.0
69,15.0,37.86666666666667,34.960930574952755,7.0,21.0,21.0,38.5,127.0
70,42.0,38.023809523809526,45.6863581577579,7.0,7.0,21.0,49.0,245.0
71,27.0,27.77777777777778,45.10017340349859,7.0,7.0,7.0,17.5,182.0
72,32.0,26.5,33.28663395418648,7.0,7.0,14.0,28.0,162.0
73,39.0,42.38461538461539,32.56622029731791,7.0,17.5,35.0,56.0,155.0
74,31.0,32.54838709677419,38.81995939348504,7.0,7.0,21.0,35.0,169.0
75,47.0,44.702127659574465,46.27372007184743,7.0,7.0,28.0,63.0,169.0
76,31.0,36.16129032258065,43.55234151699428,7.0,7.0,21.0,35.0,162.0
77,50.0,34.88,32.42362454401772,7.0,14.0,28.0,47.25,190.0
78,38.0,26.736842105263158,27.442011795416906,7.0,14.0,14.0,28.0,148.0
79,51.0,47.92156862745098,75.97469134843652,7.0,7.0,21.0,45.5,385.0
80,36.0,44.55555555555556,57.823101880745824,7.0,7.0,14.0,57.75,252.0
81,37.0,38.432432432432435,59.10139147663509,7.0,7.0,21.0,42.0,322.0
82,26.0,23.192307692307693,41.261138356346144,7.0,7.0,14.0,14.0,175.0
83,35.0,26.62857142857143,26.97284660137881,7.0,7.0,21.0,31.5,155.0
84,24.0,25.416666666666668,33.58560336845518,7.0,7.0,21.0,28.0,169.0
85,38.0,19.92105263157895,28.825084401505432,7.0,7.0,7.0,21.0,176.0
86,42.0,35.69047619047619,29.91409496903579,7.0,14.0,28.0,49.0,162.0
87,38.0,29.86842105263158,46.55317857329811,7.0,7.0,7.0,35.0,245.0
88,31.0,39.54838709677419,53.59529749874045,7.0,7.0,21.0,42.0,231.0
89,40.0,39.75,37.31621631409058,7.0,14.0,28.0,59.5,176.0
90,45.0,40.31111111111111,45.72985011914201,7.0,7.0,28.0,49.0,252.0
91,44.0,40.43181818181818,34.994616015977485,7.0,12.25,35.0,56.0,162.0
92,35.0,23.428571428571427,29.82526141523985,7.0,7.0,14.0,21.0,155.0
93,41.0,39.63414634146341,52.831219982866656,7.0,7.0,14.0,56.0,266.0
94,27.0,50.851851851851855,68.96917020485631,7.0,14.0,28.0,49.0,322.0
95,48.0,41.729166666666664,49.93729667583919,7.0,7.0,21.0,49.0,231.0
96,34.0,45.94117647058823,54.1898688823203,7.0,7.0,17.5,61.25,210.0
97,19.0,35.05263157894737,51.44735570810929,7.0,7.0,14.0,31.5,203.0
98,42.0,41.19047619047619,42.3828302184822,7.0,14.0,21.0,47.25,155.0
99,42.0,54.523809523809526,52.108815833528496,7.0,14.0,35.0,82.25,196.0
100,45.0,32.84444444444444,37.233877264684864,7.0,7.0,21.0,42.0,162.0
101,44.0,32.0,41.84189510582081,7.0,7.0,14.0,36.75,196.0
102,32.0,47.9375,55.24895999605025,7.0,7.0,24.5,73.5,210.0
103,24.0,54.583333333333336,95.29218986504279,7.0,7.0,14.0,36.75,371.0
104,38.0,31.157894736842106,43.506772579828805,7.0,7.0,14.0,28.0,182.0
105,16.0,46.875,45.99257186401589,7.0,7.0,31.5,68.25,148.0
106,38.0,46.81578947368421,52.50269247312421,7.0,14.0,24.5,61.25,210.0
107,23.0,39.0,43.057044614198624,7.0,7.0,21.0,59.5,155.0
108,34.0,23.91176470588235,33.06776114426972,7.0,7.0,10.5,28.0,176.0
109,37.0,43.16216216216216,39.89396606666889,7.0,21.0,35.0,56.0,197.0
110,45.0,42.8,59.00870505889172,7.0,14.0,28.0,42.0,344.0
111,48.0,45.666666666666664,43.76938273780231,7.0,14.0,35.0,56.0,183.0
112,28.0,53.285714285714285,96.13526625536241,7.0,7.0,21.0,57.75,491.0
113,47.0,37.40425531914894,34.37558510140344,7.0,17.5,28.0,49.0,204.0
114,32.0,33.28125,35.63817668030695,7.0,7.0,24.5,36.75,169.0
115,48.0,52.375,78.99734038076245,7.0,7.0,21.0,57.75,378.0
116,34.0,40.38235294117647,45.74104628785858,7.0,7.0,17.5,56.0,211.0
117,38.0,42.94736842105263,62.764229513323414,7.0,7.0,21.0,47.25,308.0
118,20.0,30.15,51.4497966851898,7.0,7.0,14.0,21.0,183.0
119,31.0,39.32258064516129,64.04029309571393,7.0,7.0,14.0,42.0,329.0
