id,count,mean,std,min,25%,50%,75%,max
0,31.0,22.838709677419356,23.69964384288443,7.0,7.0,14.0,28.0,120.0
1,37.0,28.027027027027028,28.99663437029899,7.0,7.0,14.0,42.0,120.0
2,49.0,41.44897959183673,39.50583354839816,7.0,14.0,28.0,56.0,182.0
3,41.0,40.65853658536585,41.05094990137108,7.0,21.0,28.0,49.0,196.0
4,35.0,21.62857142857143,24.79929519193654,7.0,7.0,7.0,21.0,120.0
5,54.0,33.98148148148148,28.333253175370643,7.0,14.0,24.5,42.0,120.0
6,20.0,34.35,38.51763095955984,7.0,12.25,21.0,29.75,140.0
7,44.0,44.25,57.03451627314488,7.0,7.0,21.0,52.5,266.0
8,48.0,30.9375,30.687447187630596,7.0,7.0,21.0,42.0,126.0
9,34.0,15.264705882352942,21.28779537033028,7.0,7.0,7.0,14.0,120.0
10,8.0,24.625,39.231683624336085,7.0,7.0,7.0,17.5,120.0
11,27.0,15.333333333333334,22.23476141955689,7.0,7.0,7.0,14.0,120.0
12,41.0,37.75609756097561,43.477454207787325,7.0,14.0,21.0,49.0,245.0
13,41.0,26.658536585365855,27.38577163062743,7.0,7.0,14.0,35.0,120.0
14,47.0,20.127659574468087,19.99414808004603,7.0,7.0,14.0,28.0,120.0
15,37.0,33.7027027027027,38.71467197104769,7.0,7.0,21.0,42.0,161.0
16,37.0,42.972972972972975,39.17374864092768,7.0,14.0,28.0,63.0,147.0
17,43.0,34.86046511627907,40.247201260489234,7.0,7.0,21.0,42.0,203.0
18,56.0,28.392857142857142,26.73960533565321,7.0,7.0,21.0,35.0,126.0
19,38.0,33.73684210526316,28.590004122142503,7.0,14.0,28.0,40.25,120.0
20,50.0,32.5,47.19185765120323,7.0,7.0,17.5,28.0,294.0
21,42.0,46.357142857142854,60.896081586693576,7.0,21.0,31.5,49.0,385.0
22,19.0,19.57894736842105,32.96684494301928,7.0,7.0,7.0,14.0,120.0
23,48.0,43.625,45.33732903750858,7.0,14.0,21.0,63.0,196.0
24,49.0,36.59183673469388,35.83464243772296,7.0,14.0,21.0,49.0,168.0
25,25.0,30.84,51.15310352266028,7.0,7.0,14.0,21.0,245.0
26,40.0,39.05,40.74054869159604,7.0,12.25,28.0,49.0,203.0
27,40.0,36.075,27.831348770028633,7.0,14.0,28.0,49.0,120.0
28,42.0,31.19047619047619,31.22869076021248,7.0,7.0,21.0,33.25,120.0
29,51.0,21.980392156862745,21.82428940064572,7.0,7.0,21.0,21.0,120.0
30,20.0,28.05,32.743782053359304,7.0,7.0,7.0,31.5,120.0
31,9.0,43.666666666666664,38.71046370169182,7.0,7.0,35.0,70.0,120.0
32,44.0,38.68181818181818,37.68521561152468,7.0,14.0,21.0,50.75,161.0
33,12.0,27.5,37.79490105099556,7.0,7.0,10.5,19.25,120.0
34,41.0,31.609756097560975,28.645137500787534,7.0,14.0,21.0,42.0,120.0
35,11.0,28.09090909090909,36.89025493393762,7.0,7.0,7.0,24.5,120.0
36,35.0,20.62857142857143,25.43976243216595,7.0,7.0,14.0,24.5,148.0
37,51.0,29.254901960784313,30.063162266970455,7.0,7.0,21.0,42.0,148.0
38,46.0,44.0,41.57723736212721,7.0,21.0,28.0,56.0,168.0
39,50.0,40.06,40.492080354417105,7.0,14.0,35.0,49.0,210.0
40,30.0,27.8,28.338349792560564,7.0,7.0,14.0,47.25,134.0
41,45.0,36.111111111111114,33.64941051909867,7.0,7.0,28.0,49.0,155.0
42,35.0,25.62857142857143,31.85268084966985,7.0,7.0,14.0,31.5,133.0
43,48.0,46.25,64.92598076828261,7.0,7.0,24.5,63.0,364.0
44,41.0,31.097560975609756,36.63182010086912,7.0,7.0,14.0,42.0,162.0
45,38.0,26.0,25.75245986676203,7.0,8.75,14.0,35.0,148.0
46,24.0,16.666666666666668,25.868676150841225,7.0,7.0,7.0,14.0,127.0
47,46.0,16.456521739130434,19.777323177753217,7.0,7.0,14.0,19.25,134.0
48,22.0,36.63636363636363,41.99494919125106,7.0,7.0,14.0,40.25,134.0
49,43.0,28.186046511627907,25.222114081886353,7.0,10.5,21.0,35.0,134.0
50,45.0,27.4,28.044931481787966,7.0,7.0,14.0,28.0,141.0
51,38.0,31.710526315789473,39.52003111303133,7.0,7.0,14.0,35.0,154.0
52,34.0,27.205882352941178,31.077400355149155,7.0,7.0,14.0,28.0,148.0
53,41.0,39.80487804878049,42.87611194604469,7.0,14.0,28.0,49.0,210.0
54,49.0,28.448979591836736,28.769964969630074,7.0,7.0,14.0,35.0,127.0
55,51.0,38.450980392156865,35.4340591665647,7.0,14.0,28.0,49.0,168.0
56,39.0,27.666666666666668,29.715611113683142,7.0,7.0,21.0,42.0,148.0
57,36.0,50.97222222222222,55.64196058531527,7.0,21.0,35.0,63.0,322.0
58,36.0,19.083333333333332,28.450834785643814,7.0,7.0,10.5,14.0,141.0
59,49.0,44.16326530612245,53.09713855236437,7.0,14.0,28.0,56.0,287.0
60,36.0,29.97222222222222,35.29911865440521,7.0,7.0,14.0,36.75,148.0
61,14.0,30.071428571428573,36.362415688802564,7.0,7.0,7.0,56.0,127.0
62,45.0,42.644444444444446,45.91848288768992,7.0,14.0,28.0,49.0,203.0
63,53.0,32.113207547169814,33.73292181999342,7.0,7.0,21.0,42.0,168.0
64,44.0,24.681818181818183,24.228344660529928,7.0,7.0,17.5,35.0,127.0
65,35.0,27.02857142857143,27.661276515869528,7.0,7.0,21.0,31.5,141.0
66,42.0,27.523809523809526,31.369736927326365,7.0,7.0,14.0,28.0,141.0
67,24.0,27.75,33.461528850957755,7.0,7.0,10.5,42.0,141.0
68,31.0,36.83870967741935,45.84400853197253,7.0,7.0,14.0,45.5,168.0
69,17.0,20.647058823529413,29.660455948262555,7.0,7.0,7.0,14.0,127.0
70,37.0,42.21621621621622,38.428964145358975,7.0,7.0,28.0,63.0,141.0
71,21.0,23.38095238095238,31.738740035603477,7.0,7.0,7.0,21.0,134.0
72,29.0,26.82758620689655,31.517646945251435,7.0,7.0,14.0,28.0,162.0
73,47.0,33.234042553191486,30.788346726839084,7.0,14.0,28.0,38.5,155.0
74,32.0,34.375,34.29732426316816,7.0,14.0,21.0,43.75,169.0
75,47.0,43.808510638297875,44.175853279262995,7.0,14.0,28.0,56.0,189.0
76,27.0,33.74074074074074,50.389706360748995,7.0,7.0,14.0,38.5,210.0
77,42.0,42.523809523809526,37.923053092614694,7.0,15.75,35.0,54.25,204.0
78,33.0,34.18181818181818,38.383308990900055,7.0,7.0,21.0,35.0,148.0
79,49.0,47.02040816326531,65.90602204272837,7.0,7.0,28.0,49.0,399.0
80,37.0,33.513513513513516,34.2601336360026,7.0,7.0,21.0,49.0,183.0
81,40.0,28.375,35.66632218860726,7.0,7.0,14.0,35.0,190.0
82,25.0,26.08,28.07270323048115,7.0,14.0,14.0,21.0,148.0
83,43.0,19.232558139534884,24.096865246929568,7.0,7.0,14.0,21.0,155.0
84,29.0,31.17241379310345,36.44670175702483,7.0,7.0,21.0,28.0,176.0
85,39.0,23.358974358974358,27.960956970566144,7.0,7.0,14.0,24.5,162.0
86,44.0,38.52272727272727,38.085270690278634,7.0,12.25,24.5,56.0,183.0
87,34.0,34.61764705882353,52.62043312416469,7.0,7.0,7.0,28.0,189.0
88,41.0,29.048780487804876,35.01424797101331,7.0,7.0,14.0,28.0,169.0
89,40.0,45.175,41.37253362390969,7.0,14.0,35.0,57.75,204.0
90,48.0,33.708333333333336,33.19764047840348,7.0,14.0,21.0,42.0,176.0
91,50.0,36.14,30.130335923403557,7.0,14.0,28.0,42.0,162.0
92,41.0,24.26829268292683,28.033038000049068,7.0,7.0,14.0,35.0,155.0
93,42.0,32.857142857142854,34.72229299257209,7.0,7.0,17.5,42.0,176.0
94,32.0,36.78125,34.4624474211868,7.0,14.0,24.5,49.0,169.0
95,49.0,45.87755102040816,59.34525839422683,7.0,7.0,28.0,49.0,336.0
96,37.0,26.7027027027027,30.766923856693957,7.0,7.0,14.0,42.0,169.0
97,24.0,17.25,28.037629993495774,7.0,7.0,7.0,14.0,141.0
98,43.0,46.41860465116279,67.40574815044286,7.0,14.0,28.0,45.5,406.0
99,50.0,40.2,39.155368177848324,7.0,14.0,35.0,49.0,203.0
100,43.0,32.41860465116279,34.75439852816135,7.0,7.0,21.0,49.0,162.0
101,41.0,33.48780487804878,35.805112729343215,7.0,7.0,21.0,42.0,169.0
102,38.0,39.81578947368421,35.534418232041105,7.0,14.0,28.0,47.25,169.0
103,21.0,37.714285714285715,39.90631886950093,7.0,14.0,21.0,49.0,162.0
104,35.0,36.42857142857143,44.87452160274948,7.0,7.0,14.0,45.5,176.0
105,14.0,20.071428571428573,37.39079336643485,7.0,7.0,7.0,12.25,148.0
106,33.0,49.45454545454545,44.88324500098207,7.0,14.0,35.0,70.0,190.0
107,20.0,30.85,31.70800164660417,14.0,14.0,21.0,42.0,155.0
108,28.0,28.035714285714285,35.54077693856489,7.0,7.0,10.5,35.0,176.0
109,45.0,38.91111111111111,47.694969346987754,7.0,14.0,28.0,35.0,225.0
110,48.0,39.6875,53.071672233094574,7.0,7.0,31.5,50.75,358.0
111,46.0,48.56521739130435,46.38565495395367,7.0,14.0,35.0,70.0,203.0
112,29.0,49.758620689655174,94.78496534352067,7.0,7.0,28.0,49.0,519.0
113,41.0,40.31707317073171,42.39306489532826,7.0,14.0,28.0,49.0,225.0
114,32.0,33.0625,47.2139519428793,7.0,7.0,10.5,28.0,182.0
115,47.0,42.02127659574468,55.997472521263475,7.0,7.0,14.0,56.0,315.0
116,37.0,35.972972972972975,38.43210932315616,7.0,7.0,21.0,63.0,204.0
117,37.0,35.027027027027025,43.483385388039935,7.0,7.0,21.0,42.0,211.0
118,21.0,37.714285714285715,42.12498410343065,7.0,21.0,28.0,28.0,169.0
119,41.0,19.829268292682926,30.993469020927943,7.0,7.0,7.0,21.0,176.0
