id,count,mean,std,min,25%,50%,75%,max
0,13.0,17.153846153846153,22.7040604072126,7.0,7.0,7.0,21.0,90.0
1,55.0,24.545454545454547,19.777295420289754,7.0,7.0,14.0,35.0,90.0
2,52.0,18.01923076923077,15.049578698572423,7.0,7.0,14.0,21.0,90.0
3,48.0,27.979166666666668,26.497281742026146,7.0,7.0,14.0,36.75,112.0
4,23.0,13.652173913043478,18.021726018771126,7.0,7.0,7.0,7.0,90.0
5,58.0,16.396551724137932,13.502358020409353,7.0,7.0,14.0,21.0,90.0
6,12.0,17.416666666666668,24.433428417690877,7.0,7.0,7.0,10.5,90.0
7,33.0,20.12121212121212,18.87418471046759,7.0,7.0,14.0,21.0,90.0
8,43.0,30.093023255813954,39.132749622576426,7.0,7.0,14.0,35.0,196.0
9,27.0,15.0,18.53686555530316,7.0,7.0,7.0,14.0,90.0
10,27.0,24.59259259259259,28.468956452274142,7.0,7.0,7.0,28.0,105.0
11,11.0,16.454545454545453,24.800659815269583,7.0,7.0,7.0,10.5,90.0
12,36.0,19.22222222222222,20.14392657298417,7.0,7.0,10.5,21.0,90.0
13,25.0,13.12,16.87532715732251,7.0,7.0,7.0,14.0,90.0
14,62.0,20.193548387096776,15.139611175548753,7.0,8.75,14.0,21.0,90.0
15,33.0,29.03030303030303,17.749093019934936,7.0,21.0,21.0,35.0,90.0
16,50.0,26.16,41.26735132903838,7.0,7.0,14.0,28.0,266.0
17,50.0,17.2,16.65618718160226,7.0,7.0,7.0,21.0,90.0
18,49.0,21.122448979591837,30.279691112650916,7.0,7.0,7.0,21.0,175.0
19,61.0,16.508196721311474,15.575218511917866,7.0,7.0,7.0,21.0,90.0
20,26.0,13.153846153846153,17.00280519841901,7.0,7.0,7.0,12.25,90.0
21,35.0,19.97142857142857,17.289040585577556,7.0,7.0,14.0,24.5,90.0
22,25.0,18.72,21.024826594607937,7.0,7.0,7.0,21.0,90.0
23,67.0,21.29850746268657,18.156737563524484,7.0,7.0,14.0,28.0,90.0
24,39.0,12.897435897435898,14.801839984832027,7.0,7.0,7.0,14.0,90.0
25,17.0,17.235294117647058,20.04847067660245,7.0,7.0,7.0,21.0,90.0
26,45.0,21.6,19.31014806214127,7.0,7.0,14.0,28.0,90.0
27,62.0,16.016129032258064,16.999027875275374,7.0,7.0,7.0,19.25,90.0
28,40.0,18.875,27.30660434813602,7.0,7.0,7.0,21.0,147.0
29,43.0,16.58139534883721,17.24919950956943,7.0,7.0,7.0,21.0,90.0
30,41.0,20.804878048780488,18.981859118899713,7.0,7.0,14.0,28.0,90.0
31,34.0,14.794117647058824,16.094003046052457,7.0,7.0,7.0,19.25,90.0
32,28.0,15.964285714285714,21.916478060628506,7.0,7.0,7.0,14.0,91.0
33,5.0,23.6,37.11872842649651,7.0,7.0,7.0,7.0,90.0
34,46.0,22.347826086956523,20.353779219162604,7.0,7.0,14.0,28.0,90.0
35,26.0,22.846153846153847,19.51756605254315,7.0,7.0,17.5,35.0,90.0
36,19.0,16.894736842105264,22.92474339331027,7.0,7.0,7.0,17.5,104.0
37,42.0,28.642857142857142,23.90001676555329,7.0,7.0,21.0,40.25,118.0
38,54.0,24.74074074074074,21.947781239290293,7.0,7.0,21.0,28.0,132.0
39,63.0,26.206349206349206,25.19226630571421,7.0,7.0,14.0,35.0,133.0
40,29.0,13.724137931034482,20.104897327559875,7.0,7.0,7.0,7.0,111.0
41,46.0,20.82608695652174,19.493935635731653,7.0,7.0,14.0,28.0,118.0
42,38.0,14.157894736842104,16.338524058832633,7.0,7.0,7.0,14.0,97.0
43,69.0,16.318840579710145,14.696430892870463,7.0,7.0,14.0,21.0,104.0
44,33.0,19.272727272727273,28.140576494708583,7.0,7.0,7.0,14.0,139.0
45,60.0,15.616666666666667,16.92264721314502,7.0,7.0,7.0,14.0,111.0
46,14.0,53.92857142857143,58.92167458808122,7.0,8.75,38.5,56.0,182.0
47,46.0,12.608695652173912,17.745707788858024,7.0,7.0,7.0,14.0,111.0
48,20.0,13.95,20.095757604136512,7.0,7.0,7.0,14.0,97.0
49,56.0,16.482142857142858,16.483590817348208,7.0,7.0,14.0,21.0,111.0
50,53.0,22.830188679245282,17.26683776787681,7.0,14.0,21.0,28.0,118.0
51,38.0,32.94736842105263,29.366231175078713,7.0,14.0,24.5,47.25,161.0
52,15.0,14.4,24.90783009416918,7.0,7.0,7.0,7.0,104.0
53,48.0,16.895833333333332,15.631718413769354,7.0,7.0,10.5,21.0,97.0
54,49.0,24.551020408163264,22.47875035866262,7.0,7.0,14.0,35.0,104.0
55,59.0,22.28813559322034,20.367359661171214,7.0,7.0,14.0,24.5,118.0
56,48.0,13.541666666666666,15.97599040759433,7.0,7.0,7.0,14.0,111.0
57,42.0,19.976190476190474,21.22181125489631,7.0,7.0,14.0,21.0,125.0
58,24.0,20.083333333333332,21.023623703424402,7.0,7.0,14.0,22.75,97.0
59,61.0,18.114754098360656,19.401974436171642,7.0,7.0,7.0,21.0,111.0
60,41.0,13.463414634146341,17.386916864377664,7.0,7.0,7.0,14.0,111.0
61,12.0,22.666666666666668,31.34944782269504,7.0,7.0,7.0,17.5,111.0
62,47.0,24.106382978723403,21.608406217059212,7.0,7.0,14.0,35.0,104.0
63,59.0,18.610169491525422,16.130947926431976,7.0,7.0,14.0,24.5,97.0
64,39.0,20.076923076923077,26.249195090801923,7.0,7.0,7.0,21.0,126.0
65,39.0,16.487179487179485,18.27836194847799,7.0,7.0,7.0,21.0,111.0
66,38.0,31.289473684210527,23.979617352329743,7.0,14.0,24.5,42.0,111.0
67,29.0,18.551724137931036,23.25570007991367,7.0,7.0,7.0,21.0,104.0
68,46.0,13.826086956521738,19.974766690698196,7.0,7.0,7.0,14.0,125.0
69,8.0,20.0,36.76955262170047,7.0,7.0,7.0,7.0,111.0
70,43.0,23.906976744186046,21.401840100559635,7.0,7.0,21.0,28.0,118.0
71,25.0,19.84,20.40359445457262,7.0,7.0,14.0,21.0,104.0
72,30.0,15.133333333333333,21.89273747211592,7.0,7.0,7.0,14.0,125.0
73,37.0,28.72972972972973,24.89494443171662,7.0,7.0,21.0,35.0,132.0
74,25.0,17.04,29.23394146079747,7.0,7.0,7.0,21.0,153.0
75,56.0,30.982142857142858,41.877089015541486,7.0,7.0,14.0,35.0,245.0
76,18.0,21.72222222222222,39.205050028184104,7.0,7.0,7.0,7.0,132.0
77,48.0,24.916666666666668,25.628137240925575,7.0,12.25,21.0,28.0,167.0
78,37.0,22.486486486486488,20.609627768515296,7.0,14.0,14.0,21.0,125.0
79,61.0,17.885245901639344,21.946980324299542,7.0,7.0,7.0,21.0,146.0
80,38.0,20.42105263157895,30.556665640711458,7.0,7.0,7.0,21.0,160.0
81,47.0,21.872340425531913,20.96022840615323,7.0,14.0,14.0,28.0,139.0
82,17.0,31.647058823529413,27.59742102187854,7.0,14.0,28.0,35.0,118.0
83,45.0,14.133333333333333,19.298610406875508,7.0,7.0,7.0,14.0,125.0
84,23.0,20.652173913043477,30.07507076339015,7.0,7.0,7.0,17.5,139.0
85,44.0,18.272727272727273,23.172120012579306,7.0,7.0,7.0,21.0,146.0
86,51.0,27.84313725490196,25.44592112619986,7.0,14.0,21.0,35.0,132.0
87,34.0,36.205882352941174,46.164908233724056,7.0,7.0,21.0,40.25,217.0
88,33.0,13.333333333333334,24.22636305074838,7.0,7.0,7.0,7.0,146.0
89,48.0,19.375,22.273565096940803,7.0,7.0,10.5,21.0,132.0
