id,count,mean,std,min,25%,50%,75%,max
0,22.0,41.40909090909091,36.88290233764806,7.0,14.0,28.0,47.25,126.0
1,50.0,38.8,28.908723349782942,7.0,21.0,28.0,54.25,120.0
2,51.0,37.90196078431372,46.72397881258007,7.0,14.0,14.0,45.5,238.0
3,53.0,38.9811320754717,31.99428468554834,7.0,14.0,28.0,49.0,133.0
4,34.0,39.35294117647059,47.46538282627582,7.0,8.75,21.0,40.25,231.0
5,44.0,22.136363636363637,24.43271816032557,7.0,7.0,14.0,24.5,120.0
6,24.0,20.458333333333332,24.505508106061217,7.0,7.0,14.0,21.0,120.0
7,36.0,24.916666666666668,40.86379815925094,7.0,7.0,7.0,21.0,224.0
8,45.0,39.84444444444444,49.46254577297285,7.0,7.0,21.0,56.0,238.0
9,40.0,41.85,52.26488255720038,7.0,7.0,21.0,57.75,252.0
10,29.0,22.0,25.971137826441105,7.0,7.0,14.0,28.0,120.0
11,30.0,20.1,23.951603502580525,7.0,7.0,14.0,21.0,120.0
12,34.0,38.529411764705884,57.592210802312835,7.0,7.0,14.0,38.5,273.0
13,49.0,24.73469387755102,27.337226991628775,7.0,7.0,14.0,28.0,120.0
14,49.0,28.163265306122447,27.386391799255208,7.0,14.0,21.0,35.0,133.0
15,36.0,25.5,33.38562564937192,7.0,7.0,14.0,28.0,168.0
16,47.0,46.191489361702125,42.93201820161748,7.0,10.5,35.0,66.5,182.0
17,48.0,43.1875,37.14987256929549,7.0,14.0,35.0,63.0,196.0
18,52.0,32.46153846153846,29.789102849315878,7.0,14.0,24.5,36.75,126.0
19,50.0,38.94,32.978911010349805,7.0,14.0,31.5,61.25,154.0
20,37.0,38.432432432432435,69.53717652392078,7.0,14.0,21.0,28.0,385.0
21,54.0,40.98148148148148,31.30524745978729,7.0,14.0,35.0,63.0,126.0
22,23.0,24.695652173913043,38.61868928453342,7.0,7.0,7.0,21.0,154.0
23,33.0,34.81818181818182,36.12863696696721,7.0,14.0,21.0,35.0,133.0
24,38.0,41.8421052631579,38.1699799373939,7.0,8.75,28.0,63.0,154.0
25,19.0,35.78947368421053,39.08619953579584,7.0,7.0,21.0,49.0,133.0
26,41.0,38.609756097560975,40.62934779736224,7.0,14.0,21.0,42.0,203.0
27,40.0,42.9,44.68855185242264,7.0,14.0,21.0,50.75,175.0
28,49.0,41.734693877551024,44.83431326850566,7.0,7.0,21.0,49.0,168.0
29,35.0,23.428571428571427,26.677028799066406,7.0,7.0,14.0,31.5,120.0
30,27.0,28.296296296296298,32.967133767313,7.0,7.0,14.0,28.0,133.0
31,20.0,32.95,46.9775702358387,7.0,7.0,14.0,36.75,189.0
32,49.0,39.734693877551024,42.50773238982726,7.0,7.0,28.0,56.0,231.0
33,26.0,19.692307692307693,22.57922803068206,7.0,7.0,14.0,26.25,120.0
34,30.0,39.0,46.1892658077834,7.0,7.0,10.5,71.75,175.0
35,22.0,35.68181818181818,61.50523505681398,7.0,7.0,14.0,21.0,259.0
36,28.0,32.035714285714285,40.35993809676376,7.0,7.0,21.0,29.75,168.0
37,48.0,34.729166666666664,32.10272049407289,7.0,7.0,24.5,43.75,148.0
38,42.0,45.19047619047619,50.606197487639356,7.0,14.0,28.0,49.0,238.0
39,52.0,42.28846153846154,35.004950091666466,7.0,14.0,31.5,56.0,161.0
40,29.0,34.793103448275865,36.92209879341023,7.0,7.0,14.0,42.0,134.0
41,49.0,30.591836734693878,30.624689363966706,7.0,7.0,21.0,35.0,162.0
42,40.0,17.35,20.62056479119067,7.0,7.0,14.0,21.0,127.0
43,52.0,33.0,51.262109999185824,7.0,7.0,14.0,28.0,266.0
44,34.0,39.76470588235294,52.478023581321956,7.0,7.0,21.0,40.25,210.0
45,37.0,38.24324324324324,48.85602738057415,7.0,7.0,14.0,49.0,189.0
46,18.0,28.444444444444443,36.92157383399419,7.0,7.0,14.0,28.0,127.0
47,42.0,24.19047619047619,35.74110027053168,7.0,7.0,14.0,21.0,196.0
48,13.0,30.23076923076923,49.124253762192744,7.0,7.0,14.0,14.0,147.0
49,36.0,29.77777777777778,41.10690669191465,7.0,7.0,14.0,35.0,224.0
50,39.0,41.30769230769231,50.83313975317669,7.0,14.0,21.0,45.5,266.0
51,42.0,27.023809523809526,30.94407866855565,7.0,7.0,14.0,33.25,147.0
52,34.0,27.823529411764707,31.631850642106972,7.0,7.0,21.0,28.0,148.0
53,38.0,35.026315789473685,32.14030629540494,7.0,8.75,24.5,47.25,134.0
54,48.0,30.645833333333332,33.041231226952,7.0,7.0,17.5,42.0,147.0
55,49.0,41.59183673469388,38.541600018328104,7.0,14.0,28.0,56.0,189.0
56,38.0,26.92105263157895,34.02096458500923,7.0,7.0,14.0,28.0,148.0
57,44.0,37.09090909090909,31.449345156652164,7.0,14.0,28.0,56.0,155.0
58,32.0,26.71875,35.50486961149178,7.0,7.0,14.0,29.75,161.0
59,50.0,33.9,40.52776825831888,7.0,14.0,14.0,33.25,168.0
60,37.0,35.972972972972975,42.40118347829882,7.0,7.0,14.0,49.0,154.0
61,23.0,24.391304347826086,31.301668747898443,7.0,7.0,7.0,28.0,127.0
62,50.0,37.96,33.61666253511791,7.0,14.0,28.0,56.0,154.0
63,49.0,39.16326530612245,51.08340685371634,7.0,7.0,21.0,56.0,231.0
64,35.0,34.42857142857143,49.7371240886025,7.0,7.0,7.0,35.0,182.0
65,45.0,29.11111111111111,32.08597982001019,7.0,7.0,14.0,28.0,141.0
66,41.0,29.73170731707317,32.72233517816531,7.0,7.0,14.0,35.0,141.0
67,25.0,34.76,47.02860831451426,7.0,7.0,14.0,28.0,196.0
68,30.0,40.4,37.086664579807824,7.0,8.75,31.5,49.0,155.0
69,10.0,26.7,38.1751810008079,7.0,7.0,7.0,29.75,127.0
70,48.0,32.6875,38.49075946028848,7.0,7.0,17.5,35.0,182.0
71,26.0,35.84615384615385,57.462121302779835,7.0,7.0,21.0,33.25,266.0
72,26.0,37.46153846153846,48.39523180581391,7.0,7.0,21.0,40.25,210.0
73,45.0,37.977777777777774,31.974058297945287,7.0,21.0,28.0,49.0,162.0
74,26.0,41.5,39.025376359492036,7.0,14.0,28.0,49.0,169.0
75,51.0,44.627450980392155,43.65865814901495,7.0,7.0,28.0,66.5,169.0
76,25.0,39.24,49.570891996547054,7.0,7.0,14.0,56.0,176.0
77,47.0,36.95744680851064,34.38019996831373,7.0,14.0,28.0,42.0,190.0
78,41.0,20.51219512195122,23.425543698300274,7.0,7.0,14.0,28.0,148.0
79,52.0,40.40384615384615,55.8689852631029,7.0,7.0,21.0,35.0,322.0
80,33.0,48.81818181818182,58.86608454017398,7.0,7.0,21.0,56.0,231.0
81,36.0,37.361111111111114,59.7787123016584,7.0,7.0,14.0,35.0,308.0
82,11.0,26.181818181818183,42.29850631362338,7.0,7.0,7.0,24.5,148.0
83,41.0,23.926829268292682,31.834250614630808,7.0,7.0,7.0,21.0,155.0
84,23.0,42.95652173913044,57.7018026036918,7.0,7.0,14.0,45.5,197.0
85,40.0,28.2,31.7516000000646,7.0,7.0,21.0,29.75,162.0
86,36.0,39.111111111111114,53.86320120865864,7.0,7.0,14.0,49.0,252.0
87,38.0,22.5,35.90960874195095,7.0,7.0,7.0,26.25,175.0
88,35.0,32.628571428571426,41.20328778592489,7.0,7.0,14.0,35.0,183.0
89,37.0,39.567567567567565,37.91184257996184,7.0,14.0,28.0,56.0,176.0
90,45.0,37.2,42.59246625658324,7.0,14.0,21.0,35.0,189.0
91,48.0,44.791666666666664,40.99816204148842,7.0,14.0,38.5,57.75,196.0
92,39.0,23.897435897435898,31.484996319713325,7.0,7.0,14.0,28.0,155.0
93,45.0,39.06666666666667,32.359065049983926,7.0,14.0,28.0,56.0,169.0
94,31.0,40.903225806451616,56.373371278000675,7.0,14.0,21.0,35.0,280.0
95,48.0,42.75,48.045855755924975,7.0,14.0,21.0,50.75,224.0
96,32.0,41.59375,44.74721788071875,7.0,14.0,28.0,45.5,162.0
97,18.0,25.333333333333332,34.75121665242139,7.0,7.0,14.0,21.0,141.0
98,44.0,42.02272727272727,34.731855652126754,7.0,14.0,31.5,56.0,155.0
99,48.0,49.166666666666664,54.679854835420834,7.0,7.0,24.5,70.0,196.0
100,36.0,36.77777777777778,37.37616590526345,7.0,7.0,21.0,56.0,162.0
101,42.0,34.357142857142854,39.080792755128925,7.0,14.0,21.0,40.25,190.0
102,36.0,39.69444444444444,44.17874048805727,7.0,14.0,21.0,50.75,190.0
103,26.0,41.23076923076923,59.158301322676735,7.0,7.0,21.0,33.25,217.0
104,33.0,31.0,39.98202721223625,7.0,7.0,14.0,42.0,176.0
105,17.0,21.88235294117647,34.77585792065592,7.0,7.0,7.0,14.0,148.0
106,38.0,37.78947368421053,49.678511257852584,7.0,7.0,17.5,40.25,217.0
107,25.0,38.4,57.06502139372828,7.0,7.0,14.0,28.0,231.0
108,22.0,38.86363636363637,46.851635591255054,7.0,7.0,17.5,49.0,169.0
109,45.0,35.8,35.418023146928505,7.0,14.0,28.0,49.0,183.0
110,44.0,42.18181818181818,48.11143688779242,7.0,7.0,28.0,50.75,246.0
111,50.0,45.8,49.53498042509238,7.0,8.75,28.0,59.5,182.0
112,29.0,57.0,97.73689170420758,7.0,7.0,21.0,56.0,477.0
113,49.0,36.02040816326531,34.01071509828335,7.0,14.0,28.0,42.0,211.0
114,36.0,25.305555555555557,29.232877229433154,7.0,7.0,17.5,29.75,169.0
115,47.0,37.5531914893617,73.51332576941358,7.0,7.0,14.0,31.5,378.0
116,36.0,46.111111111111114,57.67533653516418,7.0,7.0,17.5,59.5,225.0
117,35.0,40.22857142857143,49.662440366873604,7.0,7.0,21.0,49.0,204.0
118,10.0,47.7,80.22890861639449,7.0,7.0,10.5,19.25,231.0
119,38.0,21.57894736842105,33.76839364957757,7.0,7.0,7.0,21.0,176.0
