id,count,mean,std,min,25%,50%,75%,max
0,16.0,18.5,27.07027890510181,7.0,7.0,7.0,8.75,100.0
1,56.0,30.035714285714285,22.197431698869444,7.0,14.0,28.0,43.75,100.0
2,32.0,19.3125,22.154061012709132,7.0,7.0,7.0,21.0,100.0
3,48.0,26.145833333333332,22.310182374616584,7.0,7.0,21.0,35.0,100.0
4,30.0,15.7,18.3906835484522,7.0,7.0,7.0,19.25,100.0
5,58.0,24.051724137931036,16.697959129200783,7.0,14.0,21.0,28.0,100.0
6,19.0,15.947368421052632,21.415139204182235,7.0,7.0,7.0,17.5,100.0
7,41.0,14.560975609756097,15.63977106687915,7.0,7.0,7.0,14.0,100.0
8,57.0,24.842105263157894,29.818971354350552,7.0,7.0,14.0,21.0,168.0
9,65.0,17.584615384615386,21.908112301505682,7.0,7.0,7.0,14.0,112.0
10,14.0,15.142857142857142,24.753732097347516,7.0,7.0,7.0,7.0,100.0
11,42.0,15.214285714285714,20.118594377372744,7.0,7.0,7.0,14.0,100.0
12,20.0,14.1,20.748874414620285,7.0,7.0,7.0,14.0,100.0
13,38.0,19.57894736842105,19.556752589195195,7.0,7.0,14.0,21.0,100.0
14,51.0,23.647058823529413,23.5531938636031,7.0,7.0,14.0,21.0,112.0
15,47.0,20.893617021276597,16.297817995527996,7.0,14.0,14.0,28.0,100.0
16,32.0,16.25,18.88505126522887,7.0,7.0,7.0,21.0,100.0
17,41.0,21.902439024390244,19.064108788570188,7.0,7.0,14.0,28.0,100.0
18,45.0,27.733333333333334,27.18739681276134,7.0,14.0,14.0,35.0,119.0
19,60.0,22.666666666666668,22.22890671592534,7.0,7.0,14.0,22.75,140.0
20,31.0,13.161290322580646,19.233818782192905,7.0,7.0,7.0,7.0,100.0
21,43.0,19.25581395348837,17.967024057655514,7.0,7.0,14.0,24.5,100.0
22,25.0,22.48,24.343239992518114,7.0,7.0,14.0,28.0,100.0
23,61.0,25.62295081967213,20.995367691013996,7.0,7.0,21.0,35.0,100.0
24,40.0,20.35,20.910738254757398,7.0,7.0,14.0,22.75,100.0
25,17.0,20.705882352941178,24.33301436804109,7.0,7.0,7.0,21.0,100.0
26,50.0,24.26,20.310658707753845,7.0,7.0,21.0,28.0,100.0
27,62.0,18.548387096774192,21.29933226025984,7.0,7.0,7.0,21.0,119.0
28,41.0,15.585365853658537,19.10101516903761,7.0,7.0,7.0,14.0,100.0
29,41.0,19.170731707317074,24.313476138784015,7.0,7.0,7.0,21.0,100.0
30,39.0,27.333333333333332,24.34006155479538,7.0,7.0,14.0,38.5,100.0
31,32.0,16.03125,19.928071261252263,7.0,7.0,7.0,15.75,100.0
32,28.0,18.321428571428573,22.10589593119073,7.0,7.0,7.0,15.75,100.0
33,9.0,17.333333333333332,31.0,7.0,7.0,7.0,7.0,100.0
34,43.0,27.3953488372093,24.475585050533347,7.0,14.0,14.0,38.5,100.0
35,25.0,26.12,30.4115109785752,7.0,7.0,14.0,28.0,133.0
36,21.0,15.428571428571429,25.709086776024208,7.0,7.0,7.0,7.0,121.0
37,44.0,29.15909090909091,25.457619302473727,7.0,7.0,21.0,43.75,114.0
38,50.0,27.34,28.01137524037588,7.0,7.0,14.0,28.0,128.0
39,57.0,28.649122807017545,24.799547251102165,7.0,7.0,21.0,42.0,107.0
40,25.0,18.28,25.912545224273128,7.0,7.0,7.0,14.0,128.0
41,55.0,24.854545454545455,19.601037559289388,7.0,14.0,21.0,28.0,121.0
42,43.0,13.55813953488372,16.745009669666043,7.0,7.0,7.0,14.0,107.0
43,66.0,17.424242424242426,21.459127952789053,7.0,7.0,7.0,14.0,121.0
44,35.0,19.057142857142857,24.441939435350555,7.0,7.0,7.0,21.0,135.0
45,32.0,21.5,24.26466965669195,7.0,7.0,14.0,22.75,128.0
46,19.0,21.842105263157894,24.949422522586097,7.0,7.0,14.0,21.0,107.0
47,46.0,12.217391304347826,16.6665507242344,7.0,7.0,7.0,14.0,114.0
48,22.0,19.181818181818183,23.138581188005876,7.0,7.0,14.0,14.0,107.0
49,39.0,19.076923076923077,20.299578185123135,7.0,7.0,14.0,24.5,114.0
50,46.0,32.45652173913044,31.85432572874287,7.0,8.75,21.0,35.0,121.0
51,47.0,21.340425531914892,17.78161800695935,7.0,7.0,21.0,28.0,107.0
52,35.0,18.057142857142857,22.460347880003024,7.0,7.0,14.0,21.0,135.0
53,44.0,19.613636363636363,19.2380629362499,7.0,7.0,14.0,22.75,114.0
54,49.0,25.040816326530614,28.12024714186786,7.0,7.0,14.0,28.0,140.0
55,59.0,31.35593220338983,26.360735372417718,7.0,10.5,28.0,42.0,140.0
56,42.0,14.880952380952381,18.19434699255464,7.0,7.0,7.0,14.0,121.0
57,38.0,20.31578947368421,22.500576885286677,7.0,7.0,14.0,26.25,128.0
58,23.0,19.26086956521739,23.124598062952845,7.0,7.0,14.0,21.0,114.0
59,62.0,26.677419354838708,26.18958258266148,7.0,7.0,14.0,35.0,128.0
60,39.0,21.94871794871795,24.470120037075418,7.0,7.0,14.0,28.0,121.0
61,21.0,19.095238095238095,24.014380612259735,7.0,7.0,7.0,21.0,107.0
62,47.0,26.25531914893617,22.088230276410915,7.0,10.5,21.0,35.0,114.0
63,58.0,21.879310344827587,20.99463388934445,7.0,7.0,14.0,28.0,128.0
64,37.0,24.45945945945946,28.872896358767754,7.0,7.0,7.0,21.0,114.0
65,44.0,20.727272727272727,22.290224822140413,7.0,7.0,14.0,28.0,121.0
66,42.0,30.714285714285715,29.894355217458624,7.0,7.0,21.0,42.0,128.0
67,29.0,17.93103448275862,21.991769620348492,7.0,7.0,7.0,21.0,107.0
68,35.0,18.857142857142858,22.83462651473036,7.0,7.0,7.0,21.0,121.0
69,13.0,15.76923076923077,29.578015051030288,7.0,7.0,7.0,7.0,114.0
70,43.0,23.976744186046513,26.134713616451844,7.0,7.0,14.0,28.0,135.0
71,28.0,18.571428571428573,22.787957462023783,7.0,7.0,10.5,14.0,114.0
72,30.0,14.066666666666666,24.67573613943439,7.0,7.0,7.0,14.0,142.0
73,42.0,28.547619047619047,27.47611146996373,7.0,14.0,21.0,35.0,163.0
74,31.0,19.93548387096774,28.936638233527827,7.0,7.0,7.0,14.0,149.0
75,52.0,28.846153846153847,26.785556991565738,7.0,7.0,21.0,35.0,121.0
76,27.0,27.814814814814813,47.723592808393114,7.0,7.0,7.0,17.5,219.0
77,53.0,28.169811320754718,23.514100392560373,7.0,14.0,21.0,35.0,149.0
78,45.0,18.08888888888889,20.4748429034069,7.0,7.0,14.0,21.0,135.0
79,66.0,23.363636363636363,28.88206063585884,7.0,7.0,14.0,28.0,170.0
80,38.0,19.94736842105263,30.91745537623817,7.0,7.0,7.0,19.25,177.0
81,31.0,21.06451612903226,27.259170302696266,7.0,7.0,14.0,24.5,156.0
82,19.0,17.42105263157895,26.762983950627035,7.0,7.0,7.0,14.0,121.0
83,40.0,16.675,24.713110296213635,7.0,7.0,7.0,14.0,149.0
84,24.0,25.166666666666668,37.17604028153742,7.0,7.0,10.5,15.75,140.0
85,30.0,27.833333333333332,39.327171736365806,7.0,7.0,7.0,21.0,156.0
86,44.0,26.454545454545453,32.150412884219584,7.0,7.0,14.0,28.0,147.0
87,36.0,19.694444444444443,24.260278463181557,7.0,7.0,14.0,21.0,128.0
88,42.0,20.214285714285715,27.631314609303836,7.0,7.0,14.0,21.0,149.0
89,38.0,27.13157894736842,34.72997852360919,7.0,7.0,21.0,28.0,205.0
90,49.0,31.46938775510204,38.971197719606714,7.0,7.0,21.0,35.0,210.0
91,53.0,29.09433962264151,31.031785287237465,7.0,14.0,21.0,28.0,168.0
92,38.0,17.18421052631579,22.94394492713373,7.0,7.0,14.0,19.25,142.0
93,36.0,24.944444444444443,30.609003758879687,7.0,7.0,14.0,28.0,177.0
94,30.0,15.233333333333333,23.608419499499913,7.0,7.0,7.0,14.0,135.0
95,56.0,25.285714285714285,26.214995213159465,7.0,7.0,14.0,28.0,149.0
96,43.0,23.488372093023255,31.747794893821446,7.0,7.0,14.0,21.0,149.0
97,16.0,21.5625,33.65307068703637,7.0,7.0,7.0,28.0,142.0
98,48.0,26.4375,28.57606962685997,7.0,7.0,14.0,35.0,135.0
99,58.0,25.862068965517242,26.482333254297128,7.0,7.0,17.5,35.0,142.0
