id,count,mean,std,min,25%,50%,75%,max
0,26.0,40.0,53.0139604255332,7.0,7.0,21.0,38.5,182.0
1,43.0,40.30232558139535,37.827638474508824,7.0,14.0,28.0,56.0,161.0
2,36.0,37.05555555555556,37.26809776620094,7.0,14.0,24.5,50.75,161.0
3,49.0,45.93877551020408,44.38158785054962,7.0,14.0,28.0,56.0,203.0
4,24.0,52.666666666666664,56.83665891923494,7.0,12.25,24.5,92.75,210.0
5,50.0,37.74,29.163725021726165,7.0,14.0,28.0,49.0,130.0
6,22.0,32.63636363636363,34.586737692971624,7.0,7.0,14.0,45.5,130.0
7,40.0,52.25,80.31660108754858,7.0,7.0,24.5,45.5,406.0
8,33.0,49.96969696969697,50.904619662956954,7.0,7.0,21.0,91.0,175.0
9,46.0,30.217391304347824,28.49554588467644,7.0,7.0,21.0,40.25,130.0
10,16.0,24.3125,33.27204782796915,7.0,7.0,7.0,24.5,130.0
11,22.0,23.09090909090909,37.15079835187689,7.0,7.0,7.0,14.0,130.0
12,21.0,47.857142857142854,49.60472327741151,7.0,7.0,28.0,56.0,147.0
13,59.0,30.796610169491526,35.287381578345496,7.0,7.0,21.0,38.5,168.0
14,43.0,53.16279069767442,83.92142873873387,7.0,14.0,28.0,45.5,490.0
15,32.0,30.3125,33.8015436753813,7.0,7.0,17.5,42.0,140.0
16,38.0,40.44736842105263,41.029783097108044,7.0,7.0,24.5,61.25,161.0
17,41.0,49.78048780487805,51.44390741143306,7.0,14.0,35.0,63.0,196.0
18,39.0,27.205128205128204,29.19100391989888,7.0,7.0,21.0,28.0,130.0
19,48.0,38.4375,71.91451966256795,7.0,7.0,21.0,29.75,448.0
20,27.0,71.96296296296296,108.23780140238277,7.0,7.0,42.0,66.5,455.0
21,47.0,46.5531914893617,52.890702935244434,7.0,14.0,35.0,56.0,287.0
22,41.0,24.170731707317074,36.792596020819445,7.0,7.0,7.0,21.0,154.0
23,42.0,53.595238095238095,61.68490328957618,7.0,14.0,28.0,73.5,252.0
24,39.0,49.1025641025641,41.33291976633464,7.0,14.0,35.0,73.5,140.0
25,19.0,28.210526315789473,35.16718632691627,7.0,7.0,14.0,28.0,130.0
26,47.0,49.53191489361702,58.30759927496579,7.0,14.0,35.0,66.5,350.0
27,34.0,46.44117647058823,52.40240057910289,7.0,8.75,28.0,61.25,245.0
28,34.0,55.088235294117645,54.41555462062508,7.0,14.0,38.5,91.0,189.0
29,48.0,37.125,40.15693946547773,7.0,7.0,24.5,49.0,210.0
30,27.0,46.55555555555556,80.67662578912154,7.0,14.0,21.0,42.0,420.0
31,12.0,25.416666666666668,38.438754906836905,7.0,7.0,7.0,15.75,130.0
32,30.0,39.8,51.09450338208669,7.0,7.0,21.0,45.5,196.0
33,13.0,19.153846153846153,33.60517359436925,7.0,7.0,7.0,14.0,130.0
34,32.0,47.8125,76.7221368988285,7.0,7.0,24.5,43.75,392.0
35,21.0,37.523809523809526,39.2703692974984,7.0,7.0,14.0,63.0,130.0
36,35.0,41.51428571428571,42.39545718489148,7.0,14.0,35.0,49.0,182.0
37,41.0,45.0,41.74625731727337,7.0,14.0,35.0,56.0,210.0
38,42.0,41.42857142857143,40.39267191274763,7.0,14.0,28.0,54.25,154.0
39,49.0,45.224489795918366,42.72209874395727,7.0,14.0,35.0,63.0,203.0
40,28.0,50.142857142857146,62.66176948105882,7.0,7.0,21.0,84.0,217.0
41,41.0,39.02439024390244,37.55295448089141,7.0,14.0,21.0,56.0,158.0
42,34.0,28.529411764705884,31.85215400557722,7.0,7.0,17.5,28.0,137.0
43,49.0,40.93877551020408,68.11032966300135,7.0,7.0,14.0,42.0,399.0
44,35.0,45.31428571428572,49.5709660211389,7.0,7.0,28.0,56.0,196.0
45,37.0,36.62162162162162,34.35060354584711,7.0,14.0,28.0,49.0,165.0
46,15.0,23.133333333333333,32.68434895583307,7.0,7.0,14.0,21.0,137.0
47,45.0,18.6,26.955687542874713,7.0,7.0,14.0,14.0,144.0
48,26.0,53.19230769230769,83.03108778320045,7.0,14.0,24.5,49.0,399.0
49,40.0,27.925,30.359713099553154,7.0,7.0,14.0,36.75,144.0
50,33.0,70.75757575757575,91.09679958121139,7.0,21.0,35.0,91.0,420.0
51,41.0,29.634146341463413,33.06036607295885,7.0,7.0,7.0,42.0,137.0
52,37.0,34.351351351351354,38.61866000913161,7.0,14.0,21.0,35.0,172.0
53,36.0,50.27777777777778,48.03309044583513,7.0,14.0,28.0,68.25,168.0
54,50.0,34.52,45.454278440774175,7.0,14.0,21.0,38.5,280.0
55,48.0,42.666666666666664,48.02407788534403,7.0,14.0,24.5,49.0,259.0
56,32.0,42.78125,69.09168026801827,7.0,7.0,10.5,49.0,287.0
57,40.0,50.675,54.38579542113679,7.0,14.0,28.0,70.0,231.0
58,28.0,29.892857142857142,39.4502399051188,7.0,7.0,14.0,28.0,161.0
59,45.0,53.91111111111111,63.217094287075625,7.0,21.0,42.0,56.0,329.0
60,33.0,44.45454545454545,65.85689547661796,7.0,7.0,21.0,42.0,280.0
61,17.0,30.294117647058822,41.21402174303418,7.0,7.0,14.0,35.0,137.0
62,41.0,47.390243902439025,38.87793593336745,7.0,14.0,42.0,70.0,147.0
63,41.0,48.41463414634146,67.8601413238125,7.0,14.0,28.0,56.0,406.0
64,37.0,42.2972972972973,53.59563874507414,7.0,7.0,14.0,56.0,210.0
65,36.0,41.333333333333336,37.825917041097625,7.0,14.0,28.0,50.75,144.0
66,36.0,47.361111111111114,72.21284127109558,7.0,14.0,28.0,49.0,406.0
67,24.0,18.25,30.0871921327794,7.0,7.0,7.0,8.75,137.0
68,39.0,35.282051282051285,50.69046869712434,7.0,7.0,14.0,42.0,224.0
69,8.0,24.125,48.436814511278506,7.0,7.0,7.0,7.0,144.0
70,32.0,55.03125,75.62107761089007,7.0,14.0,28.0,56.0,378.0
71,22.0,28.5,32.774481943528365,7.0,8.75,17.5,31.5,137.0
72,25.0,41.6,53.16718913013928,7.0,7.0,28.0,42.0,196.0
73,44.0,43.36363636363637,40.36466962470032,7.0,14.0,31.5,56.0,210.0
74,30.0,45.166666666666664,45.120591929760344,7.0,7.0,35.0,61.25,179.0
75,49.0,45.51020408163265,51.781239543945674,7.0,7.0,21.0,70.0,231.0
76,26.0,49.42307692307692,92.17642782270231,7.0,7.0,14.0,35.0,420.0
77,42.0,45.42857142857143,41.66892909072591,7.0,14.0,35.0,56.0,172.0
78,33.0,31.515151515151516,34.464765714531936,7.0,7.0,21.0,42.0,165.0
79,45.0,50.022222222222226,77.5923171246205,7.0,7.0,21.0,35.0,350.0
80,36.0,46.0,80.09744065823827,7.0,7.0,10.5,43.75,406.0
81,38.0,33.81578947368421,38.756938533571265,7.0,8.75,21.0,33.25,186.0
82,14.0,25.785714285714285,40.00034340511932,7.0,7.0,10.5,26.25,158.0
83,43.0,20.930232558139537,27.704559835141126,7.0,7.0,14.0,21.0,151.0
84,26.0,35.96153846153846,48.692899498165666,7.0,7.0,21.0,40.25,196.0
85,38.0,26.44736842105263,31.245062198794603,7.0,7.0,14.0,28.0,165.0
86,34.0,75.26470588235294,97.516838895099,7.0,14.0,35.0,94.5,399.0
87,37.0,29.243243243243242,32.661058536807175,7.0,7.0,7.0,49.0,158.0
88,44.0,32.70454545454545,36.17822777451741,7.0,14.0,21.0,36.75,186.0
89,40.0,54.0,63.9254373349259,7.0,14.0,28.0,70.0,301.0
90,48.0,43.6875,53.923963902691014,7.0,14.0,28.0,50.75,336.0
91,47.0,43.42553191489362,50.85561175517925,7.0,14.0,28.0,49.0,301.0
92,34.0,39.029411764705884,45.44559537554143,7.0,7.0,21.0,47.25,182.0
93,38.0,47.81578947368421,41.868426640606955,7.0,15.75,35.0,63.0,172.0
94,30.0,22.3,34.45451774591321,7.0,7.0,10.5,21.0,186.0
95,43.0,54.13953488372093,71.78790898172889,7.0,14.0,35.0,66.5,399.0
96,29.0,55.172413793103445,94.2277139113834,7.0,7.0,14.0,42.0,427.0
97,17.0,31.11764705882353,43.49264643727313,7.0,7.0,14.0,28.0,165.0
98,42.0,52.595238095238095,61.78880612325383,7.0,14.0,28.0,68.25,308.0
99,39.0,67.76923076923077,84.15726554570054,7.0,17.5,35.0,59.5,406.0
100,35.0,50.714285714285715,60.648248812588264,7.0,7.0,28.0,70.0,259.0
101,43.0,40.13953488372093,35.559863272641984,7.0,14.0,28.0,56.0,172.0
102,35.0,46.114285714285714,72.45070187155314,7.0,10.5,21.0,45.5,385.0
103,24.0,30.5,35.112242383781066,7.0,14.0,21.0,24.5,151.0
104,35.0,36.714285714285715,42.665298910149886,7.0,7.0,21.0,49.0,179.0
105,13.0,19.153846153846153,43.8213155017931,7.0,7.0,7.0,7.0,165.0
106,37.0,54.027027027027025,67.73948728871616,7.0,7.0,28.0,77.0,287.0
107,23.0,38.21739130434783,50.143391227503415,7.0,7.0,21.0,38.5,189.0
108,28.0,39.142857142857146,65.48322617321867,7.0,7.0,10.5,28.0,266.0
109,45.0,41.46666666666667,47.86752552618528,7.0,7.0,28.0,56.0,214.0
110,42.0,43.595238095238095,50.15539730886618,7.0,14.0,28.0,49.0,277.0
111,46.0,56.391304347826086,54.289544015141445,7.0,21.0,42.0,73.5,245.0
112,29.0,59.03448275862069,119.28761244470702,7.0,7.0,14.0,35.0,515.0
113,47.0,40.297872340425535,40.58641606852836,7.0,14.0,28.0,45.5,186.0
114,33.0,32.15151515151515,37.19973220007875,7.0,7.0,14.0,42.0,179.0
115,45.0,49.08888888888889,90.2594296816939,7.0,7.0,21.0,42.0,532.0
116,31.0,55.903225806451616,90.90667552998504,7.0,7.0,14.0,45.5,392.0
117,41.0,34.41463414634146,38.28640464300356,7.0,7.0,28.0,49.0,214.0
118,17.0,22.470588235294116,41.6234874305644,7.0,7.0,7.0,14.0,179.0
119,39.0,18.23076923076923,31.56735617229454,7.0,7.0,7.0,14.0,200.0
120,19.0,75.36842105263158,140.94412231106017,7.0,14.0,21.0,56.0,595.0
121,34.0,34.5,49.73703577086925,7.0,7.0,21.0,40.25,277.0
122,34.0,65.38235294117646,88.31075115779208,7.0,7.0,42.0,75.25,385.0
123,41.0,39.8780487804878,78.8515044631208,7.0,7.0,14.0,42.0,487.0
124,42.0,31.761904761904763,36.03440735403542,7.0,7.0,21.0,35.0,193.0
125,37.0,49.2972972972973,65.09602516661438,7.0,7.0,21.0,77.0,298.0
126,45.0,45.666666666666664,54.445552452134976,7.0,14.0,28.0,56.0,315.0
127,47.0,40.8936170212766,44.3338294830567,7.0,7.0,28.0,49.0,203.0
128,33.0,46.78787878787879,80.15990174947103,7.0,7.0,14.0,42.0,364.0
129,39.0,45.51282051282051,46.91923171784948,7.0,14.0,28.0,66.5,179.0
