id,count,mean,std,min,25%,50%,75%,max
0,33.0,10.393939393939394,29.858980426685907,0.0,0.0,0.0,7.0,168.0
1,49.0,14.142857142857142,21.168963130016547,0.0,7.0,7.0,21.0,140.0
2,47.0,8.787234042553191,22.77482989982082,0.0,0.0,0.0,14.0,154.0
3,49.0,13.571428571428571,23.79863441460455,0.0,0.0,7.0,21.0,147.0
4,33.0,22.060606060606062,38.58427415568695,0.0,0.0,7.0,21.0,154.0
5,49.0,9.714285714285714,25.870671940764634,0.0,0.0,0.0,7.0,161.0
6,46.0,12.021739130434783,22.988392366037242,0.0,0.0,0.0,19.25,140.0
7,41.0,10.926829268292684,24.552383024772197,0.0,0.0,7.0,7.0,147.0
8,39.0,22.794871794871796,33.98000920601738,0.0,0.0,7.0,35.0,189.0
9,53.0,13.60377358490566,32.98795795592077,0.0,0.0,0.0,7.0,161.0
10,32.0,5.03125,24.71578361447234,0.0,0.0,0.0,0.0,140.0
11,46.0,17.652173913043477,27.75545383147796,0.0,0.0,7.0,26.25,147.0
12,34.0,26.558823529411764,58.3319607681657,0.0,0.0,7.0,21.0,308.0
13,60.0,15.75,27.20644552245114,0.0,0.0,7.0,15.75,161.0
14,42.0,9.666666666666666,24.4915781111382,0.0,0.0,0.0,7.0,154.0
15,45.0,24.733333333333334,35.99141311732311,0.0,0.0,7.0,35.0,140.0
16,47.0,21.148936170212767,39.2056887639072,0.0,0.0,7.0,21.0,168.0
17,44.0,24.181818181818183,48.461095749771275,0.0,0.0,7.0,15.75,273.0
18,54.0,6.222222222222222,19.876663729265264,0.0,0.0,0.0,7.0,140.0
19,41.0,20.146341463414632,29.33305386045728,0.0,0.0,7.0,28.0,154.0
20,42.0,19.333333333333332,29.7310436976167,0.0,1.75,7.0,26.25,168.0
21,44.0,16.386363636363637,36.94635703418203,0.0,0.0,7.0,14.0,189.0
22,33.0,12.727272727272727,39.76986353326531,0.0,0.0,0.0,7.0,182.0
23,44.0,14.954545454545455,24.602849660486296,0.0,0.0,7.0,21.0,154.0
24,40.0,25.375,43.17091108724212,0.0,5.25,14.0,21.0,196.0
25,40.0,14.7,24.54739006441131,0.0,0.0,7.0,15.75,140.0
26,43.0,20.348837209302324,63.10757396282056,0.0,0.0,7.0,14.0,399.0
27,40.0,19.775,30.77418790196812,0.0,0.0,7.0,21.0,161.0
28,38.0,12.342105263157896,25.857485001121336,0.0,0.0,7.0,14.0,147.0
29,56.0,14.0,30.643403561259017,0.0,0.0,0.0,14.0,154.0
30,35.0,17.8,36.93698927187472,0.0,0.0,7.0,14.0,168.0
31,29.0,11.586206896551724,25.874031716015566,0.0,0.0,7.0,14.0,140.0
32,48.0,11.958333333333334,29.272715008547312,0.0,0.0,3.5,14.0,182.0
33,28.0,8.0,27.72083051505572,0.0,0.0,0.0,7.0,147.0
34,43.0,15.465116279069768,28.31317112078279,0.0,0.0,7.0,14.0,168.0
35,30.0,7.933333333333334,25.45439916363396,0.0,0.0,0.0,7.0,140.0
36,32.0,12.03125,32.212484431130214,0.0,0.0,3.5,14.0,182.0
37,49.0,10.0,23.08408542697761,0.0,0.0,7.0,7.0,147.0
38,47.0,19.21276595744681,31.25278155983307,0.0,3.5,7.0,21.0,182.0
39,48.0,14.0,30.426751946971816,0.0,0.0,7.0,14.0,175.0
40,33.0,23.333333333333332,57.92649796653227,0.0,0.0,7.0,14.0,266.0
41,49.0,8.428571428571429,24.623836689950114,0.0,0.0,0.0,7.0,168.0
42,46.0,12.782608695652174,29.52581773708356,0.0,0.0,7.0,14.0,175.0
43,41.0,25.097560975609756,42.31891118521882,0.0,0.0,14.0,21.0,189.0
44,38.0,12.526315789473685,34.987053081919335,0.0,0.0,0.0,7.0,210.0
45,49.0,12.571428571428571,30.67843976910603,0.0,0.0,7.0,14.0,182.0
46,32.0,5.6875,27.16548747358345,0.0,0.0,0.0,0.0,154.0
47,44.0,21.477272727272727,38.53025910641675,0.0,0.0,7.0,21.0,175.0
48,33.0,20.151515151515152,43.39003429080895,0.0,0.0,7.0,14.0,182.0
49,59.0,12.338983050847459,30.769784871151586,0.0,0.0,7.0,14.0,224.0
50,42.0,23.666666666666668,31.720322536011796,0.0,7.0,14.0,35.0,182.0
51,44.0,17.022727272727273,28.1379398234001,0.0,0.0,7.0,21.0,147.0
52,46.0,12.021739130434783,27.077246807716445,0.0,0.0,7.0,14.0,175.0
53,44.0,13.681818181818182,32.02308231992197,0.0,0.0,7.0,14.0,203.0
54,53.0,13.867924528301886,23.276794102421025,0.0,0.0,7.0,14.0,161.0
55,41.0,12.804878048780488,29.195221794152484,0.0,0.0,7.0,14.0,182.0
56,41.0,15.365853658536585,31.508535428960336,0.0,0.0,7.0,14.0,189.0
57,43.0,13.186046511627907,29.231633072632516,0.0,0.0,7.0,10.5,175.0
58,33.0,19.939393939393938,49.19091595123242,0.0,0.0,7.0,7.0,224.0
59,44.0,15.272727272727273,35.3489999439895,0.0,0.0,7.0,8.75,196.0
60,40.0,16.975,34.14185152625771,0.0,0.0,7.0,21.0,196.0
61,40.0,17.15,36.146106645682124,0.0,0.0,7.0,15.75,182.0
62,43.0,12.046511627906977,25.847495492906347,0.0,0.0,7.0,14.0,168.0
63,39.0,24.05128205128205,36.963672577523376,0.0,7.0,7.0,28.0,196.0
64,37.0,15.513513513513514,31.005036886162745,0.0,0.0,7.0,14.0,182.0
65,55.0,14.127272727272727,28.84572922073724,0.0,0.0,7.0,14.0,175.0
66,35.0,12.4,33.14247319395107,0.0,0.0,7.0,10.5,196.0
67,29.0,17.862068965517242,32.16444813980074,0.0,0.0,7.0,21.0,154.0
68,46.0,10.652173913043478,31.53848963571997,0.0,0.0,0.0,7.0,203.0
69,28.0,12.25,30.400566515189226,0.0,0.0,0.0,14.0,161.0
70,40.0,24.325,38.20886425546181,0.0,7.0,7.0,22.75,203.0
71,28.0,19.5,31.556533631164477,0.0,7.0,10.5,21.0,161.0
72,32.0,18.15625,41.50251401246482,0.0,0.0,7.0,14.0,224.0
73,49.0,14.714285714285714,31.116715765003224,0.0,0.0,7.0,14.0,210.0
74,46.0,12.173913043478262,41.279160385424554,0.0,0.0,0.0,7.0,273.0
75,48.0,13.708333333333334,28.184014130039557,0.0,0.0,7.0,14.0,189.0
76,32.0,32.375,100.00766099686822,0.0,0.0,7.0,15.75,567.0
77,49.0,9.428571428571429,27.579430741043225,0.0,0.0,0.0,7.0,182.0
78,46.0,10.195652173913043,30.08847661681749,0.0,0.0,0.0,7.0,196.0
79,41.0,19.463414634146343,35.881818209906534,0.0,0.0,7.0,21.0,217.0
80,38.0,17.13157894736842,43.84195883165238,0.0,0.0,7.0,14.0,245.0
81,49.0,21.571428571428573,44.45222154178574,0.0,0.0,7.0,14.0,210.0
82,32.0,10.0625,30.275016315490664,0.0,0.0,0.0,7.0,168.0
83,43.0,18.232558139534884,36.76038059372276,0.0,0.0,7.0,21.0,217.0
84,32.0,21.65625,47.48827317043312,0.0,0.0,7.0,21.0,203.0
85,59.0,12.694915254237289,33.9828832356811,0.0,0.0,7.0,14.0,259.0
86,37.0,28.37837837837838,45.959735609523435,0.0,7.0,14.0,21.0,196.0
87,44.0,17.65909090909091,50.44358727161216,0.0,0.0,7.0,14.0,329.0
88,46.0,8.065217391304348,28.037595533230455,0.0,0.0,0.0,7.0,189.0
89,44.0,14.795454545454545,41.15629853486474,0.0,0.0,7.0,8.75,259.0
90,53.0,17.169811320754718,35.997187843719445,0.0,0.0,7.0,14.0,182.0
91,40.0,21.175,37.82882329381753,0.0,0.0,7.0,21.0,196.0
92,41.0,18.26829268292683,60.65971661252793,0.0,0.0,7.0,14.0,392.0
93,43.0,13.674418604651162,29.89244284990579,0.0,0.0,7.0,14.0,189.0
94,32.0,21.0,38.79141907108307,0.0,0.0,7.0,21.0,203.0
95,43.0,18.558139534883722,43.55144868050365,0.0,0.0,7.0,10.5,231.0
96,39.0,18.487179487179485,34.27356799179201,0.0,7.0,7.0,21.0,210.0
97,37.0,32.54054054054054,89.85933284695419,0.0,0.0,7.0,14.0,497.0
98,43.0,11.395348837209303,29.777859732233246,0.0,0.0,7.0,7.0,189.0
99,36.0,21.38888888888889,36.235955133602374,0.0,0.0,7.0,22.75,203.0
100,37.0,19.675675675675677,41.34143338243262,0.0,0.0,7.0,21.0,238.0
101,54.0,14.12962962962963,37.54848251904302,0.0,0.0,7.0,14.0,259.0
102,35.0,16.8,38.423185402444034,0.0,0.0,7.0,21.0,224.0
103,28.0,22.25,39.185810924080386,0.0,5.25,10.5,15.75,175.0
104,46.0,10.347826086956522,32.39013388281778,0.0,0.0,0.0,7.0,217.0
105,28.0,17.75,44.20962271656184,0.0,0.0,7.0,7.0,189.0
106,39.0,24.23076923076923,38.0314700287881,0.0,0.0,14.0,28.0,217.0
107,27.0,15.555555555555555,45.42054206001554,0.0,0.0,7.0,14.0,238.0
108,30.0,21.933333333333334,87.86821375506473,0.0,0.0,0.0,7.0,483.0
109,49.0,15.571428571428571,40.193283020922784,0.0,0.0,7.0,14.0,273.0
110,45.0,18.355555555555554,67.92146385734964,0.0,0.0,7.0,7.0,455.0
111,48.0,11.958333333333334,29.485631793629643,0.0,0.0,7.0,8.75,196.0
112,32.0,26.46875,103.30380637367784,0.0,0.0,7.0,7.0,588.0
113,48.0,14.145833333333334,37.082420898807456,0.0,0.0,7.0,14.0,245.0
114,45.0,14.777777777777779,34.169955495813255,0.0,0.0,7.0,14.0,203.0
115,35.0,38.4,70.21320472423302,0.0,3.5,14.0,35.0,301.0
116,33.0,32.666666666666664,68.53359881595792,0.0,0.0,7.0,21.0,287.0
117,47.0,21.74468085106383,45.79133584514527,0.0,0.0,7.0,21.0,224.0
118,32.0,13.78125,34.59044654142938,0.0,0.0,7.0,14.0,196.0
119,43.0,21.162790697674417,42.86575402599439,0.0,0.0,14.0,21.0,266.0
120,28.0,22.0,44.505513599336666,0.0,0.0,7.0,15.75,203.0
121,58.0,12.068965517241379,36.403615623863764,0.0,0.0,3.5,14.0,273.0
122,37.0,23.64864864864865,38.98661894107331,0.0,0.0,14.0,35.0,217.0
123,44.0,20.522727272727273,68.59232062121066,0.0,0.0,0.0,14.0,448.0
124,45.0,12.444444444444445,37.574505111091405,0.0,0.0,0.0,7.0,203.0
125,44.0,18.136363636363637,43.474981262464865,0.0,0.0,7.0,15.75,273.0
126,50.0,23.52,44.446822158620066,0.0,0.0,7.0,19.25,210.0
127,39.0,27.28205128205128,45.67099086080602,0.0,3.5,14.0,31.5,245.0
128,41.0,28.682926829268293,85.02630152617196,0.0,0.0,7.0,14.0,420.0
129,43.0,16.930232558139537,43.0760099783965,0.0,0.0,7.0,14.0,273.0
130,30.0,30.333333333333332,52.42619333049498,0.0,0.0,7.0,40.25,224.0
131,43.0,22.627906976744185,62.10169204650354,0.0,0.0,7.0,17.5,343.0
132,36.0,16.916666666666668,41.812079594299064,0.0,0.0,7.0,7.0,217.0
133,36.0,28.0,91.22280416650214,0.0,0.0,3.5,8.75,532.0
134,43.0,20.023255813953487,50.02689199301332,0.0,0.0,0.0,10.5,238.0
135,33.0,32.24242424242424,51.019010123084456,0.0,0.0,7.0,35.0,217.0
136,36.0,20.22222222222222,54.90881329784662,0.0,0.0,7.0,14.0,322.0
137,53.0,16.245283018867923,46.69125501236714,0.0,0.0,7.0,14.0,336.0
138,35.0,24.2,44.217909600203456,0.0,0.0,14.0,28.0,252.0
139,27.0,32.925925925925924,84.42107188917575,0.0,0.0,7.0,17.5,385.0
