id,count,mean,std,min,25%,50%,75%,max
0,46.0,5.543478260869565,12.897383923776738,0.0,0.0,0.0,7.0,80.0
1,63.0,5.714285714285714,13.458932243787288,0.0,0.0,0.0,7.0,101.0
2,61.0,4.065573770491803,12.615953990165279,0.0,0.0,0.0,0.0,87.0
3,64.0,7.8125,15.896365762162258,0.0,0.0,0.0,7.0,80.0
4,53.0,6.9245283018867925,15.575929477888154,0.0,0.0,0.0,7.0,94.0
5,62.0,2.870967741935484,13.07291515016955,0.0,0.0,0.0,0.0,101.0
6,46.0,3.260869565217391,12.286279217274485,0.0,0.0,0.0,0.0,80.0
7,65.0,2.953846153846154,11.538564102108266,0.0,0.0,0.0,0.0,87.0
8,70.0,11.742857142857142,20.228180740399086,0.0,0.0,7.0,14.0,101.0
9,82.0,8.573170731707316,16.209302684756256,0.0,0.0,0.0,7.0,94.0
10,35.0,9.085714285714285,15.357258158644742,0.0,0.0,7.0,14.0,80.0
11,38.0,4.315789473684211,14.512073748951988,0.0,0.0,0.0,0.0,87.0
12,49.0,14.63265306122449,20.68684553602343,0.0,0.0,7.0,21.0,94.0
13,75.0,7.04,14.318236340132533,0.0,0.0,0.0,7.0,87.0
14,61.0,11.295081967213115,21.087392965383433,0.0,0.0,7.0,14.0,126.0
15,48.0,7.791666666666667,18.52423178219727,0.0,0.0,0.0,7.0,98.0
16,60.0,4.716666666666667,13.849177503163295,0.0,0.0,0.0,7.0,101.0
17,68.0,7.764705882352941,14.877728167787975,0.0,0.0,0.0,8.75,94.0
18,67.0,9.865671641791044,16.425124437873773,0.0,0.0,7.0,10.5,87.0
19,66.0,11.5,15.66402050756888,0.0,0.0,7.0,14.0,80.0
20,61.0,6.360655737704918,16.585166853632842,0.0,0.0,0.0,7.0,101.0
21,68.0,9.926470588235293,19.549643029508534,0.0,0.0,7.0,7.0,112.0
22,49.0,3.63265306122449,12.870660882978227,0.0,0.0,0.0,0.0,87.0
23,67.0,6.0,11.695635031407178,0.0,0.0,0.0,7.0,87.0
24,61.0,5.327868852459017,15.487329564814596,0.0,0.0,0.0,7.0,108.0
25,48.0,5.166666666666667,12.689974822390617,0.0,0.0,0.0,7.0,80.0
26,70.0,11.042857142857143,24.21907004897725,0.0,0.0,7.0,14.0,126.0
27,67.0,17.91044776119403,27.352209673788632,0.0,0.0,7.0,21.0,154.0
28,64.0,5.515625,11.762183399919138,0.0,0.0,0.0,7.0,80.0
29,68.0,7.25,13.290525185315008,0.0,0.0,0.0,8.75,87.0
30,50.0,8.32,15.927693761854808,0.0,0.0,0.0,7.0,94.0
31,41.0,5.536585365853658,14.295274675527592,0.0,0.0,0.0,7.0,87.0
32,60.0,5.65,16.675187087609533,0.0,0.0,0.0,7.0,115.0
33,31.0,5.064516129032258,14.424367077670961,0.0,0.0,0.0,7.0,80.0
34,69.0,10.08695652173913,18.995927683116705,0.0,0.0,0.0,7.0,108.0
35,36.0,4.166666666666667,15.855598380382874,0.0,0.0,0.0,0.0,94.0
36,45.0,8.466666666666667,19.20534963351239,0.0,0.0,0.0,7.0,108.0
37,63.0,5.603174603174603,14.969366227172596,0.0,0.0,0.0,7.0,115.0
38,61.0,8.885245901639344,18.420186716983206,0.0,0.0,0.0,7.0,122.0
39,64.0,11.09375,19.087699646048964,0.0,0.0,7.0,14.0,101.0
40,52.0,8.26923076923077,21.023903654813438,0.0,0.0,0.0,7.0,129.0
41,62.0,4.790322580645161,17.319691339367374,0.0,0.0,0.0,7.0,136.0
42,46.0,5.8478260869565215,17.763842666500775,0.0,0.0,0.0,7.0,115.0
43,65.0,7.907692307692308,17.52384364669595,0.0,0.0,0.0,7.0,108.0
44,64.0,6.5,19.44222209522358,0.0,0.0,0.0,7.0,150.0
45,76.0,5.75,15.476541387963053,0.0,0.0,0.0,7.0,115.0
46,35.0,9.685714285714285,22.006377990685056,0.0,0.0,0.0,10.5,108.0
47,38.0,12.789473684210526,25.4973850219733,0.0,0.0,0.0,14.0,122.0
48,43.0,8.046511627906977,21.270316325554425,0.0,0.0,0.0,7.0,129.0
49,69.0,9.478260869565217,21.44802794695352,0.0,0.0,0.0,7.0,115.0
50,60.0,15.1,29.734246648079274,0.0,0.0,7.0,14.0,182.0
51,48.0,8.375,18.585770122968533,0.0,0.0,0.0,7.0,108.0
52,59.0,6.338983050847458,18.434048491190694,0.0,0.0,0.0,7.0,129.0
53,66.0,7.46969696969697,18.64834057123062,0.0,0.0,0.0,7.0,136.0
54,67.0,12.895522388059701,21.701930041496453,0.0,0.0,7.0,14.0,122.0
55,65.0,12.430769230769231,18.166735767923154,0.0,0.0,7.0,21.0,108.0
56,60.0,5.766666666666667,16.85769619206476,0.0,0.0,0.0,7.0,115.0
57,67.0,7.776119402985074,16.70947916015663,0.0,0.0,0.0,7.0,122.0
58,49.0,8.775510204081632,19.692707307235217,0.0,0.0,0.0,7.0,115.0
59,67.0,9.343283582089553,18.15802038236111,0.0,0.0,7.0,14.0,136.0
60,60.0,6.116666666666666,18.130498386735333,0.0,0.0,0.0,7.0,129.0
61,47.0,8.106382978723405,17.61080948014006,0.0,0.0,0.0,7.0,101.0
62,70.0,11.442857142857143,26.388203180223265,0.0,0.0,3.5,14.0,147.0
63,65.0,15.76923076923077,22.798553429144103,0.0,0.0,7.0,14.0,122.0
64,63.0,6.714285714285714,17.14494994905965,0.0,0.0,0.0,7.0,115.0
65,67.0,7.880597014925373,15.773512884867527,0.0,0.0,0.0,7.0,108.0
66,49.0,11.204081632653061,22.620031306930827,0.0,0.0,0.0,14.0,122.0
67,39.0,6.17948717948718,16.911335026001744,0.0,0.0,0.0,7.0,101.0
68,60.0,5.416666666666667,17.569514879681357,0.0,0.0,0.0,7.0,129.0
69,30.0,9.2,21.049039620978366,0.0,0.0,0.0,7.0,108.0
70,69.0,10.898550724637682,20.5727867993678,0.0,0.0,7.0,14.0,129.0
71,33.0,10.06060606060606,23.24050800049801,0.0,0.0,0.0,7.0,115.0
72,45.0,8.155555555555555,20.45389000072153,0.0,0.0,0.0,7.0,122.0
73,63.0,8.380952380952381,19.975330407399838,0.0,0.0,0.0,7.0,150.0
74,59.0,8.11864406779661,24.25303731121947,0.0,0.0,0.0,7.0,178.0
75,63.0,13.714285714285714,21.255305653722786,0.0,0.0,7.0,21.0,136.0
76,49.0,13.061224489795919,45.803660772213995,0.0,0.0,0.0,7.0,318.0
77,62.0,5.580645161290323,20.489540224059123,0.0,0.0,0.0,7.0,157.0
78,46.0,5.695652173913044,18.292523749356537,0.0,0.0,0.0,7.0,122.0
79,65.0,9.63076923076923,20.070632487830036,0.0,0.0,7.0,14.0,150.0
