id,count,mean,std,min,25%,50%,75%,max
0,42.0,12.023809523809524,24.869893735234545,0.0,0.0,7.0,7.0,134.0
1,51.0,14.705882352941176,21.590084870279743,0.0,7.0,7.0,21.0,141.0
2,49.0,10.020408163265307,22.212505670528603,0.0,0.0,7.0,7.0,141.0
3,51.0,17.58823529411765,23.736197227515813,0.0,0.0,14.0,21.0,120.0
4,42.0,21.523809523809526,33.99658382783238,0.0,0.0,14.0,21.0,161.0
5,52.0,11.865384615384615,23.82125335942415,0.0,0.0,7.0,14.0,148.0
6,46.0,9.608695652173912,19.777066697307728,0.0,0.0,0.0,7.0,120.0
7,59.0,8.084745762711865,19.857499352579552,0.0,0.0,0.0,7.0,134.0
8,53.0,17.452830188679247,31.471944794430588,0.0,0.0,7.0,21.0,162.0
9,64.0,11.828125,21.512310751959888,0.0,0.0,7.0,14.0,141.0
10,38.0,14.210526315789474,23.787525568845492,0.0,0.0,7.0,19.25,120.0
11,39.0,4.153846153846154,20.390320796550377,0.0,0.0,0.0,0.0,127.0
12,44.0,21.34090909090909,28.044767519108543,0.0,0.0,10.5,31.5,127.0
13,64.0,14.015625,19.613319241440667,0.0,0.0,7.0,21.0,127.0
14,53.0,8.075471698113208,19.266201031263748,0.0,0.0,7.0,7.0,134.0
15,44.0,4.318181818181818,18.76881719616123,0.0,0.0,0.0,0.0,120.0
16,51.0,8.941176470588236,20.706918423276683,0.0,0.0,7.0,7.0,141.0
17,48.0,11.395833333333334,22.368994102621617,0.0,0.0,0.0,14.0,127.0
18,56.0,6.892857142857143,17.546487419971577,0.0,0.0,0.0,7.0,120.0
19,53.0,15.471698113207546,22.004023909612624,0.0,0.0,14.0,21.0,141.0
20,57.0,23.596491228070175,31.21747430133299,0.0,0.0,14.0,28.0,134.0
21,47.0,14.617021276595745,29.57419056299021,0.0,0.0,7.0,17.5,148.0
22,45.0,10.444444444444445,21.315333315325713,0.0,0.0,7.0,14.0,127.0
23,47.0,20.425531914893618,29.62133828469155,0.0,0.0,7.0,28.0,120.0
24,48.0,11.104166666666666,22.76170690915863,0.0,0.0,3.5,14.0,141.0
25,43.0,14.674418604651162,30.739087053265216,0.0,0.0,7.0,14.0,161.0
26,50.0,12.34,22.48955313028696,0.0,0.0,7.0,14.0,127.0
27,55.0,18.727272727272727,23.315433249447192,0.0,7.0,14.0,21.0,141.0
28,51.0,15.392156862745098,21.376696125802553,0.0,0.0,7.0,21.0,120.0
29,57.0,13.894736842105264,25.236512812735608,0.0,0.0,7.0,14.0,134.0
30,44.0,17.045454545454547,29.535909988662123,0.0,0.0,7.0,21.0,134.0
31,35.0,15.82857142857143,32.68340621809188,0.0,0.0,7.0,14.0,154.0
32,48.0,10.375,22.776083947860748,0.0,0.0,7.0,14.0,148.0
33,28.0,15.035714285714286,31.69937742449414,0.0,0.0,0.0,8.75,120.0
34,59.0,14.372881355932204,21.273991167040943,0.0,0.0,7.0,21.0,134.0
35,31.0,6.354838709677419,23.06158188719466,0.0,0.0,0.0,0.0,127.0
36,40.0,11.75,28.28132481573898,0.0,0.0,7.0,7.0,155.0
37,51.0,12.235294117647058,22.55711704566354,0.0,0.0,7.0,14.0,148.0
38,47.0,19.97872340425532,36.54448710086529,0.0,0.0,7.0,21.0,182.0
39,50.0,13.32,23.11412678737523,0.0,0.0,7.0,14.0,155.0
40,41.0,22.73170731707317,43.648037980099346,0.0,0.0,7.0,28.0,260.0
41,51.0,13.607843137254902,26.631619125672817,0.0,0.0,7.0,14.0,183.0
42,46.0,11.891304347826088,24.671376361974676,0.0,0.0,0.0,14.0,141.0
43,59.0,22.915254237288135,34.96761464042329,0.0,7.0,14.0,21.0,162.0
44,51.0,15.254901960784315,30.322825156805493,0.0,0.0,7.0,14.0,183.0
45,64.0,9.75,21.766436956419344,0.0,0.0,3.5,8.75,155.0
46,35.0,9.028571428571428,23.03639794438577,0.0,0.0,0.0,7.0,134.0
47,39.0,8.820512820512821,27.27913391401046,0.0,0.0,0.0,7.0,148.0
48,42.0,12.023809523809524,29.96378960633301,0.0,0.0,0.0,7.0,176.0
49,60.0,14.6,31.130234907943255,0.0,0.0,7.0,14.0,169.0
50,53.0,15.339622641509434,23.374002155769965,0.0,7.0,7.0,21.0,155.0
51,44.0,10.204545454545455,23.30243978188944,0.0,0.0,7.0,7.0,148.0
52,51.0,12.784313725490197,29.821679178403215,0.0,0.0,7.0,14.0,162.0
53,47.0,16.70212765957447,28.062751804712846,0.0,3.5,7.0,21.0,169.0
54,56.0,13.642857142857142,23.246840310364426,0.0,0.0,7.0,14.0,155.0
55,53.0,10.452830188679245,23.082265951404743,0.0,0.0,7.0,14.0,162.0
56,53.0,9.660377358490566,22.51746620892872,0.0,0.0,0.0,7.0,148.0
57,47.0,19.23404255319149,36.74188036060393,0.0,0.0,7.0,17.5,176.0
58,45.0,9.977777777777778,25.69532048738631,0.0,0.0,0.0,7.0,155.0
59,47.0,19.23404255319149,38.370738832082566,0.0,0.0,7.0,17.5,197.0
60,48.0,14.166666666666666,25.36233875158903,0.0,0.0,7.0,15.75,162.0
61,40.0,13.15,25.04616250866101,0.0,0.0,7.0,14.0,134.0
62,48.0,24.375,47.85911282975337,0.0,0.0,7.0,21.0,231.0
63,52.0,22.903846153846153,28.31008939208126,0.0,7.0,14.0,28.0,169.0
64,50.0,13.46,25.950667483846015,0.0,0.0,7.0,14.0,155.0
65,56.0,17.017857142857142,27.186554879825547,0.0,0.0,7.0,21.0,162.0
66,44.0,9.886363636363637,25.41489758050353,0.0,0.0,0.0,8.75,162.0
67,33.0,10.0,26.711420778386163,0.0,0.0,7.0,7.0,155.0
68,48.0,10.083333333333334,28.343510896307077,0.0,0.0,0.0,8.75,176.0
69,27.0,11.703703703703704,27.63611741462584,0.0,0.0,0.0,14.0,141.0
70,54.0,16.74074074074074,27.28133316140529,0.0,0.0,7.0,21.0,169.0
71,30.0,18.0,30.0,0.0,0.0,7.0,21.0,148.0
72,39.0,15.282051282051283,29.605252661566592,0.0,0.0,7.0,17.5,162.0
73,51.0,13.058823529411764,25.36250126837326,0.0,0.0,7.0,14.0,169.0
74,47.0,17.4468085106383,41.51783718849479,0.0,0.0,7.0,14.0,274.0
75,50.0,21.72,30.996405321539186,0.0,7.0,10.5,33.25,176.0
76,41.0,24.4390243902439,71.45594754129561,0.0,0.0,14.0,21.0,463.0
77,51.0,7.568627450980392,27.637116276457487,0.0,0.0,0.0,7.0,197.0
78,46.0,10.065217391304348,24.498890835585048,0.0,0.0,0.0,7.0,155.0
79,56.0,14.767857142857142,25.078053477767494,0.0,0.0,7.0,21.0,176.0
80,50.0,16.96,33.64215043237108,0.0,0.0,7.0,19.25,204.0
81,63.0,11.238095238095237,25.77114808720634,0.0,0.0,0.0,14.0,190.0
82,35.0,12.428571428571429,30.008122149811097,0.0,0.0,7.0,14.0,176.0
83,39.0,17.615384615384617,34.553250578000224,0.0,0.0,7.0,17.5,169.0
84,40.0,18.575,34.14215193073715,0.0,0.0,7.0,28.0,183.0
85,58.0,13.172413793103448,31.67828296507317,0.0,0.0,7.0,14.0,239.0
86,53.0,19.962264150943398,33.05762001307539,0.0,0.0,7.0,28.0,190.0
87,44.0,16.886363636363637,50.9907496896369,0.0,0.0,7.0,8.75,337.0
88,50.0,9.12,27.336631624460036,0.0,0.0,0.0,7.0,176.0
89,47.0,23.25531914893617,55.49636419156561,0.0,0.0,7.0,14.0,246.0
90,56.0,15.017857142857142,31.182449067867168,0.0,0.0,7.0,14.0,176.0
91,49.0,21.448979591836736,35.75790193817876,0.0,7.0,14.0,21.0,211.0
92,52.0,12.134615384615385,29.975171978543976,0.0,0.0,3.5,14.0,183.0
93,47.0,16.5531914893617,33.45588172805591,0.0,0.0,7.0,17.5,211.0
94,44.0,13.863636363636363,28.996865034313306,0.0,0.0,7.0,14.0,183.0
95,47.0,16.404255319148938,34.36230212872195,0.0,0.0,7.0,14.0,211.0
96,48.0,15.1875,27.64259452213004,0.0,0.0,7.0,15.75,169.0
97,39.0,26.58974358974359,73.62340801557112,0.0,0.0,0.0,17.5,392.0
98,47.0,16.5531914893617,30.340680476332146,0.0,0.0,7.0,21.0,197.0
99,50.0,20.74,37.47696435335788,0.0,0.0,7.0,19.25,183.0
100,50.0,13.88,28.347436266038997,0.0,0.0,7.0,14.0,176.0
101,56.0,14.267857142857142,30.816460224678966,0.0,0.0,7.0,14.0,211.0
102,42.0,22.523809523809526,39.51426917026804,0.0,1.75,10.5,21.0,204.0
103,33.0,15.93939393939394,33.78973530706052,0.0,0.0,7.0,21.0,190.0
104,48.0,11.395833333333334,30.450335975041515,0.0,0.0,7.0,14.0,211.0
105,25.0,22.16,46.59370486807562,0.0,0.0,0.0,28.0,169.0
106,53.0,19.830188679245282,31.69975482133807,0.0,0.0,7.0,28.0,190.0
107,30.0,18.0,39.800363886744066,0.0,0.0,7.0,21.0,218.0
108,39.0,14.384615384615385,49.39188905532407,0.0,0.0,0.0,14.0,309.0
109,51.0,13.607843137254902,34.91594388320188,0.0,0.0,7.0,10.5,239.0
110,47.0,19.085106382978722,48.4291637734205,0.0,0.0,7.0,21.0,323.0
111,50.0,12.9,28.24257171616737,0.0,0.0,7.0,14.0,183.0
112,40.0,21.9,79.22826483470371,0.0,0.0,7.0,21.0,505.0
113,51.0,11.686274509803921,33.65025420176105,0.0,0.0,7.0,7.0,211.0
114,46.0,12.5,26.361377472018077,0.0,0.0,7.0,14.0,169.0
115,54.0,25.296296296296298,44.66209807982249,0.0,0.0,10.5,28.0,252.0
116,47.0,19.23404255319149,38.875057816793266,0.0,3.5,7.0,21.0,260.0
117,61.0,13.327868852459016,31.535546774751086,0.0,0.0,0.0,14.0,218.0
118,35.0,14.82857142857143,42.050729667227166,0.0,0.0,0.0,10.5,197.0
119,39.0,17.794871794871796,36.92822304444086,0.0,0.0,7.0,17.5,211.0
