id,count,mean,std,min,25%,50%,75%,max
0,29.0,29.24137931034483,27.93187525341637,7.0,7.0,21.0,49.0,120.0
1,30.0,30.133333333333333,30.923412995081378,7.0,14.0,17.5,33.25,126.0
2,39.0,29.641025641025642,38.21579115571494,7.0,7.0,14.0,31.5,189.0
3,44.0,36.93181818181818,36.51530276681572,7.0,12.25,28.0,42.0,161.0
4,31.0,40.0,43.21959432171169,7.0,7.0,21.0,49.0,161.0
5,50.0,30.26,23.843717351597196,7.0,14.0,21.0,40.25,120.0
6,14.0,22.571428571428573,30.096547938296805,7.0,7.0,14.0,19.25,120.0
7,50.0,31.94,48.743146038333286,7.0,7.0,10.5,35.0,280.0
8,46.0,32.891304347826086,34.597513244528336,7.0,7.0,14.0,40.25,147.0
9,51.0,30.49019607843137,34.70871507216573,7.0,7.0,14.0,31.5,147.0
10,11.0,19.818181818181817,33.54942080518882,7.0,7.0,7.0,14.0,120.0
11,20.0,23.5,28.02160820359512,7.0,7.0,14.0,24.5,120.0
12,21.0,20.38095238095238,25.231877041703,7.0,7.0,14.0,21.0,120.0
13,23.0,14.956521739130435,23.826032861079355,7.0,7.0,7.0,14.0,120.0
14,54.0,27.75925925925926,22.62486125064111,7.0,14.0,21.0,40.25,120.0
15,13.0,32.38461538461539,44.20885744874071,7.0,7.0,14.0,28.0,140.0
16,31.0,41.12903225806452,38.90479142340857,7.0,10.5,28.0,56.0,154.0
17,48.0,40.708333333333336,35.90469555811005,7.0,12.25,31.5,63.0,140.0
18,57.0,27.403508771929825,25.244419219985748,7.0,7.0,21.0,35.0,120.0
19,39.0,26.94871794871795,31.074569665436037,7.0,7.0,14.0,31.5,140.0
20,36.0,17.72222222222222,22.547234370932898,7.0,7.0,7.0,21.0,120.0
21,36.0,32.888888888888886,30.926436012648537,7.0,7.0,21.0,50.75,120.0
22,26.0,31.53846153846154,40.48133473019956,7.0,7.0,14.0,33.25,175.0
23,50.0,44.68,62.36051864532788,7.0,14.0,28.0,56.0,406.0
24,35.0,35.22857142857143,33.5367101005711,7.0,7.0,21.0,42.0,120.0
25,20.0,35.75,40.538318454986445,7.0,7.0,24.5,40.25,147.0
26,47.0,40.829787234042556,42.2005147037106,7.0,14.0,21.0,63.0,210.0
27,53.0,33.16981132075472,34.26297387574332,7.0,7.0,21.0,42.0,168.0
28,39.0,33.41025641025641,33.99900768576539,7.0,7.0,14.0,52.5,120.0
29,44.0,21.5,21.530400357050578,7.0,7.0,14.0,21.0,120.0
30,36.0,36.19444444444444,38.38438629327178,7.0,14.0,14.0,45.5,140.0
31,25.0,35.04,40.952696288929914,7.0,7.0,7.0,56.0,140.0
32,34.0,30.5,34.27982002003599,7.0,7.0,14.0,35.0,126.0
33,14.0,26.071428571428573,34.109471469901784,7.0,7.0,10.5,26.25,120.0
34,44.0,36.61363636363637,31.142744056996282,7.0,12.25,28.0,50.75,120.0
35,24.0,25.125,26.502358385622966,7.0,7.0,14.0,28.0,120.0
36,25.0,33.36,36.96381113106891,7.0,7.0,21.0,49.0,148.0
37,47.0,33.829787234042556,40.65032175333178,7.0,7.0,21.0,35.0,189.0
38,43.0,39.58139534883721,41.946810173372306,7.0,14.0,28.0,56.0,189.0
39,50.0,37.54,36.676306092236565,7.0,14.0,21.0,47.25,175.0
40,27.0,35.03703703703704,33.06227397070504,7.0,7.0,28.0,45.5,134.0
41,43.0,32.906976744186046,31.4913547875697,7.0,7.0,21.0,45.5,155.0
42,37.0,17.243243243243242,22.00177443021535,7.0,7.0,7.0,21.0,127.0
43,53.0,34.886792452830186,44.877465810701835,7.0,7.0,14.0,42.0,252.0
44,36.0,32.111111111111114,41.12960544965687,7.0,7.0,14.0,36.75,169.0
45,33.0,43.515151515151516,49.46281508120596,7.0,7.0,21.0,63.0,224.0
46,24.0,16.083333333333332,25.004202545322983,7.0,7.0,7.0,14.0,127.0
47,37.0,22.72972972972973,24.45363941176202,7.0,7.0,14.0,28.0,134.0
48,19.0,18.473684210526315,29.381340301196897,7.0,7.0,7.0,14.0,134.0
49,45.0,19.622222222222224,22.874448715551686,7.0,7.0,7.0,21.0,134.0
50,42.0,29.357142857142858,23.725895525077636,7.0,14.0,21.0,42.0,141.0
51,36.0,22.97222222222222,32.478112287782025,7.0,7.0,7.0,21.0,140.0
52,31.0,34.806451612903224,47.123539308813044,7.0,7.0,21.0,35.0,238.0
53,41.0,37.073170731707314,43.52435539092017,7.0,7.0,21.0,42.0,224.0
54,43.0,23.302325581395348,24.384357675050744,7.0,7.0,14.0,28.0,127.0
55,48.0,38.666666666666664,35.990148376213234,7.0,7.0,31.5,49.0,161.0
56,38.0,20.289473684210527,25.074923291884332,7.0,7.0,14.0,21.0,148.0
57,48.0,35.166666666666664,34.32097140254315,7.0,14.0,28.0,38.5,155.0
58,37.0,31.62162162162162,42.51035909787908,7.0,7.0,14.0,35.0,182.0
59,46.0,48.108695652173914,55.8872787198063,7.0,14.0,31.5,63.0,343.0
60,38.0,30.973684210526315,32.09907537786405,7.0,7.0,17.5,47.25,148.0
61,23.0,24.695652173913043,28.390835241177733,7.0,10.5,14.0,21.0,127.0
62,48.0,40.708333333333336,37.11222677078977,7.0,14.0,28.0,50.75,154.0
63,52.0,32.86538461538461,36.82924501105697,7.0,7.0,17.5,36.75,148.0
64,38.0,33.36842105263158,38.86666121750492,7.0,7.0,14.0,54.25,154.0
65,45.0,23.977777777777778,23.91888649818656,7.0,7.0,14.0,35.0,141.0
66,40.0,43.25,45.36165216545234,7.0,14.0,24.5,56.0,161.0
67,27.0,35.81481481481482,44.84163333077956,7.0,7.0,21.0,38.5,161.0
68,36.0,34.25,38.49480484429035,7.0,7.0,14.0,43.75,155.0
69,17.0,26.823529411764707,30.033804483693135,7.0,7.0,14.0,35.0,127.0
70,41.0,39.63414634146341,38.71159780838359,7.0,14.0,21.0,56.0,141.0
71,25.0,22.72,25.762569747600878,7.0,7.0,14.0,28.0,134.0
72,23.0,35.65217391304348,43.175759924514225,7.0,7.0,14.0,59.5,162.0
73,47.0,36.659574468085104,39.425922059601454,7.0,10.5,28.0,42.0,189.0
74,31.0,35.483870967741936,43.1755107807979,7.0,7.0,14.0,42.0,169.0
75,47.0,39.04255319148936,42.959008493339375,7.0,10.5,21.0,52.5,210.0
76,24.0,38.541666666666664,39.99997735506606,7.0,7.0,21.0,63.0,162.0
77,41.0,42.19512195121951,40.32258642014121,7.0,21.0,28.0,63.0,197.0
78,36.0,28.02777777777778,28.71285039451461,7.0,14.0,14.0,29.75,148.0
79,52.0,43.76923076923077,49.7793623607589,7.0,7.0,28.0,56.0,238.0
80,41.0,28.70731707317073,40.03139012227718,7.0,7.0,14.0,28.0,190.0
81,38.0,30.789473684210527,35.88582336570284,7.0,7.0,17.5,35.0,162.0
82,24.0,24.25,27.256032439587134,7.0,14.0,14.0,22.75,141.0
83,40.0,24.175,35.60890662136694,7.0,7.0,7.0,15.75,155.0
84,21.0,30.38095238095238,45.10263428057855,7.0,7.0,14.0,21.0,169.0
85,40.0,23.125,32.53730600481979,7.0,7.0,10.5,22.75,176.0
86,38.0,32.63157894736842,45.740407975485624,7.0,7.0,21.0,35.0,245.0
87,33.0,28.666666666666668,30.00277764918886,7.0,14.0,21.0,35.0,155.0
88,43.0,33.23255813953488,45.85112410176384,7.0,7.0,21.0,42.0,252.0
89,42.0,39.023809523809526,40.313701656274716,7.0,8.75,21.0,52.5,176.0
90,46.0,30.91304347826087,27.14637367798385,7.0,15.75,21.0,35.0,169.0
91,49.0,44.59183673469388,43.482716090872884,7.0,14.0,28.0,63.0,162.0
92,46.0,17.217391304347824,23.26362257400383,7.0,7.0,7.0,19.25,155.0
93,39.0,34.666666666666664,34.35597958628648,7.0,14.0,21.0,45.5,169.0
94,29.0,37.206896551724135,43.30405730772054,7.0,7.0,21.0,49.0,169.0
95,47.0,46.93617021276596,58.941166043598884,7.0,10.5,21.0,63.0,336.0
96,39.0,31.615384615384617,38.33413717399276,7.0,7.0,14.0,38.5,176.0
97,25.0,19.92,27.420977371348382,7.0,7.0,7.0,21.0,141.0
98,46.0,39.28260869565217,39.09513356671177,7.0,14.0,21.0,54.25,161.0
99,48.0,47.270833333333336,35.925300504130185,7.0,19.25,35.0,70.0,169.0
100,37.0,32.37837837837838,35.88279636643547,7.0,7.0,21.0,49.0,162.0
101,44.0,28.022727272727273,29.7043483124622,7.0,12.25,21.0,35.0,183.0
102,35.0,45.02857142857143,46.61259973206292,7.0,14.0,28.0,66.5,182.0
103,28.0,34.785714285714285,45.964041616171244,7.0,7.0,14.0,35.0,162.0
104,39.0,32.333333333333336,42.634513652508865,7.0,7.0,14.0,35.0,190.0
105,15.0,34.13333333333333,44.60119579861808,7.0,7.0,14.0,31.5,148.0
106,44.0,33.59090909090909,41.13580355405805,7.0,7.0,14.0,42.0,176.0
107,28.0,22.785714285714285,31.03207079763479,7.0,7.0,14.0,21.0,155.0
108,29.0,31.896551724137932,40.5377644280933,7.0,7.0,7.0,42.0,176.0
109,41.0,39.63414634146341,41.60934756611847,7.0,14.0,21.0,42.0,190.0
110,43.0,37.7906976744186,49.341163216901364,7.0,7.0,14.0,52.5,295.0
111,48.0,44.0625,42.31613858927091,7.0,21.0,28.0,56.0,183.0
112,26.0,56.84615384615385,94.72600162898983,7.0,7.0,31.5,61.25,484.0
113,41.0,39.46341463414634,42.82002893563689,7.0,14.0,21.0,49.0,218.0
114,31.0,34.806451612903224,33.098257109036936,7.0,17.5,28.0,42.0,176.0
115,47.0,39.48936170212766,60.560021373131576,7.0,7.0,14.0,35.0,266.0
116,30.0,43.666666666666664,50.947121561500396,7.0,7.0,14.0,68.25,211.0
117,35.0,35.42857142857143,44.09300712483698,7.0,7.0,21.0,45.5,211.0
118,20.0,28.75,38.53484410927746,7.0,7.0,14.0,31.5,176.0
119,39.0,25.333333333333332,39.9811359027001,7.0,7.0,7.0,21.0,183.0
