id,count,mean,std,min,25%,50%,75%,max
0,41.0,8.731707317073171,22.91508715916645,0.0,0.0,0.0,7.0,134.0
1,52.0,7.5576923076923075,20.066959930309462,0.0,0.0,0.0,7.0,141.0
2,51.0,9.07843137254902,21.95708827440916,0.0,0.0,0.0,7.0,141.0
3,52.0,7.288461538461538,18.40325689255556,0.0,0.0,0.0,7.0,120.0
4,42.0,15.023809523809524,22.073588782047462,0.0,0.0,7.0,21.0,127.0
5,51.0,8.254901960784315,21.532155616430884,0.0,0.0,0.0,7.0,148.0
6,50.0,8.56,19.877338137400876,0.0,0.0,0.0,7.0,120.0
7,56.0,11.017857142857142,25.33950639644712,0.0,0.0,0.0,7.0,134.0
8,52.0,19.403846153846153,33.43196756856047,0.0,0.0,7.0,21.0,169.0
9,61.0,17.80327868852459,28.089630157842443,0.0,0.0,7.0,21.0,141.0
10,32.0,5.0625,21.598891100567954,0.0,0.0,0.0,0.0,120.0
11,44.0,25.318181818181817,39.577285432413525,0.0,0.0,0.0,36.75,154.0
12,43.0,11.255813953488373,22.371424187007825,0.0,0.0,0.0,14.0,127.0
13,66.0,10.727272727272727,20.420612101536,0.0,0.0,7.0,12.25,127.0
14,52.0,15.903846153846153,27.075971269950063,0.0,0.0,7.0,21.0,134.0
15,48.0,9.791666666666666,19.532796569973577,0.0,0.0,7.0,8.75,120.0
16,50.0,9.26,20.838357489426627,0.0,0.0,3.5,14.0,141.0
17,52.0,12.538461538461538,21.8591404477884,0.0,0.0,7.0,14.0,127.0
18,56.0,17.767857142857142,26.798229976439302,0.0,0.0,7.0,21.0,120.0
19,49.0,20.163265306122447,25.60383023004526,0.0,7.0,14.0,28.0,141.0
20,53.0,17.32075471698113,31.573950792547606,0.0,0.0,7.0,21.0,154.0
21,53.0,11.245283018867925,21.841127102130898,0.0,0.0,7.0,14.0,148.0
22,44.0,8.772727272727273,21.055699815360867,0.0,0.0,0.0,8.75,127.0
23,50.0,19.76,44.78226689853282,0.0,0.0,14.0,21.0,301.0
24,46.0,12.5,22.259829289552066,0.0,0.0,7.0,14.0,141.0
25,40.0,12.275,27.223658169000068,0.0,0.0,0.0,7.0,120.0
26,53.0,19.962264150943398,37.131244496407064,0.0,0.0,7.0,21.0,168.0
27,51.0,20.88235294117647,29.49755722687798,0.0,7.0,14.0,21.0,141.0
28,50.0,11.36,19.6008746160544,0.0,0.0,7.0,12.25,120.0
29,61.0,13.672131147540984,27.495891397004154,0.0,0.0,7.0,14.0,147.0
30,44.0,12.909090909090908,21.53074403473363,0.0,0.0,7.0,15.75,134.0
31,36.0,13.055555555555555,24.56239221067669,0.0,0.0,7.0,14.0,127.0
32,53.0,9.660377358490566,21.35770748665763,0.0,0.0,7.0,7.0,148.0
33,28.0,7.785714285714286,22.990105992469314,0.0,0.0,0.0,7.0,120.0
34,54.0,11.296296296296296,20.885699386277402,0.0,0.0,7.0,14.0,134.0
35,32.0,9.21875,23.374557956834593,0.0,0.0,0.0,7.0,127.0
36,40.0,13.15,25.61304755643508,0.0,0.0,7.0,14.0,155.0
37,52.0,9.846153846153847,21.78899219779279,0.0,0.0,7.0,7.0,148.0
38,50.0,15.14,27.797379115921807,0.0,0.0,7.0,14.0,162.0
39,52.0,12.673076923076923,23.7657862118735,0.0,0.0,7.0,14.0,155.0
40,41.0,20.682926829268293,35.92174760809268,0.0,0.0,14.0,21.0,175.0
41,51.0,15.941176470588236,27.52774001962812,0.0,7.0,7.0,21.0,190.0
42,48.0,6.4375,20.602526440819844,0.0,0.0,0.0,7.0,141.0
43,54.0,20.24074074074074,34.88035354740393,0.0,7.0,7.0,14.0,183.0
44,51.0,11.823529411764707,26.85569279117777,0.0,0.0,7.0,14.0,183.0
45,59.0,10.932203389830509,24.947437437872054,0.0,0.0,0.0,7.0,162.0
46,32.0,8.125,24.096245190030427,0.0,0.0,0.0,7.0,134.0
47,43.0,19.069767441860463,30.592089974244132,0.0,0.0,7.0,21.0,155.0
48,42.0,11.69047619047619,27.865957984642453,0.0,0.0,7.0,7.0,169.0
49,64.0,12.265625,27.101948730672486,0.0,0.0,7.0,14.0,169.0
50,52.0,21.423076923076923,30.720336340227657,0.0,7.0,14.0,21.0,155.0
51,48.0,12.125,24.35606875311332,0.0,0.0,7.0,14.0,148.0
52,48.0,16.645833333333332,41.187422983924804,0.0,0.0,7.0,14.0,238.0
53,50.0,16.26,29.139222462418,0.0,0.0,7.0,14.0,169.0
54,56.0,20.142857142857142,35.41259589541479,0.0,0.0,7.0,21.0,182.0
55,49.0,12.306122448979592,23.547119499732744,0.0,7.0,7.0,14.0,162.0
56,53.0,12.169811320754716,22.344105959235907,0.0,0.0,7.0,14.0,148.0
57,52.0,10.51923076923077,26.03955541969765,0.0,0.0,7.0,7.0,176.0
58,43.0,15.0,29.320072760255332,0.0,0.0,7.0,17.5,155.0
59,50.0,19.2,33.88214869219483,0.0,0.0,7.0,19.25,176.0
60,44.0,17.204545454545453,28.73906630958499,0.0,0.0,7.0,22.75,162.0
61,40.0,11.75,25.406187415162453,0.0,0.0,0.0,14.0,134.0
62,53.0,17.58490566037736,27.293584736699398,0.0,7.0,14.0,21.0,148.0
63,51.0,24.313725490196077,28.973429342125474,0.0,7.0,14.0,35.0,169.0
64,48.0,14.604166666666666,26.298401847190487,0.0,0.0,7.0,21.0,155.0
65,59.0,12.0,22.963989801125738,0.0,0.0,7.0,14.0,162.0
66,44.0,13.227272727272727,26.29516149352199,0.0,0.0,7.0,14.0,169.0
67,35.0,10.228571428571428,27.815659696828114,0.0,0.0,0.0,10.5,162.0
68,52.0,8.23076923076923,25.033793148396065,0.0,0.0,0.0,7.0,176.0
69,28.0,13.285714285714286,27.604155810120652,0.0,0.0,7.0,14.0,141.0
70,54.0,16.61111111111111,31.814566894217915,0.0,0.0,7.0,14.0,169.0
71,30.0,10.533333333333333,26.673935790856074,0.0,0.0,7.0,14.0,148.0
72,40.0,12.1,26.66871786982855,0.0,0.0,7.0,14.0,162.0
73,52.0,13.884615384615385,27.54792888991258,0.0,0.0,7.0,14.0,183.0
74,49.0,12.591836734693878,38.451223629937395,0.0,0.0,0.0,14.0,267.0
75,51.0,14.019607843137255,26.68444505405981,0.0,0.0,7.0,14.0,176.0
76,39.0,23.897435897435898,76.64676148333953,0.0,0.0,7.0,17.5,477.0
77,51.0,11.96078431372549,29.306627772102146,0.0,0.0,7.0,14.0,204.0
78,46.0,8.695652173913043,24.61875487890157,0.0,0.0,0.0,7.0,162.0
79,54.0,14.148148148148149,28.530293339104905,0.0,0.0,7.0,14.0,197.0
80,49.0,14.16326530612245,30.154012266733474,0.0,0.0,7.0,14.0,204.0
81,57.0,17.333333333333332,43.10549075620568,0.0,0.0,7.0,14.0,252.0
82,32.0,12.0625,26.25180485346705,0.0,0.0,7.0,14.0,148.0
83,43.0,20.53488372093023,45.28394482501198,0.0,0.0,7.0,28.0,238.0
84,39.0,18.512820512820515,37.62688833860547,0.0,0.0,7.0,14.0,190.0
85,61.0,16.540983606557376,33.21424080646322,0.0,0.0,7.0,28.0,232.0
86,51.0,21.980392156862745,44.95931058015834,0.0,0.0,7.0,14.0,224.0
87,48.0,18.104166666666668,48.369253282643996,0.0,0.0,7.0,21.0,323.0
88,48.0,8.479166666666666,25.926237087235513,0.0,0.0,0.0,7.0,176.0
89,50.0,18.64,42.08046713483246,0.0,0.0,7.0,14.0,253.0
90,56.0,15.642857142857142,31.679892430618903,0.0,0.0,7.0,14.0,176.0
91,47.0,21.46808510638298,35.6668467809666,0.0,7.0,7.0,21.0,204.0
92,52.0,14.826923076923077,40.77471398000026,0.0,0.0,7.0,14.0,288.0
93,51.0,12.372549019607844,31.391693668430012,0.0,0.0,7.0,7.0,218.0
94,41.0,20.0,38.112333961593066,0.0,0.0,7.0,14.0,183.0
95,50.0,22.14,42.51866816890133,0.0,0.0,7.0,21.0,197.0
96,44.0,15.136363636363637,26.924175104801186,0.0,0.0,7.0,14.0,169.0
97,36.0,27.63888888888889,49.87478766315145,0.0,0.0,7.0,21.0,203.0
98,52.0,12.26923076923077,27.671827100554026,0.0,0.0,7.0,14.0,190.0
99,50.0,17.24,28.755521208978283,0.0,0.0,7.0,21.0,176.0
100,48.0,12.708333333333334,27.134776566074393,0.0,0.0,7.0,14.0,183.0
101,58.0,11.482758620689655,31.734778851407356,0.0,0.0,0.0,7.0,211.0
102,41.0,17.4390243902439,31.76243754853192,0.0,7.0,14.0,14.0,197.0
103,33.0,15.090909090909092,38.91124808166306,0.0,0.0,7.0,14.0,225.0
104,51.0,9.490196078431373,27.665409846246344,0.0,0.0,0.0,7.0,190.0
105,25.0,16.56,35.675715363068285,0.0,0.0,0.0,14.0,155.0
106,52.0,23.442307692307693,37.672173878954936,0.0,0.0,14.0,28.0,204.0
107,30.0,15.9,36.00512415639253,0.0,0.0,7.0,19.25,197.0
108,39.0,14.205128205128204,36.958140964282315,0.0,0.0,7.0,7.0,218.0
109,51.0,15.941176470588236,35.9913388273934,0.0,0.0,7.0,14.0,253.0
110,49.0,13.020408163265307,45.278991539453834,0.0,0.0,0.0,7.0,316.0
111,50.0,18.64,39.84857050671419,0.0,0.0,7.0,19.25,217.0
112,36.0,36.583333333333336,91.37094724254531,0.0,0.0,14.0,21.0,505.0
113,51.0,16.49019607843137,35.753809614652035,0.0,0.0,7.0,14.0,232.0
114,46.0,12.043478260869565,29.36131734990341,0.0,0.0,7.0,7.0,169.0
115,53.0,20.358490566037737,37.06963008448925,0.0,0.0,7.0,21.0,211.0
116,48.0,16.5,33.38683649380141,0.0,0.0,7.0,21.0,218.0
117,57.0,12.666666666666666,31.856448850010477,0.0,0.0,7.0,14.0,232.0
118,31.0,22.838709677419356,51.75847548900794,0.0,0.0,7.0,7.0,182.0
119,43.0,22.813953488372093,38.37735928156544,0.0,7.0,14.0,28.0,225.0
