id,count,mean,std,min,25%,50%,75%,max
0,45.0,7.133333333333334,16.460144702777175,0.0,0.0,0.0,7.0,97.0
1,63.0,8.095238095238095,16.965538396630908,0.0,0.0,0.0,7.0,111.0
2,61.0,5.377049180327869,15.915573017672793,0.0,0.0,0.0,7.0,118.0
3,64.0,7.53125,16.33864709481446,0.0,0.0,0.0,7.0,90.0
4,54.0,15.277777777777779,21.767568629159236,0.0,0.0,7.0,21.0,104.0
5,62.0,7.435483870967742,16.020090836751468,0.0,0.0,0.0,7.0,111.0
6,50.0,7.96,15.95780149555159,0.0,0.0,0.0,12.25,90.0
7,74.0,6.513513513513513,14.260053644775311,0.0,0.0,0.0,7.0,97.0
8,65.0,16.353846153846153,23.508263686169204,0.0,0.0,7.0,21.0,132.0
9,77.0,9.35064935064935,16.559912148386214,0.0,0.0,7.0,7.0,104.0
10,26.0,3.4615384615384617,17.650452162436558,0.0,0.0,0.0,0.0,90.0
11,52.0,6.576923076923077,16.198942296439565,0.0,0.0,0.0,7.0,97.0
12,49.0,16.26530612244898,22.49608809530752,0.0,0.0,7.0,14.0,90.0
13,70.0,8.585714285714285,17.8451413085742,0.0,0.0,7.0,7.0,104.0
14,62.0,6.870967741935484,15.122975540946202,0.0,0.0,0.0,7.0,111.0
15,52.0,15.326923076923077,31.351092893885305,0.0,0.0,7.0,14.0,182.0
16,63.0,11.095238095238095,17.04804811995968,0.0,0.0,7.0,14.0,97.0
17,63.0,3.2063492063492065,11.662123319863367,0.0,0.0,0.0,0.0,90.0
18,66.0,10.06060606060606,16.351785400404623,0.0,0.0,7.0,14.0,97.0
19,62.0,12.403225806451612,19.85559315627513,0.0,0.0,7.0,14.0,111.0
20,60.0,7.216666666666667,15.028889317720514,0.0,0.0,0.0,7.0,104.0
21,65.0,12.584615384615384,24.127844591164468,0.0,0.0,7.0,14.0,147.0
22,50.0,6.98,15.05295414765582,0.0,0.0,0.0,7.0,90.0
23,64.0,7.421875,14.698887429552846,0.0,0.0,3.5,7.0,104.0
24,57.0,7.105263157894737,16.389984104548983,0.0,0.0,0.0,7.0,104.0
25,48.0,7.416666666666667,16.116376411975562,0.0,0.0,0.0,7.0,97.0
26,66.0,11.757575757575758,18.919310937249442,0.0,0.0,7.0,14.0,97.0
27,67.0,14.08955223880597,21.7274657514007,0.0,0.0,7.0,17.5,119.0
28,60.0,8.383333333333333,17.844043460091935,0.0,0.0,0.0,7.0,111.0
29,66.0,11.43939393939394,20.053872664844786,0.0,0.0,7.0,14.0,105.0
30,50.0,12.44,23.082955987976437,0.0,0.0,3.5,12.25,104.0
31,39.0,6.256410256410256,16.45043264303556,0.0,0.0,0.0,7.0,97.0
32,61.0,6.180327868852459,16.213685779531346,0.0,0.0,0.0,7.0,111.0
33,31.0,6.064516129032258,16.66520423691425,0.0,0.0,0.0,7.0,90.0
34,66.0,11.969696969696969,17.824762116845893,0.0,0.0,7.0,14.0,111.0
35,30.0,5.333333333333333,17.80417102105927,0.0,0.0,0.0,5.25,97.0
36,45.0,7.444444444444445,19.119903427337366,0.0,0.0,0.0,7.0,118.0
37,63.0,6.317460317460317,17.02069461152757,0.0,0.0,0.0,7.0,125.0
38,61.0,12.836065573770492,20.597071254484096,0.0,0.0,7.0,21.0,132.0
39,64.0,9.171875,17.05225832225424,0.0,0.0,3.5,7.0,104.0
40,49.0,13.122448979591837,21.919961082938787,0.0,0.0,7.0,14.0,125.0
41,62.0,8.790322580645162,21.57346358473244,0.0,0.0,7.0,7.0,167.0
42,50.0,9.5,20.714039407402616,0.0,0.0,0.0,7.0,118.0
43,72.0,14.86111111111111,26.804616774693585,0.0,0.0,7.0,14.0,132.0
44,60.0,9.433333333333334,23.163652610499213,0.0,0.0,0.0,7.0,146.0
45,73.0,7.561643835616438,17.160181866889364,0.0,0.0,0.0,7.0,125.0
46,26.0,6.423076923076923,21.66872968482108,0.0,0.0,0.0,7.0,111.0
47,51.0,10.27450980392157,25.150012669080343,0.0,0.0,0.0,7.0,139.0
48,43.0,10.720930232558139,24.85991761603342,0.0,0.0,0.0,7.0,132.0
49,69.0,12.057971014492754,23.44134360356343,0.0,0.0,0.0,14.0,139.0
50,61.0,10.885245901639344,18.791042512019512,0.0,0.0,7.0,14.0,125.0
51,52.0,13.711538461538462,25.36504970636436,0.0,0.0,7.0,14.0,118.0
52,58.0,6.5,18.741313777461365,0.0,0.0,0.0,7.0,132.0
53,63.0,7.761904761904762,17.6266973886061,0.0,0.0,0.0,7.0,132.0
54,61.0,16.39344262295082,30.66337592227607,0.0,0.0,7.0,14.0,133.0
55,62.0,11.612903225806452,21.026411836349837,0.0,0.0,7.0,14.0,146.0
56,60.0,4.65,15.697160490280623,0.0,0.0,0.0,7.0,118.0
57,63.0,11.206349206349206,21.370131952857466,0.0,0.0,7.0,14.0,139.0
58,49.0,9.83673469387755,20.58553996819887,0.0,0.0,0.0,14.0,125.0
59,64.0,13.546875,24.784102487504185,0.0,0.0,7.0,14.0,160.0
60,56.0,6.482142857142857,16.96733875466581,0.0,0.0,0.0,7.0,118.0
61,46.0,8.652173913043478,21.418805227913722,0.0,0.0,0.0,7.0,132.0
62,65.0,12.36923076923077,22.348496335582364,0.0,0.0,7.0,14.0,139.0
63,60.0,15.85,25.33693291405898,0.0,0.0,7.0,14.0,132.0
64,54.0,14.75925925925926,27.75290920340192,0.0,0.0,0.0,14.0,126.0
65,65.0,10.215384615384615,20.84353340044304,0.0,0.0,7.0,14.0,125.0
66,50.0,12.72,24.742791157945668,0.0,0.0,7.0,12.25,139.0
67,39.0,6.9743589743589745,19.05046922959501,0.0,0.0,0.0,7.0,118.0
68,61.0,5.262295081967213,19.03234233206225,0.0,0.0,0.0,7.0,146.0
69,31.0,7.193548387096774,22.866889243093695,0.0,0.0,0.0,7.0,125.0
70,61.0,17.885245901639344,25.525215219893017,0.0,0.0,7.0,21.0,146.0
71,30.0,15.6,24.624910292152368,0.0,0.0,7.0,21.0,125.0
72,45.0,9.466666666666667,31.74157010494712,0.0,0.0,0.0,7.0,161.0
73,63.0,7.650793650793651,23.822027438810554,0.0,0.0,0.0,7.0,188.0
74,59.0,8.169491525423728,24.61577328796685,0.0,0.0,0.0,7.0,181.0
75,63.0,13.428571428571429,21.62041619195533,0.0,0.0,7.0,17.5,139.0
76,48.0,14.416666666666666,50.83926834321831,0.0,0.0,0.0,14.0,349.0
77,62.0,6.758064516129032,24.749025802235195,0.0,0.0,0.0,7.0,188.0
78,50.0,8.94,21.371743695155722,0.0,0.0,0.0,7.0,139.0
79,71.0,11.422535211267606,22.739306417259698,0.0,0.0,7.0,14.0,153.0
80,59.0,8.288135593220339,22.85792011494697,0.0,0.0,0.0,7.0,167.0
81,71.0,8.366197183098592,23.080752300576414,0.0,0.0,0.0,7.0,160.0
82,26.0,14.76923076923077,24.586675565936428,0.0,0.0,7.0,19.25,118.0
83,51.0,12.470588235294118,29.300070266930398,0.0,0.0,0.0,14.0,174.0
84,43.0,8.767441860465116,27.043032030365026,0.0,0.0,0.0,3.5,139.0
85,65.0,12.907692307692308,28.20057794006793,0.0,0.0,7.0,14.0,202.0
86,61.0,14.442622950819672,25.30449537807063,0.0,0.0,7.0,14.0,153.0
87,50.0,16.22,41.1494488767121,0.0,0.0,3.5,14.0,251.0
88,58.0,6.137931034482759,20.44886500162807,0.0,0.0,0.0,7.0,146.0
89,63.0,6.650793650793651,25.292583848769898,0.0,0.0,0.0,7.0,188.0
