id,count,mean,std,min,25%,50%,75%,max
0,19.0,11.947368421052632,16.847267118340742,7.0,7.0,7.0,7.0,80.0
1,63.0,25.825396825396826,15.905506940983278,7.0,14.0,21.0,28.0,80.0
2,62.0,18.903225806451612,13.247591401767174,7.0,7.0,14.0,21.0,80.0
3,59.0,26.508474576271187,22.41102936699106,7.0,7.0,21.0,35.0,98.0
4,54.0,18.462962962962962,16.372679686349755,7.0,7.0,14.0,21.0,80.0
5,20.0,13.1,16.263941388042575,7.0,7.0,7.0,14.0,80.0
6,9.0,15.11111111111111,24.333333333333332,7.0,7.0,7.0,7.0,80.0
7,33.0,10.484848484848484,13.474794089616944,7.0,7.0,7.0,7.0,80.0
8,39.0,18.923076923076923,17.13166445870062,7.0,7.0,14.0,21.0,80.0
9,29.0,17.24137931034483,19.56245524397216,7.0,7.0,7.0,14.0,80.0
10,23.0,20.82608695652174,16.886390900025336,7.0,7.0,14.0,28.0,80.0
11,12.0,13.083333333333334,21.07328482542134,7.0,7.0,7.0,7.0,80.0
12,8.0,23.125,24.86211978090364,7.0,7.0,14.0,28.0,80.0
13,59.0,22.0,27.139486438360088,7.0,7.0,14.0,28.0,154.0
14,37.0,10.486486486486486,12.650475664358813,7.0,7.0,7.0,7.0,80.0
15,40.0,26.15,14.106826861578904,7.0,21.0,24.5,28.0,80.0
16,31.0,23.580645161290324,21.757411294466056,7.0,7.0,21.0,28.0,91.0
17,71.0,17.098591549295776,14.563314898918804,7.0,7.0,14.0,24.5,80.0
18,52.0,19.03846153846154,14.33761204508458,7.0,7.0,14.0,22.75,80.0
19,52.0,15.26923076923077,13.047598208272849,7.0,7.0,14.0,15.75,80.0
20,42.0,25.071428571428573,23.6709071792759,7.0,7.0,17.5,28.0,105.0
21,68.0,18.470588235294116,19.06819700344654,7.0,7.0,7.0,28.0,84.0
22,18.0,18.833333333333332,19.30635372403725,7.0,7.0,10.5,21.0,80.0
23,68.0,20.014705882352942,15.242803682108752,7.0,7.0,21.0,28.0,80.0
24,31.0,12.96774193548387,15.24135573796448,7.0,7.0,7.0,10.5,80.0
25,15.0,15.133333333333333,18.848518951542765,7.0,7.0,7.0,17.5,80.0
26,45.0,22.77777777777778,19.318960174456137,7.0,7.0,14.0,28.0,80.0
27,61.0,20.016393442622952,24.597080994350183,7.0,7.0,7.0,21.0,126.0
28,33.0,13.666666666666666,17.048949136725895,7.0,7.0,7.0,7.0,80.0
29,40.0,17.925,18.32664796521791,7.0,7.0,14.0,21.0,80.0
30,42.0,18.238095238095237,15.285589457521066,7.0,7.0,14.0,21.0,80.0
31,29.0,12.655172413793103,14.779995800475348,7.0,7.0,7.0,14.0,80.0
32,20.0,14.5,16.750490959026276,7.0,7.0,7.0,15.75,80.0
33,14.0,13.214285714285714,19.580911314647437,7.0,7.0,7.0,7.0,80.0
34,39.0,19.82051282051282,21.33303812211398,7.0,7.0,14.0,21.0,98.0
35,25.0,14.96,17.408044117591153,7.0,7.0,7.0,14.0,80.0
36,26.0,11.961538461538462,15.624290753133772,7.0,7.0,7.0,14.0,87.0
37,46.0,26.847826086956523,21.76946627356189,7.0,14.0,21.0,33.25,115.0
38,48.0,26.604166666666668,22.08854481528237,7.0,14.0,21.0,28.0,98.0
39,59.0,30.779661016949152,29.250445205341673,7.0,7.0,21.0,42.0,133.0
40,23.0,19.91304347826087,24.75133245904195,7.0,7.0,7.0,21.0,101.0
41,51.0,13.92156862745098,15.410182526180408,7.0,7.0,7.0,14.0,108.0
42,38.0,14.81578947368421,16.284390242686474,7.0,7.0,7.0,14.0,87.0
43,67.0,14.35820895522388,12.558591762080065,7.0,7.0,14.0,14.0,94.0
44,34.0,13.676470588235293,18.76928598153602,7.0,7.0,7.0,7.0,108.0
45,32.0,18.90625,22.65642310834868,7.0,7.0,7.0,21.0,101.0
46,22.0,20.818181818181817,21.214631886049926,7.0,7.0,14.0,21.0,87.0
47,39.0,13.717948717948717,15.300410586077884,7.0,7.0,7.0,14.0,94.0
48,19.0,26.31578947368421,29.45250910190269,7.0,7.0,14.0,31.5,101.0
49,30.0,26.0,26.52649943761508,7.0,7.0,14.0,33.25,94.0
50,49.0,19.775510204081634,17.17952427809829,7.0,7.0,14.0,28.0,101.0
51,40.0,23.525,14.64448351550499,7.0,14.0,21.0,28.0,87.0
52,18.0,16.88888888888889,28.616919900212245,7.0,7.0,7.0,7.0,115.0
53,40.0,20.2,19.250308022843658,7.0,7.0,14.0,21.0,108.0
54,44.0,24.09090909090909,21.189969305176774,7.0,7.0,17.5,28.0,101.0
55,61.0,22.65573770491803,27.358048935003648,7.0,7.0,14.0,28.0,161.0
56,34.0,13.470588235294118,19.117238443459865,7.0,7.0,7.0,12.25,108.0
57,34.0,17.176470588235293,19.207748733472116,7.0,7.0,7.0,19.25,101.0
58,30.0,18.766666666666666,16.219790664352065,7.0,8.75,14.0,21.0,94.0
59,67.0,21.776119402985074,19.514424265393263,7.0,7.0,14.0,28.0,98.0
60,35.0,11.685714285714285,18.456262174269693,7.0,7.0,7.0,7.0,115.0
61,15.0,19.333333333333332,28.786570943178816,7.0,7.0,7.0,14.0,101.0
62,47.0,21.659574468085108,22.96053002318154,7.0,7.0,14.0,28.0,115.0
63,63.0,20.936507936507937,23.731612927168186,7.0,7.0,14.0,21.0,112.0
64,39.0,13.897435897435898,18.630471463078226,7.0,7.0,7.0,14.0,115.0
65,39.0,17.487179487179485,18.887299819374302,7.0,7.0,14.0,21.0,108.0
66,45.0,26.822222222222223,25.7516891669167,7.0,7.0,21.0,35.0,126.0
67,31.0,19.06451612903226,21.470810392827076,7.0,7.0,14.0,21.0,101.0
68,49.0,12.346938775510203,17.567193643749896,7.0,7.0,7.0,7.0,122.0
69,17.0,21.58823529411765,24.832083137368407,7.0,7.0,14.0,21.0,108.0
70,38.0,23.105263157894736,36.76939787648346,7.0,7.0,14.0,21.0,203.0
71,26.0,19.23076923076923,20.81020459737519,7.0,7.0,14.0,21.0,101.0
72,35.0,13.285714285714286,20.46743673219865,7.0,7.0,7.0,10.5,122.0
73,47.0,23.0,21.38569208809845,7.0,7.0,21.0,28.0,122.0
74,25.0,17.2,28.453177912727664,7.0,7.0,7.0,7.0,136.0
75,61.0,30.918032786885245,34.08826537190729,7.0,7.0,14.0,42.0,154.0
76,25.0,17.2,26.100766272276378,7.0,7.0,7.0,7.0,129.0
77,53.0,21.452830188679247,24.444258440013023,7.0,7.0,14.0,28.0,164.0
78,38.0,20.526315789473685,16.603055469539598,7.0,14.0,17.5,21.0,115.0
79,63.0,22.26984126984127,17.93735186447214,7.0,14.0,14.0,28.0,122.0
