id,count,mean,std,min,25%,50%,75%,max
0,16.0,12.0,18.217207982198225,7.0,7.0,7.0,7.0,80.0
1,61.0,24.262295081967213,17.703955903831456,7.0,7.0,21.0,35.0,80.0
2,56.0,13.553571428571429,11.851995831707216,7.0,7.0,7.0,14.0,80.0
3,54.0,24.037037037037038,18.789763334048295,7.0,7.0,21.0,35.0,80.0
4,51.0,14.470588235294118,14.300143972948623,7.0,7.0,7.0,21.0,80.0
5,64.0,15.25,11.86029791643813,7.0,7.0,14.0,21.0,80.0
6,8.0,17.875,25.575867531718256,7.0,7.0,7.0,10.5,80.0
7,31.0,25.161290322580644,33.132156358230546,7.0,7.0,14.0,24.5,140.0
8,52.0,15.538461538461538,13.806025309321614,7.0,7.0,14.0,15.75,80.0
9,18.0,11.444444444444445,17.18830731912634,7.0,7.0,7.0,7.0,80.0
10,8.0,17.0,25.573423705088842,7.0,7.0,7.0,8.75,80.0
11,28.0,13.107142857142858,14.967469133929498,7.0,7.0,7.0,14.0,80.0
12,44.0,17.886363636363637,22.041415466608992,7.0,7.0,7.0,14.0,119.0
13,50.0,13.78,11.740893127380533,7.0,7.0,10.5,14.0,80.0
14,64.0,16.015625,11.65304264034839,7.0,7.0,14.0,21.0,80.0
15,37.0,27.89189189189189,18.926442090636325,7.0,14.0,28.0,35.0,98.0
16,17.0,12.529411764705882,17.773286299453822,7.0,7.0,7.0,7.0,80.0
17,44.0,15.659090909090908,13.308404726474032,7.0,7.0,14.0,21.0,80.0
18,52.0,17.692307692307693,20.14607290252036,7.0,7.0,14.0,21.0,98.0
19,60.0,18.366666666666667,18.621990523932887,7.0,7.0,14.0,21.0,105.0
20,31.0,10.483870967741936,13.286260993326742,7.0,7.0,7.0,7.0,80.0
21,32.0,15.1875,16.391259472559582,7.0,7.0,7.0,14.0,80.0
22,20.0,15.9,17.695970400660503,7.0,7.0,14.0,14.0,80.0
23,68.0,18.88235294117647,15.577949793030221,7.0,7.0,14.0,28.0,80.0
24,33.0,13.454545454545455,15.976723125164991,7.0,7.0,7.0,7.0,80.0
25,12.0,17.75,22.181585319195,7.0,7.0,7.0,15.75,80.0
26,50.0,16.58,14.802219910733468,7.0,7.0,10.5,21.0,80.0
27,59.0,17.728813559322035,22.92629156928379,7.0,7.0,7.0,14.0,133.0
28,31.0,11.612903225806452,13.482525528388805,7.0,7.0,7.0,10.5,80.0
29,44.0,17.09090909090909,16.54847450542374,7.0,7.0,7.0,21.0,80.0
30,43.0,19.930232558139537,17.913011164855785,7.0,7.0,14.0,28.0,80.0
31,29.0,15.551724137931034,17.170544144170172,7.0,7.0,7.0,14.0,80.0
32,18.0,12.222222222222221,17.124305243289708,7.0,7.0,7.0,7.0,80.0
33,7.0,17.428571428571427,27.591406529673588,7.0,7.0,7.0,7.0,80.0
34,42.0,19.571428571428573,23.04305922392278,7.0,7.0,14.0,21.0,133.0
35,24.0,14.125,18.456323294882363,7.0,7.0,7.0,8.75,80.0
36,17.0,14.176470588235293,19.388254479573604,7.0,7.0,7.0,14.0,87.0
37,50.0,22.04,19.524929120046945,7.0,7.0,21.0,28.0,115.0
38,46.0,22.434782608695652,21.043502215820595,7.0,7.0,14.0,26.25,101.0
39,61.0,25.524590163934427,21.41230686418214,7.0,7.0,21.0,35.0,105.0
40,17.0,15.823529411764707,23.171197892312467,7.0,7.0,7.0,7.0,101.0
41,48.0,19.458333333333332,15.456126421960686,7.0,14.0,14.0,22.75,108.0
42,37.0,12.0,13.84035966135113,7.0,7.0,7.0,14.0,87.0
43,67.0,14.776119402985074,18.991083151264814,7.0,7.0,7.0,14.0,94.0
44,29.0,15.551724137931034,20.489694634300836,7.0,7.0,7.0,14.0,108.0
45,51.0,16.254901960784313,15.500765319499424,7.0,7.0,14.0,17.5,101.0
46,11.0,21.272727272727273,24.236711448094226,7.0,7.0,14.0,24.5,87.0
47,46.0,13.0,13.672356539138868,7.0,7.0,7.0,14.0,94.0
48,20.0,14.85,20.94924945270305,7.0,7.0,7.0,14.0,101.0
49,27.0,15.407407407407407,17.120072023705568,7.0,7.0,7.0,17.5,94.0
50,48.0,23.833333333333332,17.10833234014914,7.0,14.0,21.0,28.0,101.0
51,37.0,28.27027027027027,27.85343450660643,7.0,14.0,21.0,28.0,133.0
52,30.0,12.933333333333334,19.648520753891166,7.0,7.0,7.0,14.0,115.0
53,45.0,17.177777777777777,16.886370093939522,7.0,7.0,14.0,21.0,108.0
54,41.0,23.804878048780488,29.220899637241768,7.0,7.0,14.0,28.0,140.0
55,60.0,22.916666666666668,25.76641597293647,7.0,7.0,14.0,28.0,161.0
56,52.0,10.557692307692308,14.889677252639922,7.0,7.0,7.0,7.0,108.0
57,37.0,15.027027027027026,16.9336720544969,7.0,7.0,7.0,21.0,101.0
58,20.0,26.05,31.89039617849005,7.0,7.0,14.0,22.75,133.0
59,67.0,17.597014925373134,16.2098545611524,7.0,7.0,14.0,21.0,94.0
60,38.0,14.078947368421053,19.124600796324525,7.0,7.0,7.0,14.0,115.0
61,14.0,19.214285714285715,25.953148827568764,7.0,7.0,10.5,14.0,101.0
62,49.0,13.918367346938776,15.921469695945522,7.0,7.0,7.0,14.0,108.0
63,63.0,18.936507936507937,19.500101749836286,7.0,7.0,14.0,24.5,101.0
64,30.0,16.433333333333334,22.004205449669485,7.0,7.0,7.0,14.0,115.0
65,40.0,16.175,18.39995471008919,7.0,7.0,7.0,21.0,108.0
66,42.0,27.738095238095237,22.529178396253617,7.0,8.75,21.0,35.0,101.0
67,28.0,14.357142857142858,20.04479111374451,7.0,7.0,7.0,7.0,101.0
68,36.0,12.333333333333334,19.152023391798586,7.0,7.0,7.0,14.0,122.0
69,10.0,17.8,31.769307340401504,7.0,7.0,7.0,7.0,108.0
70,42.0,19.738095238095237,21.863277512771603,7.0,7.0,14.0,21.0,115.0
71,28.0,17.107142857142858,19.096905480778783,7.0,7.0,14.0,21.0,101.0
72,25.0,14.12,22.908004423490638,7.0,7.0,7.0,14.0,122.0
73,44.0,24.40909090909091,21.423002397247533,7.0,7.0,17.5,35.0,122.0
74,23.0,22.652173913043477,33.58653503963128,7.0,7.0,7.0,28.0,143.0
75,58.0,25.155172413793103,29.39137104789457,7.0,7.0,14.0,28.0,140.0
76,23.0,18.695652173913043,27.575408647114116,7.0,7.0,7.0,17.5,136.0
77,48.0,23.979166666666668,20.926913937567445,7.0,12.25,21.0,28.0,143.0
78,36.0,21.27777777777778,18.824924376415908,7.0,14.0,14.0,21.0,122.0
79,63.0,17.26984126984127,22.339178912630775,7.0,7.0,7.0,14.0,115.0
