id,count,mean,std,min,25%,50%,75%,max
0,16.0,17.6875,21.343910138491495,7.0,7.0,7.0,17.5,80.0
1,14.0,14.714285714285714,19.679855266152327,7.0,7.0,7.0,12.25,80.0
2,60.0,16.383333333333333,12.053681717129132,7.0,7.0,14.0,21.0,80.0
3,49.0,21.20408163265306,15.18905800216713,7.0,7.0,21.0,28.0,80.0
4,28.0,11.107142857142858,14.200519775866017,7.0,7.0,7.0,7.0,80.0
5,22.0,11.272727272727273,15.544657076833944,7.0,7.0,7.0,7.0,80.0
6,23.0,16.869565217391305,18.46201099020287,7.0,7.0,7.0,24.5,80.0
7,36.0,10.0,12.47397290361014,7.0,7.0,7.0,7.0,80.0
8,65.0,14.046153846153846,13.942326259934587,7.0,7.0,7.0,14.0,80.0
9,30.0,13.4,14.745192086072409,7.0,7.0,7.0,14.0,80.0
10,31.0,11.161290322580646,13.633529193850357,7.0,7.0,7.0,7.0,80.0
11,27.0,12.555555555555555,14.833261307805541,7.0,7.0,7.0,14.0,80.0
12,18.0,20.38888888888889,21.40131631160292,7.0,7.0,14.0,26.25,80.0
13,25.0,12.72,15.393505123915084,7.0,7.0,7.0,7.0,80.0
14,43.0,17.976744186046513,17.94500643114829,7.0,7.0,14.0,21.0,80.0
15,50.0,13.5,12.713884423843766,7.0,7.0,7.0,14.0,80.0
16,26.0,11.692307692307692,14.820983046395353,7.0,7.0,7.0,7.0,80.0
17,34.0,14.705882352941176,14.44640966566309,7.0,7.0,7.0,14.0,80.0
18,57.0,18.596491228070175,16.371643220959402,7.0,7.0,14.0,21.0,80.0
19,64.0,16.78125,14.022056038810982,7.0,7.0,14.0,21.0,80.0
20,34.0,12.647058823529411,15.10344603050691,7.0,7.0,7.0,12.25,80.0
21,34.0,13.882352941176471,14.868646503342351,7.0,7.0,7.0,14.0,80.0
22,19.0,18.94736842105263,18.913468699464254,7.0,7.0,14.0,17.5,80.0
23,67.0,19.582089552238806,13.41205840723681,7.0,7.0,14.0,28.0,80.0
24,40.0,13.55,12.618565890314366,7.0,7.0,7.0,14.0,80.0
25,23.0,14.73913043478261,18.737947377894912,7.0,7.0,7.0,14.0,80.0
26,53.0,16.169811320754718,17.05842432196863,7.0,7.0,7.0,14.0,91.0
27,69.0,13.028985507246377,12.3764137807895,7.0,7.0,7.0,14.0,80.0
28,43.0,11.465116279069768,12.60829061562518,7.0,7.0,7.0,7.0,80.0
29,29.0,17.24137931034483,18.267174252533255,7.0,7.0,7.0,21.0,80.0
30,44.0,19.954545454545453,18.827187844023996,7.0,7.0,14.0,22.75,91.0
31,31.0,12.516129032258064,14.317520659997745,7.0,7.0,7.0,7.0,80.0
32,26.0,13.307692307692308,15.249312720956917,7.0,7.0,7.0,14.0,80.0
33,7.0,17.428571428571427,27.591406529673588,7.0,7.0,7.0,7.0,80.0
34,44.0,18.363636363636363,15.754055821960186,7.0,7.0,14.0,21.0,80.0
35,27.0,14.62962962962963,17.018424739874742,7.0,7.0,7.0,14.0,80.0
36,21.0,13.80952380952381,17.690729345109116,7.0,7.0,7.0,14.0,87.0
37,57.0,14.052631578947368,15.294047689766176,7.0,7.0,7.0,14.0,108.0
38,58.0,22.379310344827587,17.283830376929984,7.0,8.75,14.0,28.0,94.0
39,62.0,25.0,20.41134367991662,7.0,7.0,21.0,35.0,87.0
40,30.0,12.233333333333333,17.272029078997843,7.0,7.0,7.0,12.25,101.0
41,56.0,12.928571428571429,14.283947942749194,7.0,7.0,7.0,14.0,108.0
42,22.0,15.727272727272727,19.104180091532246,7.0,7.0,7.0,14.0,87.0
43,64.0,14.59375,14.708510386092053,7.0,7.0,7.0,14.0,94.0
44,32.0,12.34375,18.285565213066025,7.0,7.0,7.0,7.0,108.0
45,34.0,15.117647058823529,17.085816740496767,7.0,7.0,7.0,14.0,101.0
46,7.0,18.428571428571427,30.23715784073818,7.0,7.0,7.0,7.0,87.0
47,41.0,12.707317073170731,14.524537690472329,7.0,7.0,7.0,14.0,94.0
48,17.0,16.647058823529413,22.819786306160353,7.0,7.0,7.0,21.0,101.0
49,52.0,14.057692307692308,13.917704145719682,7.0,7.0,7.0,14.0,94.0
50,38.0,29.0,36.518044410504345,7.0,7.0,14.0,28.0,161.0
51,43.0,16.837209302325583,18.47898450178078,7.0,7.0,7.0,17.5,87.0
52,23.0,13.521739130434783,22.735374050179622,7.0,7.0,7.0,7.0,115.0
53,41.0,15.78048780487805,16.80998541808105,7.0,7.0,14.0,21.0,108.0
54,52.0,22.673076923076923,22.5612205498694,7.0,7.0,14.0,28.0,94.0
55,61.0,21.16393442622951,15.517925471175642,7.0,7.0,21.0,28.0,87.0
56,27.0,13.851851851851851,19.81394944458556,7.0,7.0,7.0,14.0,108.0
57,38.0,15.368421052631579,16.19379436135717,7.0,7.0,10.5,14.0,101.0
58,23.0,19.304347826086957,20.211236259720607,7.0,7.0,14.0,21.0,94.0
59,62.0,21.838709677419356,29.952527219457856,7.0,7.0,14.0,26.25,224.0
60,42.0,12.904761904761905,17.01191766453314,7.0,7.0,7.0,14.0,115.0
61,20.0,14.15,20.843464203437968,7.0,7.0,7.0,14.0,101.0
62,42.0,21.238095238095237,22.495321490619293,7.0,7.0,14.0,26.25,108.0
63,63.0,14.936507936507937,15.585221510915103,7.0,7.0,7.0,17.5,101.0
64,37.0,18.243243243243242,22.276551455392386,7.0,7.0,7.0,21.0,115.0
65,40.0,17.925,19.374034301822768,7.0,7.0,10.5,21.0,108.0
66,41.0,29.097560975609756,20.219798315078197,7.0,14.0,28.0,35.0,101.0
67,32.0,12.5625,16.96664184462768,7.0,7.0,7.0,14.0,101.0
68,45.0,13.444444444444445,18.4225103850938,7.0,7.0,7.0,14.0,122.0
69,8.0,19.625,35.70889244992065,7.0,7.0,7.0,7.0,108.0
70,37.0,19.945945945945947,20.88586170640846,7.0,7.0,14.0,28.0,115.0
71,29.0,16.03448275862069,18.235528036188605,7.0,7.0,14.0,14.0,101.0
72,29.0,18.93103448275862,23.835644128793387,7.0,7.0,7.0,14.0,122.0
73,54.0,17.944444444444443,15.946155468132016,7.0,7.0,14.0,21.0,115.0
74,15.0,23.533333333333335,38.83640903413531,7.0,7.0,7.0,14.0,136.0
75,57.0,27.43859649122807,26.804195796193955,7.0,7.0,14.0,35.0,115.0
76,20.0,20.1,29.248301795057042,7.0,7.0,7.0,14.0,129.0
77,49.0,20.632653061224488,24.02316059343481,7.0,7.0,14.0,21.0,157.0
78,32.0,14.75,19.99032023820045,7.0,7.0,7.0,14.0,115.0
79,63.0,23.047619047619047,29.973874953424065,7.0,7.0,14.0,21.0,196.0
