id,count,mean,std,min,25%,50%,75%,max
0,24.0,43.5,51.419840528729765,7.0,7.0,17.5,70.0,189.0
1,49.0,35.16326530612245,27.861522854688204,7.0,14.0,21.0,49.0,120.0
2,46.0,30.152173913043477,30.44774568652505,7.0,7.0,21.0,35.0,133.0
3,44.0,35.81818181818182,30.86223908384644,7.0,14.0,28.0,43.75,126.0
4,30.0,40.4,49.199523406718846,7.0,7.0,21.0,49.0,182.0
5,55.0,28.527272727272727,25.972816662564828,7.0,14.0,21.0,35.0,140.0
6,15.0,21.066666666666666,29.581525766374305,7.0,7.0,7.0,21.0,120.0
7,44.0,35.18181818181818,33.79780695188478,7.0,7.0,24.5,50.75,133.0
8,47.0,47.234042553191486,51.251389277440225,7.0,7.0,28.0,59.5,210.0
9,26.0,41.76923076923077,42.09637294808918,7.0,7.0,24.5,63.0,154.0
10,32.0,25.84375,30.711046005862347,7.0,7.0,14.0,26.25,120.0
11,39.0,22.28205128205128,29.298777339272164,7.0,7.0,7.0,17.5,120.0
12,22.0,17.227272727272727,25.267957910557335,7.0,7.0,7.0,14.0,120.0
13,61.0,22.39344262295082,26.185414953445996,7.0,7.0,7.0,21.0,120.0
14,49.0,25.306122448979593,23.46735683315643,7.0,7.0,21.0,35.0,120.0
15,34.0,30.5,33.579620442925034,7.0,8.75,24.5,35.0,175.0
16,43.0,33.883720930232556,36.137442198946104,7.0,7.0,21.0,35.0,161.0
17,50.0,35.72,29.931922758152375,7.0,8.75,28.0,49.0,120.0
18,56.0,29.392857142857142,25.892560231168247,7.0,12.25,21.0,36.75,126.0
19,37.0,40.13513513513514,42.008704231756916,7.0,14.0,28.0,42.0,168.0
20,39.0,26.05128205128205,23.152752158730866,7.0,10.5,21.0,35.0,120.0
21,53.0,34.35849056603774,31.45515387611546,7.0,14.0,28.0,42.0,133.0
22,25.0,20.76,30.678820055536683,7.0,7.0,7.0,14.0,120.0
23,49.0,37.87755102040816,33.86101042808505,7.0,14.0,21.0,56.0,126.0
24,35.0,40.628571428571426,47.94180646077794,7.0,7.0,14.0,59.5,175.0
25,25.0,26.64,27.919348129925954,7.0,7.0,14.0,35.0,120.0
26,51.0,34.88235294117647,30.098934903961986,7.0,14.0,21.0,49.0,120.0
27,46.0,38.97826086956522,42.625234638877046,7.0,14.0,21.0,49.0,189.0
28,38.0,38.1578947368421,50.46086324838691,7.0,7.0,14.0,35.0,175.0
29,40.0,21.725,23.39404647033963,7.0,7.0,17.5,21.0,120.0
30,32.0,52.09375,46.170343347637235,7.0,19.25,35.0,73.5,210.0
31,25.0,35.04,36.63727609962291,7.0,7.0,14.0,49.0,126.0
32,30.0,28.733333333333334,32.22007655691298,7.0,7.0,14.0,40.25,120.0
33,10.0,31.6,37.63036598871242,7.0,7.0,14.0,42.0,120.0
34,44.0,38.36363636363637,41.09891126781313,7.0,12.25,24.5,50.75,175.0
35,24.0,26.291666666666668,28.53903378314273,7.0,7.0,14.0,36.75,120.0
36,21.0,56.714285714285715,78.59843691648254,7.0,7.0,21.0,56.0,308.0
37,45.0,34.71111111111111,31.242906265569975,7.0,14.0,21.0,49.0,148.0
38,44.0,38.04545454545455,37.79070548056514,7.0,12.25,28.0,49.0,154.0
39,51.0,38.588235294117645,35.862055975968936,7.0,14.0,21.0,59.5,127.0
40,29.0,39.62068965517241,46.740479391990654,7.0,7.0,14.0,49.0,147.0
41,46.0,31.67391304347826,32.37835652120862,7.0,14.0,21.0,42.0,162.0
42,37.0,18.0,21.36976056643281,7.0,7.0,14.0,14.0,127.0
43,50.0,32.5,43.288896629835364,7.0,7.0,17.5,40.25,266.0
44,38.0,42.76315789473684,46.702875778418566,7.0,7.0,24.5,54.25,203.0
45,39.0,37.8974358974359,44.531948833804385,7.0,7.0,21.0,52.5,231.0
46,17.0,35.05882352941177,33.649796782884316,7.0,7.0,21.0,49.0,127.0
47,43.0,22.651162790697676,30.971479753791794,7.0,7.0,14.0,21.0,161.0
48,23.0,20.73913043478261,28.612167455161686,7.0,7.0,7.0,21.0,134.0
49,36.0,25.88888888888889,25.652376974550418,7.0,7.0,17.5,36.75,134.0
50,49.0,31.73469387755102,24.885383519752516,7.0,14.0,28.0,42.0,141.0
51,39.0,35.56410256410256,32.007231807658776,7.0,14.0,28.0,42.0,161.0
52,32.0,24.3125,28.30871004684122,7.0,7.0,14.0,28.0,148.0
53,42.0,35.69047619047619,30.951959704093206,7.0,14.0,28.0,47.25,134.0
54,41.0,27.170731707317074,25.054842285498815,7.0,14.0,21.0,35.0,127.0
55,46.0,48.41304347826087,48.87424956489256,7.0,15.75,35.0,56.0,203.0
56,35.0,20.428571428571427,25.968630073593786,7.0,7.0,14.0,24.5,148.0
57,46.0,34.56521739130435,31.055256970555668,7.0,14.0,24.5,40.25,155.0
58,36.0,22.194444444444443,28.095571023047587,7.0,7.0,14.0,21.0,141.0
59,51.0,43.11764705882353,40.456716158790506,7.0,7.0,28.0,70.0,133.0
60,38.0,35.39473684210526,40.66178195912027,7.0,7.0,17.5,47.25,154.0
61,26.0,26.96153846153846,30.909520564681387,7.0,7.0,14.0,28.0,127.0
62,49.0,32.16326530612245,31.596642054427974,7.0,7.0,21.0,42.0,134.0
63,48.0,37.9375,40.381903599234555,7.0,14.0,21.0,49.0,168.0
64,40.0,33.975,44.48248719065366,7.0,7.0,14.0,36.75,182.0
65,46.0,23.76086956521739,27.681670455863987,7.0,7.0,14.0,28.0,141.0
66,36.0,55.05555555555556,50.530298941438204,7.0,21.0,35.0,77.0,203.0
67,24.0,59.541666666666664,72.20681598964407,7.0,7.0,21.0,77.0,294.0
68,41.0,25.463414634146343,31.045207006054582,7.0,7.0,14.0,21.0,155.0
69,14.0,26.071428571428573,34.2355287467775,7.0,7.0,10.5,26.25,127.0
70,41.0,35.02439024390244,46.489508388924726,7.0,7.0,21.0,42.0,245.0
71,27.0,28.296296296296298,33.88534379664052,7.0,14.0,14.0,31.5,140.0
72,25.0,46.24,60.86890284318695,7.0,7.0,14.0,42.0,224.0
73,40.0,39.05,33.64135885544794,7.0,14.0,31.5,56.0,162.0
74,34.0,28.029411764705884,37.749963109849645,7.0,7.0,14.0,28.0,169.0
75,54.0,38.129629629629626,39.441882870731966,7.0,7.0,21.0,54.25,169.0
76,26.0,47.96153846153846,62.962516321526266,7.0,7.0,14.0,59.5,266.0
77,48.0,34.291666666666664,31.41348018906299,7.0,14.0,28.0,42.0,183.0
78,35.0,27.428571428571427,24.53363323407003,7.0,14.0,21.0,31.5,148.0
79,51.0,36.11764705882353,45.99201976813957,7.0,7.0,14.0,38.5,176.0
80,39.0,40.41025641025641,44.023748345110015,7.0,7.0,21.0,59.5,190.0
81,42.0,28.69047619047619,30.55222485630385,7.0,7.0,17.5,40.25,162.0
82,20.0,29.8,38.493471763677704,7.0,7.0,7.0,31.5,148.0
83,41.0,21.365853658536587,29.519278529090933,7.0,7.0,7.0,21.0,155.0
84,26.0,17.0,33.15418525616336,7.0,7.0,7.0,12.25,176.0
85,37.0,22.16216216216216,31.033596054664436,7.0,7.0,14.0,21.0,183.0
86,41.0,33.48780487804878,28.867041718211713,7.0,14.0,28.0,49.0,162.0
87,36.0,29.77777777777778,30.393712800146314,7.0,7.0,21.0,42.0,155.0
88,41.0,24.26829268292683,32.802457522450894,7.0,7.0,14.0,28.0,176.0
89,47.0,35.319148936170215,34.07351794791522,7.0,10.5,28.0,49.0,183.0
90,46.0,32.73913043478261,36.292903978974365,7.0,7.0,21.0,42.0,169.0
91,45.0,43.888888888888886,49.605361798820894,7.0,7.0,21.0,56.0,189.0
92,45.0,18.22222222222222,23.128975224801785,7.0,7.0,14.0,21.0,155.0
93,43.0,37.30232558139535,32.31506716520133,7.0,14.0,28.0,49.0,176.0
94,34.0,31.735294117647058,29.239148542435892,7.0,14.0,28.0,35.0,162.0
95,48.0,38.8125,40.894080230179284,7.0,12.25,28.0,49.0,190.0
96,37.0,32.945945945945944,39.83015743681465,7.0,7.0,14.0,49.0,176.0
97,23.0,22.565217391304348,30.392621842325365,7.0,7.0,14.0,21.0,141.0
98,45.0,31.444444444444443,28.400188504140374,7.0,7.0,28.0,35.0,155.0
99,45.0,49.955555555555556,49.65835806037615,7.0,14.0,35.0,70.0,189.0
100,36.0,46.30555555555556,43.3331410252143,7.0,12.25,28.0,77.0,162.0
101,42.0,27.357142857142858,29.157956223813528,7.0,7.0,21.0,33.25,169.0
102,32.0,59.3125,54.63865906586772,7.0,21.0,42.0,71.75,203.0
103,24.0,41.458333333333336,36.38200602384152,7.0,21.0,28.0,49.0,176.0
104,37.0,27.08108108108108,35.635015846135865,7.0,7.0,14.0,28.0,190.0
105,19.0,35.05263157894737,52.39855138393144,7.0,7.0,14.0,31.5,203.0
106,39.0,44.8974358974359,54.84561819651251,7.0,10.5,21.0,52.5,224.0
107,22.0,30.272727272727273,40.352236992551354,7.0,7.0,10.5,38.5,155.0
108,27.0,43.592592592592595,47.630193445285606,7.0,7.0,21.0,66.5,169.0
109,42.0,32.523809523809526,32.792204676913535,7.0,7.0,24.5,47.25,183.0
110,46.0,40.19565217391305,46.74784347502264,7.0,14.0,28.0,42.0,288.0
111,53.0,39.905660377358494,43.1398727535227,7.0,7.0,21.0,49.0,183.0
112,21.0,77.38095238095238,109.20049276009527,7.0,14.0,49.0,84.0,477.0
113,48.0,30.354166666666668,31.95974168626027,7.0,7.0,28.0,35.0,204.0
114,36.0,30.944444444444443,26.193722742502846,7.0,14.0,28.0,35.0,162.0
115,47.0,40.08510638297872,69.47687440944524,7.0,7.0,7.0,35.0,308.0
116,30.0,49.733333333333334,56.55935748875008,7.0,21.0,28.0,54.25,217.0
117,48.0,27.875,34.05104116257415,7.0,7.0,14.0,35.0,204.0
118,16.0,38.5625,41.02839463916017,7.0,7.0,38.5,43.75,169.0
119,33.0,21.454545454545453,32.70329772084433,7.0,7.0,7.0,21.0,183.0
