id,count,mean,std,min,25%,50%,75%,max
0,39.0,12.025641025641026,24.299108906649643,0.0,0.0,7.0,14.0,147.0
1,44.0,12.409090909090908,26.27255901685005,0.0,0.0,7.0,14.0,168.0
2,43.0,14.976744186046512,28.107352344430332,0.0,0.0,7.0,14.0,161.0
3,43.0,13.837209302325581,28.18639509084222,0.0,0.0,7.0,14.0,140.0
4,45.0,9.955555555555556,21.236713017743117,0.0,0.0,7.0,14.0,140.0
5,44.0,13.522727272727273,27.523764477150603,0.0,0.0,7.0,14.0,154.0
6,34.0,9.470588235294118,26.354500845111996,0.0,0.0,0.0,7.0,147.0
7,49.0,12.0,27.1860871280391,0.0,0.0,7.0,14.0,161.0
8,52.0,12.788461538461538,24.237660323943892,0.0,0.0,7.0,14.0,168.0
9,54.0,11.277777777777779,21.943681487678962,0.0,0.0,7.0,14.0,140.0
10,24.0,7.0,29.984053732957285,0.0,0.0,0.0,0.0,147.0
11,35.0,10.4,29.47301856833486,0.0,0.0,0.0,7.0,154.0
12,34.0,26.764705882352942,55.18457119880268,0.0,0.0,7.0,21.0,273.0
13,58.0,7.724137931034483,19.21238005790572,0.0,0.0,0.0,7.0,140.0
14,44.0,15.431818181818182,29.256998945808,0.0,0.0,7.0,15.75,154.0
15,35.0,10.6,26.48551213288458,0.0,0.0,0.0,7.0,147.0
16,44.0,14.159090909090908,26.644029988687052,0.0,0.0,7.0,14.0,161.0
17,39.0,17.41025641025641,46.56784408327385,0.0,0.0,7.0,14.0,266.0
18,48.0,11.229166666666666,24.958041030031538,0.0,0.0,7.0,14.0,168.0
19,49.0,13.142857142857142,24.0641503763032,0.0,0.0,7.0,14.0,147.0
20,44.0,13.204545454545455,24.4460293493928,0.0,0.0,7.0,14.0,154.0
21,39.0,25.128205128205128,83.39480593670072,0.0,0.0,7.0,14.0,504.0
22,33.0,11.030303030303031,27.782059013512715,0.0,0.0,0.0,7.0,147.0
23,39.0,10.76923076923077,25.837000740942234,0.0,0.0,7.0,7.0,140.0
24,48.0,11.666666666666666,24.391604182790623,0.0,0.0,7.0,14.0,154.0
25,36.0,12.055555555555555,26.00982720263845,0.0,0.0,0.0,14.0,140.0
26,42.0,17.333333333333332,26.744196239938216,0.0,1.75,7.0,19.25,147.0
27,47.0,12.063829787234043,22.97200967464834,0.0,0.0,7.0,14.0,140.0
28,53.0,10.566037735849056,23.24163160726414,0.0,0.0,7.0,14.0,161.0
29,49.0,11.0,23.2603023769397,0.0,0.0,7.0,14.0,154.0
30,39.0,12.564102564102564,25.09434290600056,0.0,0.0,7.0,14.0,147.0
31,24.0,10.208333333333334,29.911433275249617,0.0,0.0,0.0,7.0,140.0
32,46.0,11.869565217391305,28.11137270505158,0.0,0.0,3.5,14.0,175.0
33,22.0,14.0,34.08812109811862,0.0,0.0,0.0,14.0,154.0
34,50.0,10.5,26.086394921491163,0.0,0.0,0.0,14.0,175.0
35,21.0,10.333333333333334,31.972383916957664,0.0,0.0,0.0,7.0,147.0
36,39.0,14.179487179487179,33.203417543563184,0.0,0.0,7.0,14.0,154.0
37,44.0,13.681818181818182,28.99781285038077,0.0,0.0,7.0,14.0,189.0
38,43.0,14.651162790697674,30.08154292595713,0.0,0.0,7.0,14.0,182.0
39,43.0,13.186046511627907,34.537250982473346,0.0,0.0,7.0,7.0,168.0
40,41.0,16.21951219512195,35.050329666867576,0.0,0.0,7.0,14.0,189.0
41,44.0,16.386363636363637,34.12440708001192,0.0,0.0,7.0,14.0,182.0
42,34.0,11.735294117647058,31.101309359097204,0.0,0.0,0.0,12.25,175.0
43,44.0,18.613636363636363,45.23798358196757,0.0,0.0,7.0,21.0,259.0
44,48.0,13.416666666666666,30.318053980477057,0.0,0.0,7.0,14.0,182.0
45,50.0,14.98,34.26397525098335,0.0,0.0,7.0,14.0,203.0
46,23.0,9.130434782608695,36.2770956387662,0.0,0.0,0.0,3.5,175.0
47,35.0,11.6,28.85888587796915,0.0,0.0,0.0,7.0,161.0
48,34.0,17.08823529411765,31.92450151202746,0.0,7.0,7.0,14.0,175.0
49,57.0,7.982456140350878,22.891429484845396,0.0,0.0,0.0,7.0,168.0
50,44.0,13.045454545454545,30.102116548821215,0.0,0.0,7.0,8.75,189.0
51,33.0,11.454545454545455,32.30720789263878,0.0,0.0,0.0,7.0,182.0
52,44.0,14.477272727272727,27.6476910481867,0.0,0.0,7.0,14.0,175.0
53,38.0,18.42105263157895,44.49332265659851,0.0,0.0,7.0,14.0,224.0
54,47.0,10.872340425531915,27.221009326458788,0.0,0.0,0.0,14.0,182.0
55,47.0,14.446808510638299,29.677109104667874,0.0,0.0,7.0,14.0,161.0
56,43.0,14.0,29.26317367158479,0.0,0.0,7.0,21.0,189.0
57,38.0,12.894736842105264,30.251905880263735,0.0,1.75,7.0,12.25,189.0
58,33.0,14.0,33.9788537181583,0.0,0.0,0.0,14.0,161.0
59,39.0,18.128205128205128,52.76870059498463,0.0,0.0,7.0,14.0,287.0
60,48.0,16.479166666666668,27.568089464770473,0.0,7.0,7.0,21.0,182.0
61,34.0,20.38235294117647,39.23512241168029,0.0,0.0,7.0,14.0,175.0
62,42.0,15.0,30.554230077188265,0.0,0.0,7.0,14.0,175.0
63,44.0,15.590909090909092,28.836603178517127,0.0,0.0,7.0,21.0,182.0
64,51.0,12.490196078431373,24.462520351770465,0.0,0.0,7.0,14.0,168.0
65,49.0,17.0,36.791643072850114,0.0,0.0,0.0,14.0,189.0
66,39.0,11.307692307692308,29.24412117814077,0.0,0.0,7.0,14.0,182.0
67,24.0,12.833333333333334,34.82710921440199,0.0,0.0,0.0,8.75,168.0
68,45.0,12.755555555555556,32.12274438883931,0.0,0.0,7.0,14.0,210.0
69,22.0,17.181818181818183,41.92923331114708,0.0,0.0,0.0,14.0,161.0
70,49.0,12.857142857142858,27.90310615923133,0.0,0.0,7.0,14.0,196.0
71,21.0,15.666666666666666,34.57070050394312,0.0,0.0,0.0,14.0,154.0
72,38.0,15.289473684210526,32.175118718978645,0.0,0.0,7.0,14.0,196.0
73,43.0,15.953488372093023,36.987741526833105,0.0,0.0,7.0,14.0,238.0
74,42.0,20.0,52.89566352275199,0.0,0.0,3.5,14.0,308.0
75,43.0,16.11627906976744,29.12469848797587,0.0,7.0,7.0,14.0,189.0
76,40.0,25.375,85.21306252940934,0.0,0.0,7.0,14.0,539.0
77,44.0,13.681818181818182,35.88273713813249,0.0,0.0,7.0,14.0,238.0
78,33.0,14.848484848484848,35.63979623619607,0.0,0.0,0.0,14.0,196.0
79,44.0,21.0,54.11658388297242,0.0,0.0,7.0,15.75,308.0
80,47.0,14.0,36.63569179152317,0.0,0.0,0.0,14.0,231.0
81,50.0,17.36,49.70392338638872,0.0,0.0,0.0,14.0,280.0
82,23.0,10.956521739130435,40.533351319252645,0.0,0.0,0.0,7.0,196.0
83,35.0,11.6,32.43291719298557,0.0,0.0,0.0,10.5,189.0
84,33.0,25.666666666666668,41.73178245254649,0.0,0.0,14.0,28.0,210.0
85,57.0,10.68421052631579,30.19824846785515,0.0,0.0,0.0,7.0,217.0
86,40.0,25.375,60.14712197646104,0.0,0.0,7.0,14.0,329.0
87,33.0,16.545454545454547,58.00974643814763,0.0,0.0,0.0,7.0,329.0
88,42.0,16.833333333333332,34.9507783971846,0.0,0.0,7.0,21.0,196.0
89,38.0,16.57894736842105,51.68126409368757,0.0,0.0,7.0,14.0,322.0
90,44.0,16.863636363636363,34.56816044717888,0.0,0.0,7.0,14.0,196.0
91,47.0,13.851063829787234,32.09427601912044,0.0,0.0,7.0,14.0,210.0
92,43.0,16.6046511627907,41.045352114856534,0.0,0.0,7.0,17.5,266.0
93,38.0,18.789473684210527,54.07760084572002,0.0,0.0,7.0,12.25,259.0
94,33.0,18.454545454545453,40.7723028760724,0.0,0.0,0.0,14.0,203.0
95,39.0,14.897435897435898,35.30006327099956,0.0,0.0,7.0,14.0,203.0
96,47.0,16.829787234042552,38.69070169665876,0.0,0.0,7.0,14.0,196.0
97,32.0,21.4375,65.08403376875854,0.0,0.0,0.0,14.0,357.0
98,41.0,16.5609756097561,34.21260643424278,0.0,0.0,7.0,14.0,196.0
99,43.0,16.27906976744186,33.59586537868366,0.0,0.0,7.0,14.0,203.0
100,50.0,11.76,33.2096371555005,0.0,0.0,7.0,7.0,231.0
101,49.0,14.714285714285714,33.48693775190559,0.0,0.0,7.0,14.0,224.0
102,38.0,14.736842105263158,31.674599091322644,0.0,0.0,7.0,14.0,196.0
103,24.0,12.833333333333334,38.2664192286097,0.0,0.0,0.0,7.0,189.0
104,43.0,16.930232558139537,36.73158453328118,0.0,0.0,7.0,21.0,231.0
105,22.0,16.545454545454547,43.39599199479281,0.0,0.0,0.0,14.0,203.0
106,47.0,18.02127659574468,35.11378359469221,0.0,0.0,7.0,21.0,203.0
107,20.0,26.25,56.77181936211143,0.0,0.0,14.0,22.75,259.0
108,38.0,17.13157894736842,47.43995980846457,0.0,0.0,7.0,14.0,294.0
109,42.0,19.666666666666668,51.93037865876077,0.0,0.0,7.0,14.0,336.0
110,42.0,21.666666666666668,75.13521686272111,0.0,0.0,7.0,14.0,490.0
111,43.0,14.813953488372093,32.69793630735264,0.0,0.0,7.0,21.0,210.0
112,39.0,22.615384615384617,89.96625548229777,0.0,0.0,7.0,14.0,567.0
113,44.0,14.795454545454545,40.317103269799205,0.0,0.0,7.0,14.0,266.0
114,33.0,14.424242424242424,39.12881794712682,0.0,0.0,7.0,14.0,224.0
115,44.0,18.136363636363637,49.274074936907226,0.0,0.0,0.0,7.0,245.0
116,47.0,15.191489361702128,40.220391917464575,0.0,0.0,7.0,14.0,273.0
117,49.0,14.142857142857142,35.96352318669571,0.0,0.0,7.0,14.0,238.0
118,23.0,13.695652173913043,43.07228045824272,0.0,0.0,7.0,7.0,210.0
119,35.0,12.4,37.35379341315874,0.0,0.0,7.0,10.5,224.0
120,29.0,26.06896551724138,59.74644701598985,0.0,0.0,7.0,21.0,252.0
121,52.0,14.0,40.651556176951495,0.0,0.0,7.0,7.0,245.0
122,40.0,27.475,58.6816651136692,0.0,0.0,7.0,14.0,238.0
123,33.0,20.363636363636363,94.5382919052573,0.0,0.0,0.0,7.0,546.0
124,41.0,17.24390243902439,34.68701521304829,0.0,0.0,7.0,21.0,203.0
125,38.0,24.68421052631579,66.80026916241204,0.0,0.0,7.0,14.0,343.0
126,43.0,19.209302325581394,52.87296461895152,0.0,0.0,7.0,14.0,287.0
127,47.0,15.936170212765957,35.833190987103336,0.0,0.0,7.0,21.0,231.0
128,42.0,22.666666666666668,69.27592995799273,0.0,0.0,7.0,14.0,378.0
129,38.0,17.13157894736842,41.450831213021,0.0,0.0,7.0,14.0,245.0
130,32.0,12.03125,38.391434171465065,0.0,0.0,0.0,7.0,217.0
131,38.0,24.68421052631579,50.075675307158804,0.0,0.0,7.0,26.25,224.0
132,43.0,22.13953488372093,52.781030771502806,0.0,0.0,7.0,17.5,259.0
133,32.0,24.0625,75.13898412597732,0.0,0.0,0.0,7.0,406.0
134,40.0,16.975,37.172148037792894,0.0,0.0,7.0,14.0,217.0
135,41.0,26.975609756097562,42.451435667641476,0.0,7.0,7.0,21.0,210.0
136,50.0,10.92,35.388133604359524,0.0,0.0,7.0,7.0,252.0
137,48.0,15.166666666666666,38.512409347622814,0.0,0.0,7.0,14.0,266.0
138,38.0,11.236842105263158,35.227779433456114,0.0,0.0,0.0,7.0,217.0
139,22.0,23.545454545454547,59.57526434026224,0.0,0.0,0.0,12.25,259.0
