id,count,mean,std,min,25%,50%,75%,max
0,39.0,10.512820512820513,25.603116375768536,0.0,0.0,0.0,10.5,151.0
1,49.0,8.224489795918368,20.817926275730937,0.0,0.0,7.0,7.0,144.0
2,47.0,13.191489361702128,23.721791758956975,0.0,0.0,7.0,14.0,144.0
3,50.0,14.64,25.677561076884672,0.0,0.0,7.0,14.0,137.0
4,42.0,17.595238095238095,32.42406477866704,0.0,0.0,7.0,21.0,161.0
5,49.0,8.653061224489797,22.849645347729293,0.0,0.0,0.0,7.0,151.0
6,41.0,5.902439024390244,20.69879812700339,0.0,0.0,0.0,7.0,130.0
7,53.0,12.754716981132075,26.641426431822417,0.0,0.0,7.0,14.0,144.0
8,47.0,13.48936170212766,28.603642471321674,0.0,0.0,7.0,14.0,165.0
9,57.0,9.526315789473685,23.9016625715495,0.0,0.0,0.0,7.0,158.0
10,35.0,12.714285714285714,24.556742728737014,0.0,0.0,0.0,14.0,130.0
11,47.0,9.914893617021276,22.27381947999864,0.0,0.0,0.0,7.0,137.0
12,38.0,13.736842105263158,22.331270295292708,0.0,0.0,7.0,14.0,130.0
13,63.0,11.396825396825397,22.856875638478964,0.0,0.0,7.0,14.0,137.0
14,45.0,19.22222222222222,42.32820298189811,0.0,7.0,7.0,14.0,252.0
15,42.0,8.095238095238095,31.395051283026746,0.0,0.0,0.0,0.0,161.0
16,47.0,15.872340425531915,30.036656605812574,0.0,0.0,7.0,21.0,165.0
17,44.0,12.659090909090908,23.26884650684226,0.0,0.0,7.0,14.0,137.0
18,50.0,8.48,19.98799639783838,0.0,0.0,0.0,7.0,130.0
19,47.0,12.893617021276595,27.245449594184883,0.0,0.0,0.0,7.0,151.0
20,49.0,21.081632653061224,31.850455736335153,0.0,0.0,7.0,28.0,144.0
21,48.0,15.833333333333334,26.679606789450933,0.0,0.0,7.0,21.0,151.0
22,42.0,16.095238095238095,27.39575320819574,0.0,0.0,7.0,14.0,137.0
23,44.0,14.409090909090908,21.55179610690032,0.0,7.0,7.0,15.75,137.0
24,46.0,17.130434782608695,31.50774768610425,0.0,0.0,7.0,14.0,147.0
25,46.0,20.02173913043478,37.53072171519978,0.0,0.0,7.0,21.0,210.0
26,48.0,19.479166666666668,25.834983360711245,0.0,5.25,7.0,28.0,130.0
27,47.0,23.02127659574468,31.16818986088926,0.0,0.0,14.0,31.5,151.0
28,48.0,11.604166666666666,23.334514281158473,0.0,0.0,3.5,14.0,144.0
29,53.0,15.79245283018868,27.063570810626057,0.0,0.0,7.0,14.0,137.0
30,41.0,16.146341463414632,27.658236545023758,0.0,7.0,7.0,14.0,165.0
31,35.0,7.914285714285715,22.367743882353327,0.0,0.0,0.0,7.0,130.0
32,48.0,12.770833333333334,24.023250779488283,0.0,0.0,7.0,14.0,151.0
33,28.0,7.892857142857143,26.241526725168356,0.0,0.0,0.0,7.0,137.0
34,49.0,17.224489795918366,32.40708854178514,0.0,0.0,7.0,14.0,161.0
35,30.0,8.066666666666666,23.935161458051383,0.0,0.0,0.0,7.0,130.0
36,39.0,14.64102564102564,28.088663361696188,0.0,0.0,7.0,14.0,158.0
37,49.0,12.081632653061224,26.381682987992093,0.0,0.0,7.0,14.0,172.0
38,47.0,20.78723404255319,36.08319864967433,0.0,0.0,7.0,21.0,172.0
39,49.0,15.938775510204081,26.299879723477588,0.0,0.0,7.0,21.0,165.0
40,39.0,19.846153846153847,37.44577726283451,0.0,0.0,7.0,14.0,179.0
41,49.0,17.224489795918366,29.897927259624016,0.0,0.0,14.0,14.0,200.0
42,41.0,12.390243902439025,40.92180228727744,0.0,0.0,0.0,7.0,217.0
43,47.0,28.680851063829788,66.98867729860373,0.0,0.0,7.0,21.0,392.0
44,47.0,9.170212765957446,27.892900100934348,0.0,0.0,0.0,7.0,186.0
45,57.0,11.24561403508772,33.383208301348574,0.0,0.0,0.0,7.0,172.0
46,32.0,13.90625,28.53222216394831,0.0,0.0,7.0,15.75,151.0
47,47.0,13.787234042553191,26.85139148706933,0.0,0.0,0.0,14.0,144.0
48,34.0,16.176470588235293,29.169796114261636,0.0,0.0,7.0,19.25,165.0
49,61.0,12.229508196721312,30.28002281077022,0.0,0.0,7.0,14.0,228.0
50,44.0,18.068181818181817,25.60468500668881,0.0,7.0,14.0,21.0,158.0
51,42.0,13.595238095238095,30.03661141926106,0.0,0.0,0.0,7.0,151.0
52,45.0,11.755555555555556,27.55585695501507,0.0,0.0,7.0,14.0,172.0
53,43.0,15.720930232558139,30.518008408303814,0.0,0.0,7.0,17.5,193.0
54,49.0,16.224489795918366,32.414159268573286,0.0,0.0,7.0,14.0,158.0
55,47.0,14.382978723404255,26.357535999743956,0.0,0.0,7.0,17.5,165.0
56,48.0,15.833333333333334,29.27734825026638,0.0,0.0,7.0,21.0,172.0
57,48.0,14.666666666666666,39.30585649251176,0.0,0.0,7.0,14.0,224.0
58,41.0,18.70731707317073,47.79866311019536,0.0,0.0,0.0,14.0,252.0
59,44.0,16.0,33.11712828804019,0.0,0.0,7.0,14.0,200.0
60,44.0,13.454545454545455,30.091685126328034,0.0,0.0,7.0,14.0,193.0
61,43.0,11.0,26.375493676264462,0.0,0.0,0.0,7.0,158.0
62,48.0,20.0625,29.454910546785722,0.0,7.0,14.0,21.0,158.0
63,46.0,23.67391304347826,33.12605845542555,0.0,7.0,14.0,28.0,179.0
64,43.0,20.27906976744186,28.366920357039742,0.0,7.0,14.0,21.0,165.0
65,52.0,16.634615384615383,27.25409042597477,0.0,0.0,10.5,14.0,172.0
66,41.0,14.609756097560975,32.95821449106465,0.0,0.0,7.0,14.0,200.0
67,34.0,12.470588235294118,28.971496226168362,0.0,0.0,0.0,12.25,144.0
68,47.0,10.659574468085106,28.67757539001107,0.0,0.0,7.0,7.0,186.0
69,28.0,10.142857142857142,29.596939638733524,0.0,0.0,0.0,7.0,158.0
70,47.0,17.95744680851064,33.26831463355022,0.0,0.0,7.0,21.0,200.0
71,30.0,16.233333333333334,30.484233724125758,0.0,0.0,7.0,19.25,151.0
72,36.0,15.666666666666666,34.47317797940886,0.0,0.0,7.0,21.0,193.0
73,49.0,17.510204081632654,37.24083916939596,0.0,0.0,7.0,21.0,242.0
74,46.0,13.173913043478262,35.37312498231522,0.0,0.0,3.5,14.0,235.0
75,48.0,16.708333333333332,28.28574434822837,0.0,0.0,7.0,21.0,179.0
76,36.0,26.555555555555557,84.96535241562358,0.0,0.0,7.0,21.0,508.0
77,48.0,11.604166666666666,30.402085303152184,0.0,0.0,7.0,8.75,207.0
78,41.0,8.634146341463415,26.056434999401755,0.0,0.0,0.0,7.0,165.0
79,47.0,18.106382978723403,36.31039738658719,0.0,0.0,7.0,21.0,193.0
80,47.0,16.914893617021278,37.82961215723335,0.0,0.0,0.0,21.0,228.0
81,55.0,15.090909090909092,32.85843525910459,0.0,0.0,7.0,14.0,207.0
82,32.0,15.21875,33.70338776405413,0.0,0.0,7.0,14.0,179.0
83,47.0,19.148936170212767,32.95384039334036,0.0,0.0,7.0,21.0,193.0
84,34.0,16.794117647058822,38.49894088410564,0.0,0.0,7.0,14.0,179.0
85,60.0,14.883333333333333,37.943352811775476,0.0,0.0,7.0,14.0,270.0
86,44.0,26.977272727272727,38.03516649185889,0.0,0.0,14.0,35.0,186.0
87,41.0,22.121951219512194,73.65330784219783,0.0,0.0,7.0,14.0,473.0
88,45.0,10.977777777777778,29.05831823395598,0.0,0.0,0.0,7.0,179.0
89,43.0,25.488372093023255,78.74593628004023,0.0,0.0,7.0,14.0,469.0
90,49.0,11.081632653061224,27.22807737022413,0.0,0.0,0.0,14.0,186.0
91,47.0,19.4468085106383,27.812109116462434,0.0,7.0,14.0,24.5,179.0
92,47.0,18.404255319148938,45.35016397768546,0.0,3.5,7.0,21.0,312.0
93,43.0,17.511627906976745,36.33532460228598,0.0,0.0,7.0,14.0,175.0
94,39.0,25.76923076923077,58.93237048938364,0.0,0.0,0.0,21.0,252.0
95,44.0,22.363636363636363,44.26563101092004,0.0,0.0,14.0,21.0,214.0
96,43.0,16.209302325581394,32.98813505282718,0.0,0.0,7.0,21.0,200.0
97,42.0,16.261904761904763,48.0741599491866,0.0,0.0,0.0,14.0,305.0
98,48.0,15.979166666666666,30.971153073384844,0.0,0.0,7.0,15.75,193.0
99,46.0,19.26086956521739,33.32295490606284,0.0,0.0,7.0,21.0,186.0
100,42.0,21.261904761904763,43.7771850167494,0.0,0.0,7.0,19.25,235.0
101,52.0,16.365384615384617,41.6714642788478,0.0,0.0,3.5,14.0,263.0
102,40.0,21.625,35.122998163596456,0.0,7.0,14.0,28.0,214.0
103,33.0,14.969696969696969,34.69823919207288,0.0,0.0,7.0,14.0,193.0
104,47.0,13.638297872340425,34.23158059574895,0.0,0.0,0.0,10.5,207.0
105,28.0,14.142857142857142,33.58319055466124,0.0,0.0,0.0,15.75,172.0
106,47.0,21.97872340425532,33.19212148642593,0.0,7.0,14.0,28.0,214.0
107,27.0,27.11111111111111,50.111670169527244,0.0,0.0,7.0,28.0,207.0
108,36.0,20.72222222222222,58.92349088248063,0.0,0.0,7.0,21.0,354.0
109,49.0,18.93877551020408,40.417306608300706,0.0,0.0,7.0,21.0,277.0
110,46.0,22.304347826086957,82.49306221743535,0.0,0.0,7.0,14.0,557.0
111,48.0,13.0625,30.968347773650876,0.0,0.0,7.0,14.0,186.0
112,36.0,23.833333333333332,102.6031188609781,0.0,0.0,7.0,14.0,620.0
113,48.0,14.375,38.3159457945078,0.0,0.0,7.0,14.0,263.0
114,41.0,12.390243902439025,29.854545758376975,0.0,0.0,7.0,14.0,186.0
115,47.0,23.617021276595743,35.38763797386176,0.0,0.0,14.0,35.0,214.0
116,45.0,24.355555555555554,59.48917225984588,0.0,0.0,7.0,21.0,301.0
117,53.0,17.641509433962263,37.472089274563686,0.0,0.0,7.0,14.0,221.0
118,32.0,15.0,35.723851253568625,0.0,0.0,3.5,15.75,200.0
119,43.0,25.488372093023255,46.832209150898365,0.0,0.0,7.0,28.0,235.0
120,34.0,14.735294117647058,32.976859493167105,0.0,0.0,7.0,12.25,186.0
121,60.0,11.5,37.0736783597021,0.0,0.0,0.0,7.0,277.0
122,44.0,23.318181818181817,48.87276919420834,0.0,0.0,7.0,28.0,259.0
123,41.0,22.29268292682927,75.52391803344125,0.0,0.0,7.0,7.0,480.0
124,45.0,16.88888888888889,51.71171057024714,0.0,0.0,0.0,7.0,294.0
125,43.0,22.558139534883722,56.692698079240124,0.0,0.0,7.0,14.0,305.0
126,49.0,25.653061224489797,46.97097996831314,0.0,0.0,7.0,21.0,203.0
127,46.0,22.152173913043477,36.453298824236505,0.0,7.0,14.0,26.25,235.0
128,46.0,21.391304347826086,58.85404857625706,0.0,0.0,7.0,14.0,361.0
129,43.0,14.418604651162791,30.997874395743068,0.0,0.0,7.0,14.0,186.0
