id,count,mean,std,min,25%,50%,75%,max
0,39.0,10.794871794871796,23.346564592517772,0.0,0.0,0.0,10.5,134.0
1,52.0,9.846153846153847,21.24680794053878,0.0,0.0,3.5,7.0,141.0
2,52.0,12.403846153846153,20.849845643275543,0.0,0.0,7.0,14.0,141.0
3,51.0,10.313725490196079,18.96891161461662,0.0,0.0,7.0,14.0,120.0
4,41.0,19.317073170731707,32.153101735594845,0.0,0.0,7.0,14.0,140.0
5,52.0,19.673076923076923,24.938136126907377,0.0,7.0,14.0,28.0,148.0
6,46.0,7.173913043478261,19.50988848743812,0.0,0.0,0.0,7.0,120.0
7,61.0,9.885245901639344,19.335716830652835,0.0,0.0,7.0,14.0,134.0
8,53.0,20.49056603773585,26.716188294386832,0.0,7.0,14.0,35.0,162.0
9,61.0,21.475409836065573,36.536560026625864,0.0,0.0,7.0,28.0,196.0
10,35.0,11.428571428571429,22.024432575031323,0.0,0.0,7.0,14.0,120.0
11,47.0,11.787234042553191,24.268369259820275,0.0,0.0,7.0,14.0,127.0
12,43.0,28.511627906976745,49.34155598769482,0.0,0.0,7.0,38.5,280.0
13,58.0,7.862068965517241,19.646390031207215,0.0,0.0,0.0,7.0,127.0
14,53.0,9.132075471698114,22.562765221836905,0.0,0.0,0.0,7.0,134.0
15,44.0,4.636363636363637,19.112994373232183,0.0,0.0,0.0,0.0,120.0
16,50.0,8.14,20.642743450008222,0.0,0.0,0.0,7.0,141.0
17,49.0,15.73469387755102,33.47310830490405,0.0,7.0,7.0,14.0,203.0
18,54.0,7.277777777777778,21.338614715754666,0.0,0.0,0.0,7.0,120.0
19,49.0,14.306122448979592,22.389733586356655,0.0,0.0,7.0,21.0,141.0
20,56.0,11.517857142857142,28.812870275390708,0.0,0.0,0.0,8.75,168.0
21,49.0,20.877551020408163,35.292605843304976,0.0,0.0,7.0,21.0,175.0
22,42.0,14.357142857142858,27.49352156823488,0.0,0.0,0.0,21.0,127.0
23,48.0,14.458333333333334,25.11671337536307,0.0,0.0,7.0,14.0,120.0
24,46.0,10.978260869565217,22.443498569058338,0.0,0.0,7.0,14.0,141.0
25,40.0,8.425,20.329197771955542,0.0,0.0,0.0,7.0,120.0
26,51.0,15.803921568627452,27.005939796898858,0.0,0.0,7.0,14.0,127.0
27,53.0,18.11320754716981,23.13227879405952,0.0,7.0,14.0,21.0,141.0
28,48.0,17.083333333333332,28.698605002299576,0.0,0.0,7.0,14.0,120.0
29,58.0,15.344827586206897,29.78139754013294,0.0,0.0,7.0,14.0,134.0
30,42.0,16.69047619047619,25.183703688596502,0.0,0.0,7.0,21.0,134.0
31,33.0,15.090909090909092,30.33084613512665,0.0,0.0,7.0,7.0,127.0
32,51.0,7.294117647058823,21.63542846134281,0.0,0.0,0.0,7.0,148.0
33,28.0,9.785714285714286,23.37830134002412,0.0,0.0,0.0,8.75,120.0
34,53.0,14.679245283018869,24.197722067698898,0.0,0.0,7.0,21.0,134.0
35,32.0,6.59375,22.517175344253793,0.0,0.0,0.0,7.0,127.0
36,38.0,13.289473684210526,27.555259364310544,0.0,0.0,7.0,14.0,155.0
37,52.0,10.51923076923077,21.12752167069534,0.0,0.0,7.0,14.0,148.0
38,49.0,19.591836734693878,30.171674331610916,0.0,0.0,7.0,21.0,162.0
39,51.0,15.254901960784315,25.53025118345286,0.0,0.0,7.0,17.5,155.0
40,41.0,20.0,30.690389375177368,0.0,7.0,14.0,21.0,162.0
41,52.0,12.26923076923077,25.68062929457355,0.0,0.0,7.0,14.0,176.0
42,46.0,11.282608695652174,23.292023473453796,0.0,0.0,7.0,14.0,141.0
43,59.0,18.050847457627118,27.06596267411026,0.0,7.0,7.0,21.0,183.0
44,49.0,10.306122448979592,26.717038946485577,0.0,0.0,7.0,14.0,183.0
45,59.0,9.033898305084746,22.402252120232138,0.0,0.0,0.0,7.0,155.0
46,35.0,11.628571428571428,22.804908803725095,0.0,0.0,7.0,14.0,134.0
47,45.0,20.4,43.92886812274423,0.0,0.0,7.0,14.0,203.0
48,41.0,13.0,28.28692277360689,0.0,0.0,0.0,14.0,162.0
49,58.0,12.810344827586206,25.904993013643193,0.0,0.0,7.0,14.0,169.0
50,52.0,21.826923076923077,43.29231293167829,0.0,0.0,7.0,21.0,259.0
51,44.0,6.386363636363637,22.92983829301383,0.0,0.0,0.0,7.0,148.0
52,49.0,9.877551020408163,24.16491314304449,0.0,0.0,7.0,7.0,162.0
53,48.0,17.229166666666668,32.35457781634245,0.0,0.0,7.0,22.75,169.0
54,53.0,11.377358490566039,24.092950145932683,0.0,0.0,7.0,7.0,148.0
55,49.0,16.591836734693878,27.987287566074038,0.0,0.0,7.0,21.0,162.0
56,56.0,11.267857142857142,22.519075607887782,0.0,0.0,7.0,14.0,155.0
57,48.0,12.270833333333334,24.991691881914825,0.0,0.0,7.0,14.0,162.0
58,42.0,10.19047619047619,25.316762108732448,0.0,0.0,0.0,14.0,155.0
59,48.0,11.979166666666666,28.016324711757076,0.0,0.0,7.0,8.75,183.0
60,46.0,14.630434782608695,26.643622289314422,0.0,0.0,7.0,21.0,169.0
61,40.0,22.775,51.34173466049543,0.0,0.0,7.0,14.0,224.0
62,51.0,16.49019607843137,26.396494122530445,0.0,7.0,7.0,14.0,148.0
63,53.0,19.433962264150942,26.714667128148523,0.0,7.0,14.0,28.0,169.0
64,48.0,18.833333333333332,27.7353245329914,0.0,0.0,7.0,28.0,155.0
65,54.0,20.11111111111111,43.89295154086306,0.0,0.0,7.0,14.0,238.0
66,42.0,14.357142857142858,31.999101685997395,0.0,0.0,7.0,14.0,183.0
67,33.0,11.696969696969697,27.42431043855621,0.0,0.0,7.0,14.0,155.0
68,51.0,7.1568627450980395,23.832224024643278,0.0,0.0,0.0,7.0,169.0
69,28.0,14.535714285714286,28.735681964926776,0.0,0.0,7.0,14.0,141.0
70,53.0,17.849056603773583,29.142485656627407,0.0,0.0,7.0,21.0,169.0
71,32.0,10.96875,26.83099360333,0.0,0.0,0.0,8.75,148.0
72,37.0,13.45945945945946,29.677521042958684,0.0,0.0,7.0,14.0,169.0
73,51.0,13.333333333333334,26.13783974751292,0.0,0.0,7.0,14.0,176.0
74,48.0,17.520833333333332,39.967002125068724,0.0,0.0,7.0,21.0,267.0
75,50.0,18.22,30.272429700967184,0.0,1.75,7.0,19.25,176.0
76,36.0,31.333333333333332,87.96590248499699,0.0,0.0,7.0,28.0,526.0
77,51.0,11.549019607843137,27.810295737722885,0.0,0.0,7.0,14.0,197.0
78,46.0,9.0,23.316184174183483,0.0,0.0,7.0,7.0,155.0
79,59.0,12.711864406779661,25.673044261179275,0.0,0.0,7.0,14.0,190.0
80,48.0,9.208333333333334,28.66160478152754,0.0,0.0,0.0,7.0,197.0
81,59.0,10.932203389830509,25.700439018643685,0.0,0.0,7.0,14.0,190.0
82,35.0,15.228571428571428,31.247668820612667,0.0,0.0,7.0,14.0,176.0
83,44.0,18.318181818181817,29.938520514060553,0.0,0.0,14.0,21.0,169.0
84,37.0,24.81081081081081,53.96904351253279,0.0,0.0,0.0,21.0,259.0
85,56.0,17.892857142857142,37.249370255288675,0.0,0.0,7.0,21.0,253.0
86,52.0,18.326923076923077,30.642608521690423,0.0,0.0,7.0,21.0,190.0
87,44.0,15.772727272727273,60.272197931980195,0.0,0.0,0.0,7.0,400.0
88,49.0,9.877551020408163,34.06282960272411,0.0,0.0,0.0,0.0,176.0
89,48.0,15.479166666666666,42.86891924913261,0.0,0.0,7.0,14.0,232.0
90,53.0,11.90566037735849,25.753464405443363,0.0,0.0,7.0,14.0,176.0
91,47.0,20.425531914893618,33.329543416987114,0.0,3.5,7.0,24.5,197.0
92,54.0,12.981481481481481,40.18095425143926,0.0,0.0,7.0,14.0,295.0
93,48.0,18.6875,44.67621398176753,0.0,0.0,7.0,14.0,224.0
94,41.0,18.121951219512194,38.03037938408662,0.0,0.0,7.0,14.0,183.0
95,48.0,17.666666666666668,40.653875444445426,0.0,0.0,7.0,14.0,210.0
96,45.0,16.2,30.258432333363327,0.0,0.0,7.0,14.0,176.0
97,36.0,22.38888888888889,49.12682001152165,0.0,0.0,7.0,15.75,225.0
98,51.0,25.41176470588235,48.09206856461395,0.0,0.0,7.0,24.5,231.0
99,52.0,11.73076923076923,26.993910267939032,0.0,0.0,7.0,8.75,183.0
100,46.0,15.847826086956522,33.00233486103966,0.0,0.0,7.0,14.0,197.0
101,53.0,15.20754716981132,32.62335082219367,0.0,0.0,7.0,14.0,211.0
102,41.0,19.146341463414632,34.32605495509917,0.0,7.0,7.0,21.0,211.0
103,31.0,23.967741935483872,42.85283644518586,0.0,0.0,7.0,28.0,190.0
104,51.0,7.705882352941177,28.971913376680565,0.0,0.0,0.0,7.0,204.0
105,28.0,19.285714285714285,37.45600593966716,0.0,0.0,7.0,21.0,162.0
106,52.0,21.557692307692307,34.05555637572717,0.0,0.0,10.5,22.75,204.0
107,30.0,16.833333333333332,37.3705428280667,0.0,0.0,7.0,14.0,197.0
108,37.0,14.405405405405405,43.6555071360224,0.0,0.0,7.0,14.0,267.0
109,51.0,15.666666666666666,35.19924241608996,0.0,0.0,7.0,21.0,239.0
110,47.0,16.5531914893617,50.48883152894496,0.0,0.0,7.0,7.0,316.0
111,50.0,16.4,34.438350715445125,0.0,0.0,7.0,14.0,183.0
112,36.0,30.555555555555557,92.40947522365394,0.0,0.0,7.0,21.0,554.0
113,51.0,11.823529411764707,31.91971546386524,0.0,0.0,7.0,7.0,225.0
114,45.0,11.844444444444445,26.446305426412035,0.0,0.0,7.0,14.0,169.0
115,57.0,18.07017543859649,29.837571981553495,0.0,0.0,7.0,21.0,204.0
116,47.0,15.808510638297872,34.05726526453346,0.0,0.0,7.0,14.0,211.0
117,59.0,13.542372881355933,36.18740590311073,0.0,0.0,0.0,7.0,218.0
118,35.0,16.428571428571427,40.7728901529996,0.0,0.0,0.0,7.0,204.0
119,43.0,25.093023255813954,59.24558008569012,0.0,0.0,7.0,14.0,315.0
