id,count,mean,std,min,25%,50%,75%,max
0,24.0,61.541666666666664,73.1834972884073,7.0,12.25,28.0,87.5,301.0
1,44.0,51.70454545454545,56.952685195268664,7.0,7.0,38.5,57.75,273.0
2,37.0,46.351351351351354,75.88449417671872,7.0,7.0,21.0,42.0,350.0
3,43.0,60.23255813953488,71.8284454892026,7.0,21.0,35.0,70.0,392.0
4,29.0,55.51724137931034,62.35590285361648,7.0,14.0,28.0,77.0,266.0
5,44.0,45.34090909090909,43.531834479008836,7.0,14.0,31.5,56.0,238.0
6,25.0,37.24,33.24815784370617,7.0,14.0,35.0,49.0,140.0
7,44.0,56.79545454545455,100.65265614061397,7.0,7.0,24.5,50.75,525.0
8,32.0,54.6875,65.58001146100698,7.0,7.0,28.0,75.25,252.0
9,55.0,31.436363636363637,35.892722689809176,7.0,7.0,21.0,35.0,175.0
10,9.0,24.88888888888889,43.449523715584164,7.0,7.0,7.0,14.0,140.0
11,18.0,22.166666666666668,31.050717525099632,7.0,7.0,14.0,26.25,140.0
12,16.0,81.8125,175.37701056105766,7.0,7.0,17.5,61.25,714.0
13,37.0,29.135135135135137,33.833876976061006,7.0,7.0,14.0,42.0,140.0
14,36.0,46.083333333333336,69.4654590426062,7.0,14.0,24.5,42.0,399.0
15,35.0,30.8,27.751841486329393,7.0,7.0,28.0,35.0,140.0
16,38.0,67.23684210526316,69.93449993851439,7.0,22.75,56.0,75.25,357.0
17,34.0,65.05882352941177,66.37494104384557,7.0,14.0,45.5,77.0,301.0
18,49.0,38.0,45.2299679416203,7.0,7.0,21.0,49.0,231.0
19,36.0,52.69444444444444,45.07062359354607,7.0,19.25,31.5,84.0,147.0
20,31.0,49.45161290322581,135.0708058043823,7.0,7.0,7.0,28.0,756.0
21,36.0,76.80555555555556,85.33089189215774,7.0,28.0,45.5,96.25,392.0
22,30.0,32.2,39.75129579323647,7.0,7.0,17.5,33.25,175.0
23,38.0,64.47368421052632,84.09702788787044,7.0,28.0,35.0,61.25,378.0
24,44.0,45.5,54.90054432737312,7.0,7.0,17.5,63.0,203.0
25,22.0,37.22727272727273,54.49589920629837,7.0,7.0,10.5,47.25,238.0
26,36.0,67.08333333333333,84.58752863158966,7.0,7.0,28.0,82.25,343.0
27,35.0,58.8,54.35980348836922,7.0,14.0,42.0,84.0,182.0
28,42.0,49.333333333333336,46.12161371886851,7.0,14.0,35.0,56.0,203.0
29,51.0,32.80392156862745,31.600645314830604,7.0,10.5,21.0,45.5,154.0
30,38.0,44.578947368421055,63.9580232183356,7.0,14.0,21.0,42.0,301.0
31,18.0,36.166666666666664,37.829726873110225,7.0,7.0,17.5,61.25,140.0
32,32.0,64.96875,64.62820934815065,7.0,7.0,42.0,99.75,238.0
33,9.0,23.333333333333332,43.85487430149583,7.0,7.0,7.0,14.0,140.0
34,43.0,49.97674418604651,61.88987469002733,7.0,7.0,21.0,56.0,266.0
35,13.0,30.692307692307693,37.9701299606779,7.0,7.0,7.0,42.0,140.0
36,22.0,61.09090909090909,74.96342542543765,7.0,14.0,21.0,87.5,315.0
37,37.0,61.86486486486486,75.23893870794495,7.0,14.0,28.0,77.0,336.0
38,39.0,60.30769230769231,74.54287139702468,7.0,17.5,42.0,66.5,343.0
39,32.0,57.75,74.23024338002715,7.0,14.0,28.0,63.0,287.0
40,39.0,48.46153846153846,61.24362314982857,7.0,10.5,21.0,66.5,280.0
41,32.0,43.09375,50.387120330113035,7.0,12.25,21.0,50.75,231.0
42,16.0,30.625,43.36799895468239,7.0,7.0,7.0,24.5,147.0
43,38.0,63.36842105263158,78.67498007201169,7.0,15.75,42.0,68.25,406.0
44,46.0,54.47826086956522,61.16561820370613,7.0,8.75,24.5,77.0,280.0
45,42.0,38.333333333333336,35.05929935901052,7.0,7.0,31.5,59.5,161.0
46,24.0,18.083333333333332,28.81864835056674,7.0,7.0,7.0,15.75,147.0
47,20.0,29.05,33.089153891617684,7.0,14.0,17.5,29.75,154.0
48,32.0,55.78125,129.60504131348813,7.0,7.0,21.0,40.25,735.0
49,54.0,27.74074074074074,29.852584468366395,7.0,7.0,14.0,42.0,161.0
50,41.0,59.75609756097561,88.94542722585713,7.0,14.0,28.0,77.0,525.0
51,18.0,30.333333333333332,36.9626202279769,7.0,7.0,14.0,35.0,147.0
52,36.0,59.888888888888886,69.18413434050068,7.0,14.0,49.0,64.75,315.0
53,37.0,78.13513513513513,112.3944349556908,7.0,14.0,42.0,98.0,602.0
54,43.0,38.74418604651163,37.39626478881331,7.0,10.5,28.0,49.0,161.0
55,41.0,47.1219512195122,46.512468823935386,7.0,14.0,21.0,77.0,147.0
56,37.0,46.16216216216216,121.68573218507343,7.0,7.0,14.0,28.0,735.0
57,32.0,77.0,91.04341396172735,7.0,14.0,42.0,87.5,406.0
58,32.0,34.78125,40.9899550047365,7.0,7.0,14.0,45.5,168.0
59,38.0,69.26315789473684,106.7919635124257,7.0,15.75,42.0,70.0,623.0
60,33.0,57.06060606060606,61.30300736604373,7.0,7.0,28.0,105.0,217.0
61,20.0,38.5,66.62108090576609,7.0,7.0,14.0,29.75,287.0
62,37.0,66.02702702702703,80.68645986040536,7.0,14.0,42.0,70.0,329.0
63,44.0,53.13636363636363,57.333618089333335,7.0,12.25,21.0,92.75,182.0
64,37.0,44.648648648648646,68.4536405233564,7.0,7.0,14.0,49.0,343.0
65,41.0,33.80487804878049,33.6765641895036,7.0,7.0,21.0,42.0,161.0
66,37.0,55.62162162162162,71.84139604842174,7.0,14.0,28.0,63.0,357.0
67,28.0,30.0,34.2323217420591,7.0,7.0,14.0,47.25,147.0
68,35.0,51.6,84.15573798199453,7.0,7.0,7.0,56.0,385.0
69,21.0,20.0,32.25213171249305,7.0,7.0,7.0,21.0,154.0
70,39.0,61.743589743589745,68.16841294629599,7.0,17.5,42.0,77.0,301.0
71,21.0,28.0,34.22133837242489,7.0,7.0,14.0,35.0,147.0
72,23.0,52.34782608695652,71.44458036297159,7.0,7.0,21.0,59.5,287.0
73,38.0,52.86842105263158,62.81468715009149,7.0,7.0,21.0,75.25,238.0
74,30.0,52.266666666666666,76.49878670813082,7.0,14.0,24.5,35.0,308.0
75,43.0,53.72093023255814,69.30860098532241,7.0,14.0,35.0,52.5,329.0
76,23.0,60.869565217391305,68.30699707791561,7.0,17.5,28.0,87.5,259.0
77,38.0,49.36842105263158,51.87376624524743,7.0,21.0,31.5,56.0,252.0
78,34.0,22.029411764705884,35.49006288075378,7.0,7.0,7.0,14.0,175.0
79,44.0,61.25,85.42754988333546,7.0,19.25,31.5,64.75,406.0
80,36.0,51.138888888888886,65.31993910318995,7.0,7.0,24.5,54.25,273.0
81,31.0,42.67741935483871,55.009930677272074,7.0,7.0,35.0,49.0,273.0
82,24.0,25.666666666666668,33.069974121637856,7.0,14.0,17.5,22.75,175.0
83,30.0,33.833333333333336,47.9749096301701,7.0,7.0,17.5,35.0,196.0
84,20.0,66.15,119.84168284602991,7.0,7.0,21.0,50.75,518.0
85,43.0,28.813953488372093,39.72180390448496,7.0,7.0,14.0,38.5,231.0
86,36.0,66.11111111111111,93.20324267129575,7.0,14.0,28.0,77.0,420.0
87,36.0,22.36111111111111,29.737088701559948,7.0,7.0,7.0,22.75,154.0
88,35.0,46.8,55.96837342222312,7.0,10.5,21.0,56.0,252.0
89,32.0,78.96875,105.4616531363797,7.0,21.0,38.5,85.75,497.0
90,43.0,49.325581395348834,63.68064703033058,7.0,14.0,28.0,56.0,329.0
91,45.0,55.68888888888889,57.02384757203947,7.0,21.0,35.0,70.0,280.0
92,35.0,46.4,112.73216566921168,7.0,7.0,14.0,35.0,658.0
93,34.0,74.52941176470588,101.02721964270026,7.0,14.0,38.5,82.25,448.0
94,29.0,29.689655172413794,35.43011576961435,7.0,7.0,21.0,35.0,175.0
95,35.0,78.2,101.61686983613556,7.0,21.0,42.0,77.0,462.0
96,32.0,57.3125,70.57205766151817,7.0,14.0,31.5,63.0,301.0
97,18.0,55.22222222222222,127.49835318685287,7.0,7.0,10.5,19.25,532.0
98,37.0,65.83783783783784,71.45220372680899,7.0,21.0,42.0,70.0,336.0
99,44.0,61.25,62.17384666644268,7.0,14.0,35.0,98.0,203.0
100,39.0,49.17948717948718,64.42656847951692,7.0,7.0,14.0,59.5,245.0
101,44.0,35.79545454545455,34.92555507737854,7.0,12.25,28.0,49.0,182.0
102,37.0,48.62162162162162,54.345781473486646,7.0,14.0,28.0,56.0,224.0
103,25.0,39.48,44.679525512252255,7.0,14.0,28.0,42.0,168.0
104,35.0,51.6,83.13921705046725,7.0,7.0,14.0,52.5,378.0
105,17.0,28.0,37.2877325671594,7.0,14.0,21.0,28.0,168.0
106,38.0,56.73684210526316,72.1206512429285,7.0,14.0,35.0,64.75,329.0
107,21.0,39.333333333333336,46.405100294400114,7.0,14.0,14.0,49.0,168.0
108,31.0,34.54838709677419,54.58011769235962,7.0,7.0,7.0,35.0,224.0
109,34.0,60.3235294117647,87.6846002816898,7.0,7.0,21.0,63.0,392.0
110,37.0,57.513513513513516,77.53086181988779,7.0,14.0,35.0,63.0,364.0
111,43.0,63.0,69.94998213009065,7.0,21.0,42.0,73.5,315.0
112,24.0,80.5,113.30489839367051,7.0,14.0,42.0,96.25,546.0
113,37.0,57.513513513513516,67.74979361248663,7.0,21.0,28.0,70.0,273.0
114,34.0,29.029411764705884,35.153762067839644,7.0,14.0,17.5,26.25,196.0
115,39.0,48.64102564102564,94.31149039206734,7.0,7.0,21.0,45.5,553.0
116,27.0,69.74074074074075,83.62857102532537,7.0,7.0,35.0,101.5,273.0
117,31.0,43.806451612903224,55.20592924365928,7.0,14.0,21.0,42.0,231.0
118,20.0,33.95,37.95353807791283,7.0,17.5,28.0,35.0,182.0
119,29.0,43.689655172413794,55.043556420786224,7.0,14.0,35.0,42.0,238.0
120,27.0,58.851851851851855,118.48034686222266,7.0,7.0,14.0,35.0,525.0
121,38.0,38.31578947368421,49.94326795700048,7.0,7.0,14.0,49.0,259.0
122,35.0,81.6,107.74949160518796,7.0,21.0,49.0,80.5,525.0
123,33.0,37.121212121212125,52.251051171099405,7.0,14.0,21.0,42.0,301.0
124,31.0,46.74193548387097,50.683967052008,7.0,14.0,28.0,59.5,210.0
125,32.0,81.59375,103.74468019785323,7.0,21.0,38.5,78.75,497.0
126,44.0,47.56818181818182,64.9956698834167,7.0,7.0,24.5,49.0,308.0
127,44.0,51.86363636363637,51.821514302545026,7.0,7.0,28.0,84.0,189.0
128,32.0,52.0625,112.64644590129575,7.0,7.0,14.0,35.0,546.0
129,28.0,80.25,79.41295024532627,7.0,24.5,56.0,105.0,336.0
130,25.0,33.88,41.935784242100446,7.0,7.0,14.0,35.0,189.0
131,36.0,73.88888888888889,91.5054339612924,7.0,19.25,35.0,71.75,378.0
132,36.0,56.97222222222222,68.93495323693037,7.0,14.0,28.0,59.5,287.0
133,16.0,73.5,127.26403000586353,7.0,7.0,17.5,57.75,392.0
134,37.0,72.45945945945945,75.32396497596034,7.0,21.0,42.0,91.0,336.0
135,39.0,65.15384615384616,75.5828365582176,7.0,14.0,35.0,87.5,329.0
136,39.0,45.05128205128205,51.808833182011654,7.0,7.0,21.0,63.0,196.0
137,45.0,34.84444444444444,40.28080727025508,7.0,7.0,21.0,49.0,238.0
138,36.0,49.0,61.20784263474739,7.0,7.0,28.0,57.75,231.0
139,25.0,46.48,60.24610637487981,7.0,7.0,14.0,63.0,182.0
