id,count,mean,std,min,25%,50%,75%,max
0,42.0,10.523809523809524,25.673596663135662,0.0,0.0,0.0,7.0,134.0
1,53.0,8.20754716981132,20.149783822629303,0.0,0.0,0.0,7.0,141.0
2,49.0,11.020408163265307,20.688654092600252,0.0,0.0,7.0,14.0,141.0
3,51.0,5.921568627450981,17.29952963205058,0.0,0.0,0.0,7.0,120.0
4,45.0,12.933333333333334,21.277816019165464,0.0,0.0,7.0,21.0,127.0
5,54.0,9.61111111111111,21.462047825297237,0.0,0.0,7.0,7.0,148.0
6,38.0,7.578947368421052,19.84348429919227,0.0,0.0,0.0,7.0,120.0
7,55.0,9.690909090909091,20.16310595495748,0.0,0.0,7.0,7.0,134.0
8,55.0,19.618181818181817,30.192279433221618,0.0,0.0,7.0,28.0,162.0
9,58.0,9.310344827586206,20.734924260520803,0.0,0.0,0.0,7.0,141.0
10,25.0,5.36,24.04662138430262,0.0,0.0,0.0,0.0,120.0
11,38.0,4.447368421052632,20.708657764353973,0.0,0.0,0.0,0.0,127.0
12,43.0,11.418604651162791,24.648222729457192,0.0,0.0,0.0,10.5,127.0
13,64.0,15.21875,27.2061318660171,0.0,0.0,7.0,15.75,140.0
14,53.0,10.849056603773585,20.73217141992599,0.0,0.0,7.0,14.0,134.0
15,36.0,5.861111111111111,21.482421754644996,0.0,0.0,0.0,0.0,120.0
16,51.0,16.764705882352942,31.386358970287787,0.0,0.0,7.0,21.0,154.0
17,53.0,12.433962264150944,22.006563211532235,0.0,0.0,7.0,14.0,127.0
18,56.0,6.642857142857143,17.183955065360003,0.0,0.0,0.0,7.0,120.0
19,54.0,13.62962962962963,21.15379112843654,0.0,1.75,7.0,19.25,141.0
20,56.0,22.392857142857142,28.463487661741837,0.0,5.25,14.0,28.0,134.0
21,54.0,8.833333333333334,21.884559905653823,0.0,0.0,0.0,7.0,148.0
22,41.0,10.439024390243903,22.655075348018382,0.0,0.0,0.0,7.0,127.0
23,51.0,8.803921568627452,18.4195761165594,0.0,0.0,0.0,10.5,120.0
24,49.0,10.877551020408163,23.203477337334974,0.0,0.0,0.0,14.0,141.0
25,36.0,23.75,62.971819093940745,0.0,0.0,0.0,14.0,357.0
26,54.0,15.185185185185185,24.401572849147023,0.0,0.0,7.0,19.25,127.0
27,56.0,21.517857142857142,30.53522024359208,0.0,0.0,14.0,28.0,141.0
28,53.0,10.981132075471699,19.690382820474465,0.0,0.0,7.0,14.0,120.0
29,61.0,11.147540983606557,20.36323162432212,0.0,0.0,7.0,14.0,134.0
30,45.0,13.555555555555555,23.91799964609723,0.0,0.0,7.0,14.0,134.0
31,30.0,12.166666666666666,26.52920749993698,0.0,0.0,0.0,17.5,127.0
32,53.0,9.660377358490566,23.0959065605761,0.0,0.0,7.0,7.0,148.0
33,25.0,16.56,45.722970157241534,0.0,0.0,0.0,7.0,203.0
34,60.0,14.716666666666667,22.80580632777291,0.0,0.0,7.0,21.0,134.0
35,31.0,8.612903225806452,23.573540844705306,0.0,0.0,0.0,7.0,127.0
36,41.0,10.78048780487805,24.947456979742395,0.0,0.0,7.0,7.0,155.0
37,53.0,14.283018867924529,23.04041379043034,0.0,7.0,7.0,14.0,148.0
38,49.0,18.448979591836736,27.020872506645823,0.0,7.0,7.0,21.0,162.0
39,51.0,13.882352941176471,23.56662645252691,0.0,0.0,7.0,14.0,155.0
40,45.0,14.644444444444444,25.9642722667791,0.0,0.0,7.0,14.0,155.0
41,53.0,13.358490566037736,28.02889603716866,0.0,0.0,7.0,14.0,190.0
42,38.0,19.736842105263158,37.65467862285657,0.0,0.0,7.0,21.0,175.0
43,54.0,23.74074074074074,38.24952099104934,0.0,7.0,14.0,28.0,196.0
44,53.0,14.150943396226415,29.85438778884495,0.0,0.0,0.0,14.0,183.0
45,58.0,19.086206896551722,44.26328108067248,0.0,0.0,7.0,14.0,224.0
46,25.0,8.72,27.173087175855944,0.0,0.0,0.0,0.0,134.0
47,38.0,8.31578947368421,24.772593032948777,0.0,0.0,0.0,7.0,148.0
48,42.0,11.19047619047619,26.74562931719106,0.0,0.0,7.0,14.0,169.0
49,61.0,9.426229508196721,22.973505766711245,0.0,0.0,0.0,14.0,169.0
50,53.0,15.20754716981132,25.483296558398976,0.0,0.0,7.0,21.0,155.0
51,36.0,10.333333333333334,30.410524493997137,0.0,0.0,0.0,7.0,148.0
52,51.0,11.686274509803921,31.39011958950041,0.0,0.0,0.0,7.0,162.0
53,51.0,17.03921568627451,30.811011527902636,0.0,0.0,7.0,21.0,169.0
54,55.0,14.4,25.742025014591448,0.0,0.0,7.0,14.0,148.0
55,53.0,10.452830188679245,22.836009045883795,0.0,0.0,7.0,14.0,162.0
56,55.0,13.763636363636364,24.979965035977397,0.0,0.0,7.0,17.5,155.0
57,53.0,8.735849056603774,22.931462215946752,0.0,0.0,7.0,7.0,162.0
58,39.0,13.666666666666666,37.69010294028291,0.0,0.0,0.0,7.0,182.0
59,50.0,17.24,29.51067603427614,0.0,0.0,7.0,21.0,176.0
60,48.0,16.354166666666668,30.6465711409129,0.0,0.0,7.0,14.0,169.0
61,36.0,24.72222222222222,57.88590310064946,0.0,0.0,7.0,21.0,308.0
62,54.0,15.055555555555555,29.888103689233358,0.0,0.0,7.0,14.0,154.0
63,54.0,19.59259259259259,26.38218275155693,0.0,7.0,14.0,21.0,169.0
64,52.0,14.01923076923077,24.440797124941813,0.0,0.0,7.0,21.0,155.0
65,56.0,15.642857142857142,25.360978308795996,0.0,0.0,7.0,15.75,162.0
66,44.0,11.477272727272727,25.67098501146331,0.0,0.0,7.0,14.0,162.0
67,30.0,10.066666666666666,28.456783123661857,0.0,0.0,0.0,12.25,155.0
68,52.0,8.365384615384615,26.931306111452862,0.0,0.0,0.0,7.0,176.0
69,25.0,17.96,37.51053185440057,0.0,0.0,7.0,14.0,141.0
70,57.0,15.491228070175438,29.368424982707403,0.0,0.0,7.0,21.0,169.0
71,30.0,14.966666666666667,28.974999132228522,0.0,0.0,7.0,21.0,148.0
72,41.0,13.682926829268293,26.607742317218726,0.0,0.0,7.0,14.0,162.0
73,52.0,18.192307692307693,32.1924595126265,0.0,0.0,14.0,21.0,218.0
74,49.0,17.877551020408163,43.69145256467087,0.0,0.0,7.0,14.0,260.0
75,50.0,16.68,29.159267088575067,0.0,0.0,7.0,21.0,176.0
76,40.0,24.875,71.05656378133027,0.0,0.0,7.0,15.75,435.0
77,53.0,10.849056603773585,30.377367730709228,0.0,0.0,7.0,7.0,211.0
78,38.0,13.842105263157896,29.81612688588353,0.0,0.0,3.5,14.0,169.0
79,54.0,16.09259259259259,31.212762579890672,0.0,0.0,7.0,21.0,176.0
80,52.0,12.26923076923077,30.268157982143144,0.0,0.0,7.0,14.0,204.0
81,53.0,14.943396226415095,39.829161665958544,0.0,0.0,7.0,7.0,203.0
82,25.0,12.64,33.398952079369195,0.0,0.0,7.0,7.0,169.0
83,38.0,20.289473684210527,33.90280853767918,0.0,0.0,7.0,28.0,176.0
84,42.0,13.023809523809524,36.782477333536164,0.0,0.0,0.0,7.0,183.0
85,60.0,14.133333333333333,32.859983735136666,0.0,0.0,7.0,14.0,239.0
86,53.0,19.69811320754717,40.10351265339214,0.0,0.0,7.0,7.0,203.0
87,36.0,17.333333333333332,52.687759489277965,0.0,0.0,3.5,7.0,309.0
88,50.0,6.6,26.97617996889637,0.0,0.0,0.0,0.0,176.0
89,50.0,20.04,44.07551960636911,0.0,0.0,7.0,14.0,281.0
90,55.0,10.963636363636363,25.31502528243859,0.0,0.0,7.0,14.0,176.0
91,53.0,20.22641509433962,33.03648420798411,0.0,7.0,14.0,21.0,190.0
92,53.0,13.88679245283019,37.80855640712445,0.0,0.0,0.0,14.0,260.0
93,52.0,13.076923076923077,30.240763395441338,0.0,0.0,7.0,14.0,204.0
94,38.0,15.131578947368421,33.07744479545392,0.0,0.0,7.0,14.0,190.0
95,50.0,23.26,38.444133864237706,0.0,0.0,7.0,21.0,197.0
96,48.0,15.333333333333334,28.913174007806088,0.0,0.0,7.0,21.0,176.0
97,36.0,26.27777777777778,50.57250021284075,0.0,0.0,3.5,22.75,225.0
98,53.0,17.32075471698113,37.27536492361516,0.0,0.0,7.0,14.0,197.0
99,53.0,11.90566037735849,27.18261898780698,0.0,0.0,7.0,14.0,183.0
100,50.0,14.44,27.044302278193197,0.0,0.0,7.0,14.0,176.0
101,56.0,15.517857142857142,34.97946986002378,0.0,0.0,7.0,14.0,211.0
102,44.0,12.75,31.419979571588996,0.0,0.0,7.0,14.0,204.0
103,30.0,16.6,38.38516236327746,0.0,0.0,7.0,12.25,190.0
104,52.0,9.846153846153847,28.444913819028276,0.0,0.0,0.0,7.0,197.0
105,24.0,22.5,50.30688430717661,0.0,0.0,0.0,14.0,189.0
106,57.0,17.45614035087719,29.599149466206068,0.0,0.0,7.0,21.0,190.0
107,28.0,19.285714285714285,48.95868034324844,0.0,0.0,7.0,14.0,253.0
108,40.0,14.55,43.28673036440874,0.0,0.0,7.0,14.0,274.0
109,52.0,19.403846153846153,41.495692956458164,0.0,7.0,7.0,14.0,288.0
110,48.0,25.833333333333332,74.61285421550632,0.0,0.0,0.0,8.75,456.0
111,50.0,12.48,27.450318759533562,0.0,0.0,7.0,14.0,183.0
112,39.0,22.28205128205128,79.49774863344732,0.0,0.0,7.0,14.0,498.0
113,53.0,15.075471698113208,34.65092354003091,0.0,0.0,7.0,14.0,246.0
114,38.0,28.763157894736842,49.44963815926769,0.0,0.0,7.0,33.25,203.0
115,51.0,25.823529411764707,51.6045369642449,0.0,0.0,14.0,28.0,301.0
116,50.0,16.82,31.271484043545396,0.0,0.0,7.0,21.0,211.0
117,52.0,17.51923076923077,45.757026840465,0.0,0.0,0.0,15.75,252.0
118,24.0,26.875,48.628415829501954,0.0,0.0,7.0,24.5,190.0
119,38.0,32.26315789473684,61.96672350698084,0.0,0.0,7.0,28.0,239.0
