id,count,mean,std,min,25%,50%,75%,max
0,41.0,8.902439024390244,22.767086855863642,0.0,0.0,0.0,7.0,134.0
1,53.0,6.226415094339623,17.950403369620286,0.0,0.0,0.0,7.0,120.0
2,52.0,9.038461538461538,21.004165355771924,0.0,0.0,0.0,7.0,120.0
3,51.0,16.49019607843137,27.370328861027307,0.0,0.0,7.0,14.0,134.0
4,43.0,20.53488372093023,31.842879773162196,0.0,7.0,7.0,21.0,147.0
5,53.0,7.679245283018868,21.536885698106275,0.0,0.0,0.0,7.0,148.0
6,38.0,3.1578947368421053,19.46657053569151,0.0,0.0,0.0,0.0,120.0
7,58.0,18.482758620689655,31.82365961913791,0.0,0.0,7.0,21.0,168.0
8,54.0,18.944444444444443,29.113581520156835,0.0,0.0,10.5,21.0,155.0
9,54.0,10.12962962962963,21.514406140034424,0.0,0.0,0.0,12.25,141.0
10,35.0,9.82857142857143,22.742142423632973,0.0,0.0,0.0,10.5,120.0
11,43.0,13.046511627906977,30.431776537951475,0.0,0.0,0.0,10.5,154.0
12,45.0,19.77777777777778,31.639940875195368,0.0,0.0,7.0,21.0,127.0
13,59.0,8.322033898305085,20.216450008949355,0.0,0.0,0.0,7.0,127.0
14,55.0,8.927272727272728,20.162170798630076,0.0,0.0,0.0,10.5,134.0
15,39.0,9.0,22.494443758403985,0.0,0.0,0.0,7.0,120.0
16,51.0,13.745098039215685,24.230429742169164,0.0,0.0,7.0,17.5,141.0
17,54.0,17.0,27.49476794139102,0.0,0.0,7.0,21.0,127.0
18,56.0,12.642857142857142,29.232875995376144,0.0,0.0,7.0,8.75,175.0
19,54.0,17.25925925925926,22.640909030008075,0.0,7.0,7.0,21.0,141.0
20,56.0,20.017857142857142,26.35249932699403,0.0,5.25,14.0,21.0,134.0
21,54.0,10.777777777777779,21.262658087144647,0.0,0.0,7.0,7.0,148.0
22,36.0,7.611111111111111,26.394022892398276,0.0,0.0,0.0,0.0,127.0
23,51.0,11.411764705882353,30.1809055335245,0.0,0.0,0.0,7.0,154.0
24,53.0,14.018867924528301,24.57992502182166,0.0,0.0,7.0,21.0,141.0
25,40.0,20.5,33.41733006567025,0.0,0.0,7.0,21.0,120.0
26,54.0,11.944444444444445,26.575926591820586,0.0,0.0,0.0,14.0,133.0
27,54.0,14.277777777777779,23.297434198889206,0.0,0.0,7.0,14.0,141.0
28,53.0,13.226415094339623,22.75846546590619,0.0,0.0,7.0,14.0,120.0
29,58.0,10.39655172413793,21.051265457793047,0.0,0.0,7.0,7.0,134.0
30,41.0,8.048780487804878,21.007083590437055,0.0,0.0,0.0,7.0,134.0
31,27.0,7.555555555555555,25.41400784748039,0.0,0.0,0.0,0.0,127.0
32,54.0,9.222222222222221,21.953352489644747,0.0,0.0,0.0,7.0,148.0
33,25.0,4.8,24.000000000000004,0.0,0.0,0.0,0.0,120.0
34,54.0,19.462962962962962,25.230793526930587,0.0,0.0,14.0,21.0,148.0
35,30.0,7.266666666666667,23.17390526125174,0.0,0.0,0.0,7.0,127.0
36,41.0,25.463414634146343,37.15245453598968,0.0,0.0,7.0,35.0,155.0
37,52.0,14.961538461538462,26.28647720523305,0.0,0.0,7.0,15.75,141.0
38,49.0,22.591836734693878,26.428297939382873,0.0,7.0,14.0,28.0,162.0
39,50.0,14.3,28.524425623364568,0.0,0.0,7.0,14.0,155.0
40,42.0,31.523809523809526,54.61806995511074,0.0,7.0,7.0,21.0,267.0
41,53.0,10.18867924528302,24.16295368770897,0.0,0.0,7.0,14.0,169.0
42,38.0,5.368421052631579,22.795709710893593,0.0,0.0,0.0,5.25,141.0
43,57.0,16.228070175438596,27.179310371690846,0.0,0.0,7.0,21.0,162.0
44,53.0,10.056603773584905,24.121818318963072,0.0,0.0,7.0,7.0,169.0
45,54.0,14.537037037037036,25.397751321470995,0.0,0.0,7.0,21.0,162.0
46,32.0,8.5625,25.036666659508708,0.0,0.0,0.0,7.0,134.0
47,43.0,15.325581395348838,31.22858956471698,0.0,0.0,0.0,17.5,148.0
48,40.0,13.5,28.944686417283428,0.0,0.0,3.5,14.0,162.0
49,58.0,12.206896551724139,22.80409213868889,0.0,0.0,7.0,14.0,155.0
50,54.0,18.296296296296298,34.942880414816074,0.0,0.0,7.0,14.0,162.0
51,39.0,14.384615384615385,27.892288487770596,0.0,0.0,7.0,14.0,148.0
52,50.0,11.64,27.269449153638167,0.0,0.0,0.0,14.0,169.0
53,52.0,17.923076923076923,33.225224385170776,0.0,0.0,7.0,14.0,169.0
54,54.0,15.444444444444445,31.31559781748812,0.0,0.0,7.0,14.0,162.0
55,54.0,16.35185185185185,32.23098088146577,0.0,0.0,7.0,14.0,168.0
56,54.0,10.38888888888889,21.822108113464274,0.0,0.0,7.0,12.25,148.0
57,54.0,12.981481481481481,25.42431664782919,0.0,0.0,7.0,14.0,169.0
58,35.0,9.628571428571428,26.792322994256608,0.0,0.0,0.0,7.0,155.0
59,50.0,20.6,40.422765862815474,0.0,0.0,7.0,19.25,197.0
60,48.0,13.145833333333334,26.65140576176075,0.0,0.0,7.0,14.0,162.0
61,39.0,16.17948717948718,28.071217507647816,0.0,0.0,0.0,24.5,134.0
62,54.0,16.87037037037037,30.38125433477981,0.0,1.75,7.0,19.25,161.0
63,53.0,14.679245283018869,26.950648333079013,0.0,0.0,7.0,14.0,169.0
64,53.0,11.11320754716981,22.362967652037952,0.0,0.0,7.0,14.0,155.0
65,58.0,11.724137931034482,22.953647497823205,0.0,0.0,7.0,14.0,162.0
66,41.0,10.097560975609756,29.13915310887465,0.0,0.0,0.0,7.0,183.0
67,27.0,10.666666666666666,31.682317320064055,0.0,0.0,0.0,7.0,155.0
68,54.0,8.444444444444445,23.57778508862812,0.0,0.0,0.0,7.0,169.0
69,25.0,7.04,28.19793136620723,0.0,0.0,0.0,0.0,141.0
70,54.0,17.38888888888889,28.720787729425915,0.0,0.0,7.0,21.0,183.0
71,30.0,9.833333333333334,26.01469522819923,0.0,0.0,0.0,7.0,141.0
72,39.0,16.71794871794872,35.82703236821451,0.0,0.0,0.0,21.0,169.0
73,50.0,14.16,30.362006333103693,0.0,1.75,7.0,14.0,183.0
74,49.0,15.448979591836734,44.03647220604463,0.0,0.0,0.0,21.0,302.0
75,50.0,20.46,30.463233108594554,0.0,7.0,7.0,26.25,176.0
76,39.0,27.128205128205128,84.26592602469232,0.0,0.0,7.0,21.0,526.0
77,52.0,11.192307692307692,27.715670135155026,0.0,0.0,3.5,8.75,183.0
78,37.0,7.594594594594595,25.792397091929008,0.0,0.0,0.0,7.0,155.0
79,54.0,19.462962962962962,40.608909219977065,0.0,0.0,7.0,21.0,210.0
80,50.0,13.6,31.409734614788274,0.0,0.0,7.0,14.0,204.0
81,53.0,18.11320754716981,38.97270266449745,0.0,0.0,7.0,14.0,210.0
82,32.0,14.6875,36.72516716402808,0.0,0.0,0.0,8.75,176.0
83,43.0,17.27906976744186,34.55452942634249,0.0,0.0,7.0,14.0,183.0
84,40.0,17.525,41.946845179498546,0.0,0.0,0.0,14.0,189.0
85,58.0,15.586206896551724,34.135454883402296,0.0,0.0,7.0,14.0,246.0
86,52.0,21.01923076923077,39.26056265247403,0.0,0.0,7.0,21.0,217.0
87,38.0,23.605263157894736,61.060687345607775,0.0,0.0,7.0,28.0,379.0
88,49.0,11.73469387755102,38.68557844458109,0.0,0.0,0.0,7.0,196.0
89,52.0,18.46153846153846,43.340178134428356,0.0,0.0,7.0,14.0,288.0
90,54.0,16.87037037037037,32.9104251970814,0.0,0.0,7.0,14.0,176.0
91,54.0,18.037037037037038,32.83576223603229,0.0,0.0,7.0,21.0,190.0
92,53.0,10.849056603773585,37.49379242283627,0.0,0.0,7.0,7.0,274.0
93,53.0,13.88679245283019,29.459659756611696,0.0,0.0,7.0,14.0,211.0
94,33.0,21.87878787878788,43.29893010785427,0.0,0.0,7.0,14.0,190.0
95,50.0,18.64,36.946602395503554,0.0,0.0,7.0,14.0,211.0
96,48.0,11.833333333333334,27.606145887829793,0.0,0.0,0.0,8.75,176.0
97,36.0,30.36111111111111,63.130772563342234,0.0,0.0,7.0,17.5,287.0
98,53.0,16.132075471698112,30.63936491097752,0.0,0.0,7.0,21.0,190.0
99,50.0,26.34,47.48903632869982,0.0,1.75,7.0,21.0,238.0
100,50.0,12.34,27.78607050818295,0.0,0.0,0.0,14.0,183.0
101,56.0,12.767857142857142,33.43215168417621,0.0,0.0,3.5,8.75,218.0
102,41.0,18.975609756097562,34.1141376887047,0.0,0.0,7.0,21.0,204.0
103,27.0,16.37037037037037,46.00597632427615,0.0,0.0,7.0,10.5,239.0
104,51.0,10.450980392156863,27.327871285916288,0.0,0.0,7.0,7.0,190.0
105,24.0,9.666666666666666,32.89200598885715,0.0,0.0,0.0,7.0,162.0
106,47.0,23.106382978723403,41.47929501442397,0.0,0.0,7.0,28.0,204.0
107,28.0,15.785714285714286,36.3851385441681,0.0,0.0,7.0,7.0,169.0
108,39.0,16.53846153846154,64.34276884649906,0.0,0.0,0.0,7.0,400.0
109,50.0,20.6,40.05353560281182,0.0,0.0,7.0,28.0,253.0
110,49.0,24.591836734693878,72.31669884592901,0.0,0.0,0.0,7.0,435.0
111,50.0,13.18,28.57406416415318,0.0,0.0,7.0,14.0,190.0
112,39.0,25.333333333333332,88.2118661707898,0.0,0.0,7.0,10.5,547.0
113,52.0,14.423076923076923,32.13961342535441,0.0,0.0,7.0,14.0,218.0
114,37.0,10.621621621621621,32.34909525727055,0.0,0.0,0.0,7.0,197.0
115,54.0,20.88888888888889,39.59639142442753,0.0,0.0,7.0,21.0,190.0
116,49.0,15.877551020408163,38.81399696687031,0.0,0.0,7.0,14.0,267.0
117,53.0,22.735849056603772,49.4407769042908,0.0,0.0,7.0,14.0,225.0
118,32.0,21.46875,51.39347540803335,0.0,0.0,0.0,7.0,197.0
119,39.0,25.333333333333332,43.282020901678486,0.0,0.0,7.0,21.0,211.0
