id,count,mean,std,min,25%,50%,75%,max
0,25.0,40.76,53.31531987462266,7.0,14.0,21.0,42.0,259.0
1,47.0,52.808510638297875,43.592798716158306,7.0,21.0,42.0,77.0,175.0
2,44.0,43.84090909090909,41.09486652817219,7.0,14.0,35.0,50.75,182.0
3,47.0,52.06382978723404,49.28065334093622,7.0,14.0,35.0,66.5,238.0
4,33.0,42.121212121212125,40.098127742886554,7.0,7.0,28.0,63.0,130.0
5,43.0,35.093023255813954,36.77461207168956,7.0,7.0,21.0,49.0,154.0
6,37.0,39.45945945945946,31.024716485941227,7.0,21.0,35.0,49.0,168.0
7,41.0,38.34146341463415,56.27104484372827,7.0,14.0,14.0,49.0,336.0
8,42.0,49.42857142857143,43.022480145958674,7.0,14.0,35.0,77.0,168.0
9,35.0,25.314285714285713,29.96838670467051,7.0,7.0,14.0,35.0,130.0
10,30.0,28.133333333333333,30.437877189713678,7.0,7.0,14.0,40.25,130.0
11,27.0,31.51851851851852,42.1456908741482,7.0,7.0,14.0,28.0,154.0
12,25.0,60.36,95.49994764396469,7.0,14.0,28.0,56.0,455.0
13,36.0,36.083333333333336,36.72397037358569,7.0,14.0,14.0,50.75,133.0
14,42.0,32.26190476190476,31.566468411761054,7.0,8.75,21.0,40.25,133.0
15,18.0,36.388888888888886,45.60203670488838,7.0,7.0,14.0,40.25,147.0
16,35.0,50.714285714285715,45.473050473084946,7.0,14.0,35.0,87.5,154.0
17,38.0,56.473684210526315,65.88308105912722,7.0,28.0,35.0,68.25,378.0
18,36.0,32.19444444444444,31.977509457603336,7.0,14.0,14.0,49.0,130.0
19,34.0,39.64705882352941,39.11124952711422,7.0,14.0,21.0,59.5,182.0
20,37.0,24.324324324324323,28.770214201935048,7.0,7.0,14.0,28.0,130.0
21,39.0,32.58974358974359,37.05026312053593,7.0,7.0,14.0,52.5,140.0
22,38.0,41.36842105263158,63.48927172732864,7.0,7.0,14.0,35.0,266.0
23,37.0,43.62162162162162,45.90288743723074,7.0,14.0,21.0,63.0,175.0
24,42.0,44.42857142857143,39.91340801501198,7.0,7.0,31.5,70.0,133.0
25,38.0,27.55263157894737,34.81355542796905,7.0,7.0,7.0,35.0,140.0
26,46.0,53.04347826086956,44.77993425717924,7.0,21.0,35.0,70.0,196.0
27,48.0,41.791666666666664,52.95721208727606,7.0,7.0,21.0,56.0,280.0
28,35.0,43.91428571428571,56.46673743873281,7.0,7.0,21.0,52.5,259.0
29,36.0,42.5,46.400431032480725,7.0,7.0,21.0,56.0,182.0
30,33.0,43.60606060606061,42.27805236906274,7.0,14.0,21.0,77.0,147.0
31,26.0,35.15384615384615,47.376527781332655,7.0,7.0,21.0,28.0,224.0
32,32.0,41.03125,45.44225997830086,7.0,7.0,14.0,54.25,168.0
33,13.0,20.76923076923077,33.598496608612926,7.0,7.0,7.0,21.0,130.0
34,36.0,54.166666666666664,49.28894399355702,7.0,14.0,42.0,70.0,210.0
35,23.0,37.0,41.87535617216234,7.0,7.0,21.0,35.0,140.0
36,33.0,32.15151515151515,52.15309267682575,7.0,7.0,14.0,28.0,273.0
37,40.0,51.025,41.214565199882735,7.0,19.25,42.0,64.75,168.0
38,37.0,59.7027027027027,57.247932939328265,7.0,21.0,42.0,77.0,231.0
39,45.0,55.93333333333333,53.55048594975162,7.0,21.0,42.0,77.0,245.0
40,31.0,37.38709677419355,49.48109229416481,7.0,7.0,14.0,38.5,182.0
41,47.0,39.851063829787236,37.05752210409969,7.0,14.0,28.0,49.0,158.0
42,37.0,39.08108108108108,33.58602419193169,7.0,21.0,28.0,49.0,175.0
43,53.0,30.32075471698113,33.188722357559065,7.0,7.0,21.0,35.0,151.0
44,37.0,42.486486486486484,44.86313855718524,7.0,7.0,21.0,63.0,172.0
45,47.0,34.93617021276596,43.98092682225229,7.0,7.0,21.0,42.0,238.0
46,15.0,25.933333333333334,35.553715230150935,7.0,7.0,14.0,24.5,137.0
47,41.0,26.5609756097561,35.96459980347884,7.0,7.0,14.0,21.0,175.0
48,25.0,27.88,34.22148447978258,7.0,7.0,14.0,35.0,144.0
49,41.0,30.48780487804878,35.23430285334131,7.0,7.0,14.0,35.0,144.0
50,40.0,41.4,42.87596900302916,7.0,14.0,24.5,50.75,182.0
51,36.0,28.694444444444443,42.3008405485176,7.0,7.0,7.0,22.75,161.0
52,28.0,48.642857142857146,54.88183554707216,7.0,7.0,21.0,71.75,175.0
53,37.0,56.108108108108105,60.442251494842296,7.0,21.0,42.0,63.0,301.0
54,46.0,37.52173913043478,36.63194667101671,7.0,8.75,21.0,56.0,140.0
55,51.0,40.15686274509804,41.68470825087762,7.0,14.0,28.0,49.0,175.0
56,41.0,26.048780487804876,32.0124594646461,7.0,7.0,14.0,28.0,151.0
57,38.0,44.86842105263158,38.084664610846005,7.0,14.0,35.0,56.0,158.0
58,27.0,41.111111111111114,62.69850527805718,7.0,7.0,14.0,42.0,266.0
59,41.0,57.1219512195122,48.25670685094001,7.0,21.0,35.0,77.0,189.0
60,36.0,39.77777777777778,49.777281743560266,7.0,7.0,14.0,50.75,224.0
61,20.0,25.05,33.336363897322954,7.0,7.0,14.0,21.0,137.0
62,42.0,55.26190476190476,46.476880968671665,7.0,28.0,42.0,70.0,224.0
63,44.0,48.93181818181818,57.06438539350324,7.0,7.0,24.5,78.75,252.0
64,36.0,39.583333333333336,40.02311831929141,7.0,7.0,24.5,57.75,151.0
65,42.0,40.92857142857143,35.59829596986615,7.0,14.0,35.0,49.0,144.0
66,38.0,44.13157894736842,42.69386376102484,7.0,7.0,21.0,80.5,172.0
67,28.0,41.642857142857146,50.569507929928804,7.0,7.0,24.5,43.75,210.0
68,38.0,39.71052631578947,50.99385648992931,7.0,7.0,14.0,47.25,189.0
69,12.0,20.166666666666668,39.12179892994635,7.0,7.0,7.0,14.0,144.0
70,38.0,49.8421052631579,48.33415574585219,7.0,14.0,28.0,77.0,182.0
71,27.0,30.48148148148148,38.70934131980426,7.0,7.0,14.0,28.0,147.0
72,29.0,29.344827586206897,41.115061423547324,7.0,7.0,14.0,28.0,165.0
73,37.0,56.108108108108105,43.86645376327753,7.0,21.0,49.0,77.0,179.0
74,30.0,46.8,51.961126052941296,7.0,7.0,28.0,61.25,182.0
75,42.0,48.76190476190476,49.2275995975535,7.0,14.0,28.0,63.0,189.0
76,25.0,49.16,56.94052452632776,7.0,7.0,35.0,63.0,203.0
77,43.0,46.97674418604651,41.58553341184031,7.0,21.0,35.0,56.0,179.0
78,38.0,43.39473684210526,36.08513916902352,7.0,21.0,35.0,54.25,175.0
79,50.0,39.28,53.552964437087894,7.0,7.0,17.5,49.0,266.0
80,35.0,42.114285714285714,42.38116356602404,7.0,7.0,35.0,52.5,193.0
81,43.0,40.13953488372093,43.43390238015682,7.0,14.0,28.0,45.5,196.0
82,14.0,44.285714285714285,59.74874130818229,7.0,7.0,21.0,35.0,196.0
83,40.0,23.55,33.2812028258965,7.0,7.0,14.0,22.75,161.0
84,24.0,25.833333333333332,35.89800365851375,7.0,7.0,14.0,28.0,172.0
85,44.0,26.5,35.4187573482332,7.0,7.0,14.0,28.0,207.0
86,41.0,51.48780487804878,77.68562349341721,7.0,14.0,28.0,56.0,441.0
87,36.0,32.0,34.762048271067115,7.0,14.0,21.0,29.75,161.0
88,37.0,41.54054054054054,48.62189412793981,7.0,7.0,21.0,49.0,179.0
89,37.0,63.108108108108105,64.49193911032766,7.0,21.0,49.0,77.0,308.0
90,47.0,45.51063829787234,40.59335581767342,7.0,17.5,35.0,56.0,175.0
91,49.0,36.36734693877551,33.90838998779839,7.0,14.0,21.0,49.0,179.0
92,43.0,23.53488372093023,31.00487583560681,7.0,7.0,14.0,28.0,186.0
93,39.0,55.205128205128204,49.797579463040854,7.0,17.5,42.0,70.0,182.0
94,23.0,46.43478260869565,57.56800412394223,7.0,10.5,28.0,49.0,231.0
95,42.0,56.92857142857143,50.10447273600741,7.0,21.0,35.0,75.25,207.0
96,38.0,38.60526315789474,47.85876715056625,7.0,7.0,17.5,52.5,200.0
97,21.0,26.857142857142858,47.35956684164849,7.0,7.0,7.0,21.0,168.0
98,42.0,44.26190476190476,45.317341495125575,7.0,14.0,24.5,56.0,182.0
99,45.0,52.51111111111111,51.382090186359605,7.0,7.0,35.0,84.0,210.0
100,38.0,47.26315789473684,45.06372917386527,7.0,7.0,31.5,80.5,172.0
101,42.0,41.76190476190476,36.520498436350636,7.0,14.0,31.5,56.0,179.0
102,39.0,41.92307692307692,43.65015500990419,7.0,10.5,28.0,49.0,207.0
103,29.0,37.06896551724138,43.796551588389725,7.0,14.0,21.0,35.0,182.0
104,37.0,40.5945945945946,54.9411096131624,7.0,7.0,21.0,42.0,203.0
105,10.0,27.7,48.66678082178393,7.0,7.0,14.0,14.0,165.0
106,37.0,52.891891891891895,53.142776128601476,7.0,14.0,28.0,77.0,200.0
107,23.0,46.43478260869565,47.037534419533245,7.0,14.0,21.0,73.5,158.0
108,29.0,31.03448275862069,43.278568400059406,7.0,7.0,14.0,28.0,200.0
109,41.0,46.707317073170735,49.56371853606175,7.0,14.0,28.0,63.0,221.0
110,37.0,54.78378378378378,60.66581278480361,7.0,7.0,35.0,70.0,242.0
111,42.0,63.76190476190476,54.54325181206756,7.0,15.75,49.0,91.0,196.0
112,26.0,67.46153846153847,101.03632248621514,7.0,7.0,28.0,96.25,487.0
113,40.0,53.475,48.09765040372528,7.0,21.0,42.0,64.75,214.0
114,31.0,44.16129032258065,43.657833794324965,7.0,10.5,35.0,56.0,175.0
115,49.0,43.93877551020408,84.41129667765281,7.0,7.0,21.0,35.0,532.0
116,36.0,37.44444444444444,45.91199310758694,7.0,7.0,17.5,50.75,221.0
117,36.0,40.55555555555556,46.436097070179265,7.0,7.0,28.0,47.25,214.0
118,20.0,34.85,43.547040506125164,7.0,7.0,10.5,50.75,186.0
119,34.0,18.647058823529413,34.185662733694215,7.0,7.0,7.0,14.0,200.0
120,23.0,25.130434782608695,38.15435677234597,7.0,7.0,14.0,28.0,186.0
121,45.0,40.06666666666667,44.31365478043986,7.0,7.0,28.0,56.0,263.0
122,40.0,59.075,87.26687258795317,7.0,14.0,35.0,59.5,497.0
123,36.0,45.416666666666664,74.02330714038654,7.0,21.0,28.0,36.75,445.0
124,33.0,37.878787878787875,42.682518066356494,7.0,14.0,28.0,49.0,186.0
125,38.0,59.973684210526315,71.90063971527061,7.0,14.0,35.0,77.0,333.0
126,42.0,48.095238095238095,42.692210704295654,7.0,21.0,28.0,61.25,196.0
127,46.0,40.26086956521739,42.96739579552472,7.0,7.0,31.5,49.0,193.0
128,41.0,26.21951219512195,49.42798407538079,7.0,7.0,7.0,28.0,312.0
129,38.0,53.526315789473685,50.3859358552135,7.0,14.0,35.0,73.5,196.0
