id,count,mean,std,min,25%,50%,75%,max
0,25.0,28.32,28.956461570203405,7.0,7.0,14.0,42.0,120.0
1,52.0,42.82692307692308,33.246389250414026,7.0,14.0,42.0,56.0,140.0
2,40.0,27.325,33.31465181629587,7.0,7.0,14.0,29.75,168.0
3,52.0,40.13461538461539,37.26641175304123,7.0,14.0,28.0,49.0,154.0
4,39.0,41.84615384615385,42.42984206871042,7.0,10.5,28.0,56.0,210.0
5,39.0,28.564102564102566,35.62952270223674,7.0,7.0,14.0,24.5,154.0
6,34.0,22.88235294117647,23.646083288823135,7.0,7.0,10.5,35.0,120.0
7,41.0,26.146341463414632,22.187339831094846,7.0,14.0,21.0,28.0,120.0
8,41.0,42.8780487804878,43.45526154676279,7.0,7.0,28.0,56.0,168.0
9,38.0,21.763157894736842,37.10426085427336,7.0,7.0,7.0,19.25,196.0
10,30.0,13.566666666666666,21.047865537345135,7.0,7.0,7.0,7.0,120.0
11,27.0,19.22222222222222,24.911124072672887,7.0,7.0,14.0,21.0,120.0
12,35.0,33.02857142857143,41.70166149482022,7.0,7.0,14.0,38.5,140.0
13,50.0,25.22,28.032990768531484,7.0,7.0,21.0,28.0,133.0
14,41.0,25.121951219512194,22.89235147593102,7.0,7.0,14.0,35.0,120.0
15,26.0,33.96153846153846,42.622511206385546,7.0,7.0,17.5,40.25,189.0
16,42.0,33.523809523809526,31.808296275701935,7.0,7.0,21.0,47.25,133.0
17,48.0,42.75,79.46938390803973,7.0,14.0,21.0,42.0,539.0
18,48.0,36.770833333333336,35.020504378868594,7.0,14.0,21.0,50.75,154.0
19,41.0,41.51219512195122,34.753504824132136,7.0,21.0,35.0,49.0,182.0
20,51.0,26.647058823529413,36.127454119775315,7.0,7.0,14.0,28.0,203.0
21,42.0,46.69047619047619,39.330053112301954,7.0,14.0,31.5,63.0,168.0
22,24.0,21.916666666666668,31.998528045856254,7.0,7.0,7.0,15.75,120.0
23,47.0,45.744680851063826,59.18778813716426,7.0,14.0,28.0,49.0,364.0
24,42.0,39.19047619047619,33.54228354083195,7.0,14.0,35.0,54.25,140.0
25,24.0,21.333333333333332,25.73893458601557,7.0,7.0,10.5,22.75,120.0
26,42.0,26.357142857142858,29.847434361751993,7.0,7.0,14.0,33.25,120.0
27,38.0,34.473684210526315,27.76809061368848,7.0,14.0,28.0,49.0,120.0
28,50.0,39.5,34.27514718109485,7.0,8.75,28.0,54.25,133.0
29,35.0,19.228571428571428,19.899875427168052,7.0,7.0,14.0,24.5,120.0
30,37.0,40.513513513513516,39.99973723637417,7.0,14.0,28.0,63.0,161.0
31,15.0,50.46666666666667,60.42571196656823,7.0,7.0,21.0,77.0,224.0
32,34.0,45.3235294117647,44.196339206850475,7.0,8.75,31.5,56.0,168.0
33,28.0,19.035714285714285,24.61327877515493,7.0,7.0,14.0,21.0,120.0
34,38.0,40.0,36.98794544318606,7.0,14.0,24.5,54.25,147.0
35,21.0,26.38095238095238,34.916294463296346,7.0,7.0,14.0,28.0,133.0
36,30.0,26.633333333333333,31.566550752921696,7.0,7.0,7.0,42.0,148.0
37,44.0,37.56818181818182,34.92942900436285,7.0,7.0,28.0,50.75,148.0
38,48.0,36.333333333333336,33.46406986054156,7.0,14.0,28.0,49.0,161.0
39,50.0,42.58,40.952481173742264,7.0,14.0,28.0,49.0,203.0
40,31.0,30.06451612903226,28.65185914139019,7.0,7.0,21.0,38.5,134.0
41,47.0,32.04255319148936,37.81991507061056,7.0,7.0,14.0,35.0,162.0
42,28.0,23.535714285714285,27.29873439320767,7.0,7.0,14.0,29.75,127.0
43,54.0,30.87037037037037,32.343700384730546,7.0,7.0,21.0,40.25,141.0
44,34.0,35.029411764705884,37.22371783339842,7.0,7.0,14.0,47.25,162.0
45,46.0,26.804347826086957,34.72726726633467,7.0,7.0,14.0,28.0,168.0
46,14.0,20.071428571428573,32.83634076332615,7.0,7.0,7.0,12.25,127.0
47,46.0,17.82608695652174,20.716396456082894,7.0,7.0,7.0,26.25,134.0
48,16.0,20.625,31.901671847517125,7.0,7.0,7.0,21.0,134.0
49,41.0,29.902439024390244,30.678009125470297,7.0,7.0,21.0,35.0,134.0
50,43.0,31.441860465116278,29.006815558368505,7.0,14.0,21.0,35.0,141.0
51,42.0,27.857142857142858,35.407434405076934,7.0,7.0,7.0,35.0,161.0
52,31.0,30.06451612903226,35.12068287478758,7.0,7.0,14.0,35.0,148.0
53,39.0,44.35897435897436,68.38147147455692,7.0,7.0,21.0,52.5,392.0
54,47.0,32.191489361702125,32.13060189551952,7.0,14.0,21.0,35.0,127.0
55,48.0,38.958333333333336,34.2965529769289,7.0,14.0,28.0,49.0,148.0
56,33.0,18.272727272727273,26.745645354983406,7.0,7.0,7.0,21.0,148.0
57,38.0,44.421052631578945,42.2723675504635,7.0,14.0,31.5,56.0,203.0
58,36.0,23.166666666666668,30.268795813510653,7.0,7.0,14.0,21.0,141.0
59,47.0,43.95744680851064,47.95376280598368,7.0,7.0,28.0,59.5,210.0
60,35.0,37.22857142857143,53.17567207699717,7.0,7.0,14.0,42.0,231.0
61,18.0,30.38888888888889,44.5290901465665,7.0,7.0,10.5,21.0,161.0
62,48.0,34.583333333333336,30.646115531387018,7.0,14.0,21.0,43.75,134.0
63,51.0,35.294117647058826,30.294748137356784,7.0,7.0,28.0,49.0,148.0
64,42.0,30.357142857142858,34.523107446103275,7.0,7.0,14.0,40.25,161.0
65,45.0,29.11111111111111,29.744535191146852,7.0,7.0,21.0,35.0,141.0
66,37.0,42.972972972972975,34.967037245006814,7.0,21.0,35.0,56.0,141.0
67,26.0,38.53846153846154,54.73735892001424,7.0,7.0,14.0,49.0,238.0
68,32.0,35.90625,42.56710783404058,7.0,7.0,14.0,49.0,175.0
69,11.0,24.272727272727273,36.433750586759274,7.0,7.0,7.0,21.0,127.0
70,43.0,41.69767441860465,41.157383694279446,7.0,14.0,21.0,63.0,168.0
71,31.0,19.677419354838708,30.976751601563166,7.0,7.0,7.0,14.0,134.0
72,28.0,37.785714285714285,46.50556091229517,7.0,7.0,14.0,49.0,168.0
73,45.0,39.53333333333333,39.13531304682163,7.0,14.0,21.0,49.0,162.0
74,29.0,39.86206896551724,51.29377861045071,7.0,7.0,21.0,35.0,210.0
75,47.0,42.46808510638298,41.9740349677138,7.0,14.0,28.0,59.5,175.0
76,27.0,39.18518518518518,49.55341875735024,7.0,7.0,21.0,49.0,197.0
77,47.0,38.8936170212766,40.28821925260275,7.0,17.5,21.0,38.5,190.0
78,32.0,23.65625,31.470015811265338,7.0,7.0,14.0,28.0,148.0
79,46.0,45.21739130434783,51.97046727324119,7.0,7.0,21.0,63.0,224.0
80,41.0,29.390243902439025,35.94918500382205,7.0,7.0,14.0,35.0,190.0
81,41.0,36.5609756097561,44.86259509908438,7.0,7.0,21.0,42.0,189.0
82,13.0,21.076923076923077,36.97851073813352,7.0,7.0,7.0,14.0,141.0
83,40.0,18.925,26.57103445097446,7.0,7.0,7.0,14.0,155.0
84,17.0,36.705882352941174,49.031577460196964,7.0,7.0,21.0,35.0,183.0
85,44.0,25.0,32.319624681219366,7.0,7.0,14.0,35.0,169.0
86,41.0,33.48780487804878,41.622783395166834,7.0,7.0,21.0,28.0,168.0
87,38.0,22.31578947368421,28.073364565162738,7.0,7.0,7.0,28.0,155.0
88,31.0,41.354838709677416,50.913356719755946,7.0,7.0,21.0,56.0,197.0
89,38.0,47.0,68.07269564143829,7.0,7.0,28.0,63.0,378.0
90,47.0,33.97872340425532,32.36644086066691,7.0,14.0,28.0,49.0,169.0
91,50.0,38.94,35.57539277968089,7.0,14.0,28.0,56.0,169.0
92,40.0,19.625,26.94599299453517,7.0,7.0,7.0,21.0,155.0
93,41.0,33.829268292682926,32.48222778614822,7.0,7.0,28.0,49.0,169.0
94,32.0,37.875,50.93496802533536,7.0,14.0,21.0,42.0,259.0
95,46.0,45.52173913043478,48.65056314870354,7.0,7.0,21.0,63.0,197.0
96,40.0,32.4,40.98017031412094,7.0,7.0,17.5,35.0,182.0
97,22.0,17.227272727272727,28.35142025195617,7.0,7.0,7.0,14.0,141.0
98,46.0,41.26086956521739,34.15092956770231,7.0,21.0,35.0,49.0,175.0
99,51.0,47.509803921568626,37.668221380372934,7.0,21.0,35.0,66.5,176.0
100,41.0,40.829268292682926,45.29398549422671,7.0,7.0,28.0,49.0,210.0
101,48.0,29.041666666666668,30.863431734655112,7.0,7.0,17.5,36.75,169.0
102,34.0,48.61764705882353,43.78391478951945,7.0,14.0,49.0,63.0,182.0
103,25.0,55.2,88.53200927724767,7.0,7.0,14.0,35.0,364.0
104,41.0,30.073170731707318,41.95616179055375,7.0,7.0,14.0,35.0,190.0
105,17.0,25.58823529411765,38.69279458686302,7.0,7.0,7.0,14.0,148.0
106,32.0,46.625,52.031473105692356,7.0,7.0,31.5,50.75,203.0
107,25.0,24.96,33.00186863396274,7.0,7.0,14.0,35.0,155.0
108,28.0,34.785714285714285,45.25348944422194,7.0,7.0,14.0,49.0,169.0
109,45.0,38.91111111111111,42.513539138738025,7.0,7.0,21.0,42.0,183.0
110,45.0,42.022222222222226,49.83084517959866,7.0,7.0,21.0,56.0,232.0
111,50.0,45.8,41.97278029526142,7.0,14.0,35.0,63.0,189.0
112,28.0,59.535714285714285,105.49406939372788,7.0,12.25,21.0,57.75,533.0
113,47.0,39.48936170212766,41.33314931374591,7.0,14.0,28.0,42.0,211.0
114,28.0,25.535714285714285,34.07995190274073,7.0,7.0,14.0,28.0,162.0
115,50.0,33.62,37.94834835479856,7.0,7.0,21.0,47.25,183.0
116,40.0,26.8,37.16850058715627,7.0,7.0,14.0,36.75,218.0
117,33.0,41.81818181818182,44.84867232249924,7.0,14.0,28.0,49.0,204.0
118,18.0,20.27777777777778,38.931018263160496,7.0,7.0,7.0,12.25,169.0
119,38.0,20.473684210526315,30.51427387935142,7.0,7.0,7.0,14.0,176.0
