id,count,mean,std,min,25%,50%,75%,max
0,21.0,56.19047619047619,62.054507529766965,7.0,7.0,35.0,70.0,245.0
1,42.0,42.76190476190476,36.839010026031175,7.0,14.0,28.0,77.0,147.0
2,41.0,31.341463414634145,37.565682315178016,7.0,7.0,21.0,35.0,182.0
3,40.0,48.925,46.45835604230789,7.0,19.25,35.0,63.0,189.0
4,26.0,50.76923076923077,61.364685409318405,7.0,7.0,31.5,70.0,287.0
5,50.0,37.04,28.016729695971705,7.0,14.0,28.0,61.25,130.0
6,48.0,25.75,26.613466436086092,7.0,7.0,14.0,42.0,130.0
7,41.0,40.390243902439025,42.31777289082005,7.0,14.0,21.0,49.0,161.0
8,35.0,53.714285714285715,68.77481217652263,7.0,7.0,14.0,73.5,259.0
9,46.0,32.95652173913044,31.98051943274852,7.0,8.75,24.5,40.25,140.0
10,31.0,16.387096774193548,24.349780860553736,7.0,7.0,7.0,14.0,130.0
11,12.0,20.166666666666668,36.022299490816245,7.0,7.0,7.0,7.0,130.0
12,25.0,66.8,69.7698597772228,7.0,14.0,35.0,98.0,280.0
13,41.0,35.09756097560975,47.05093244455883,7.0,14.0,21.0,35.0,224.0
14,42.0,45.26190476190476,52.65537265516333,7.0,14.0,28.0,42.0,273.0
15,45.0,30.733333333333334,38.31828426601208,7.0,7.0,14.0,35.0,189.0
16,29.0,39.96551724137931,43.00040096044014,7.0,14.0,28.0,42.0,161.0
17,32.0,62.6875,119.27561941611025,7.0,14.0,24.5,42.0,567.0
18,41.0,50.97560975609756,71.69989114527233,7.0,7.0,28.0,63.0,427.0
19,47.0,41.638297872340424,53.75727474811317,7.0,7.0,14.0,52.5,273.0
20,33.0,38.09090909090909,45.27648647225983,7.0,7.0,14.0,42.0,175.0
21,34.0,57.35294117647059,72.5466964989139,7.0,14.0,35.0,66.5,371.0
22,28.0,24.642857142857142,31.301655719684394,7.0,7.0,14.0,22.75,130.0
23,43.0,62.44186046511628,92.06010001897606,7.0,14.0,28.0,63.0,504.0
24,33.0,48.484848484848484,57.427193695648896,7.0,7.0,21.0,63.0,217.0
25,13.0,36.38461538461539,39.838294938284484,7.0,7.0,14.0,63.0,130.0
26,39.0,57.717948717948715,96.70463677936482,7.0,14.0,35.0,63.0,588.0
27,44.0,42.09090909090909,45.26501713131809,7.0,7.0,21.0,71.75,203.0
28,39.0,46.94871794871795,53.666587036093176,7.0,7.0,21.0,63.0,252.0
29,38.0,40.63157894736842,63.372950599682625,7.0,8.75,28.0,49.0,385.0
30,35.0,47.714285714285715,57.130177164587394,7.0,14.0,21.0,59.5,238.0
31,30.0,17.4,26.04717206173816,7.0,7.0,7.0,14.0,130.0
32,29.0,44.55172413793103,57.877695066466636,7.0,7.0,14.0,56.0,238.0
33,11.0,24.545454545454547,37.803078277737214,7.0,7.0,7.0,21.0,130.0
34,36.0,63.111111111111114,66.11841229524833,7.0,14.0,49.0,87.5,259.0
35,26.0,28.96153846153846,33.09559580274181,7.0,7.0,14.0,33.25,130.0
36,27.0,50.7037037037037,62.517575876286934,7.0,7.0,21.0,59.5,238.0
37,43.0,47.30232558139535,41.282727209953954,7.0,14.0,35.0,70.0,154.0
38,46.0,44.21739130434783,43.36302215968412,7.0,14.0,35.0,56.0,189.0
39,50.0,47.68,49.99405678963965,7.0,14.0,28.0,56.0,245.0
40,25.0,62.32,74.9531631531763,7.0,7.0,21.0,84.0,301.0
41,42.0,42.595238095238095,40.689220436106,7.0,14.0,24.5,61.25,158.0
42,29.0,37.06896551724138,46.69194717544432,7.0,7.0,21.0,56.0,217.0
43,56.0,36.32142857142857,39.896277859131004,7.0,7.0,14.0,56.0,168.0
44,34.0,53.85294117647059,69.94072483959073,7.0,7.0,17.5,68.25,287.0
45,40.0,24.075,27.694660690631885,7.0,7.0,17.5,28.0,165.0
46,11.0,26.454545454545453,39.717410883298115,7.0,7.0,7.0,28.0,137.0
47,39.0,14.282051282051283,22.706304153540493,7.0,7.0,7.0,14.0,144.0
48,22.0,46.63636363636363,42.515594286987884,7.0,8.75,35.0,70.0,144.0
49,37.0,33.5945945945946,46.87006830913844,7.0,7.0,21.0,35.0,252.0
50,38.0,53.526315789473685,51.93173109157687,7.0,21.0,35.0,70.0,238.0
51,44.0,32.06818181818182,40.107064695360116,7.0,7.0,14.0,42.0,210.0
52,35.0,33.31428571428572,39.066889417248156,7.0,7.0,21.0,31.5,172.0
53,33.0,61.84848484848485,107.59301824820037,7.0,14.0,28.0,56.0,553.0
54,38.0,52.23684210526316,71.30195941757285,7.0,14.0,35.0,63.0,420.0
55,46.0,55.78260869565217,60.21882800567287,7.0,14.0,38.5,75.25,294.0
56,36.0,36.27777777777778,40.4274384271101,7.0,7.0,21.0,42.0,154.0
57,32.0,59.1875,65.6861734849639,7.0,19.25,49.0,70.0,357.0
58,30.0,20.666666666666668,26.245963017436484,7.0,7.0,14.0,21.0,144.0
59,43.0,59.02325581395349,89.96864225466165,7.0,14.0,28.0,56.0,511.0
60,36.0,47.94444444444444,61.22508563580055,7.0,7.0,21.0,64.75,238.0
61,20.0,25.05,32.55355910689821,7.0,7.0,7.0,36.75,137.0
62,37.0,61.78378378378378,94.17275353045332,7.0,14.0,35.0,77.0,553.0
63,43.0,53.651162790697676,58.96806388325408,7.0,14.0,28.0,73.5,217.0
64,37.0,44.945945945945944,57.22516246564285,7.0,7.0,14.0,56.0,231.0
65,37.0,39.270270270270274,51.27629333579271,7.0,7.0,21.0,42.0,238.0
66,31.0,64.25806451612904,83.5854723190322,7.0,7.0,28.0,77.0,315.0
67,27.0,29.962962962962962,33.071579108493516,7.0,7.0,14.0,42.0,137.0
68,35.0,38.114285714285714,46.985461724297,7.0,7.0,14.0,52.5,210.0
69,19.0,26.36842105263158,32.607447217393265,7.0,10.5,14.0,24.5,144.0
70,41.0,45.853658536585364,58.24455381218478,7.0,7.0,14.0,56.0,224.0
71,25.0,34.32,36.73862635791745,7.0,7.0,14.0,42.0,137.0
72,22.0,48.54545454545455,66.69741715048232,7.0,7.0,17.5,66.5,252.0
73,42.0,45.76190476190476,47.951097814849305,7.0,14.0,28.0,63.0,189.0
74,32.0,37.09375,47.33160941696363,7.0,7.0,21.0,49.0,196.0
75,48.0,48.0625,51.62030206330047,7.0,12.25,28.0,56.0,224.0
76,19.0,74.63157894736842,89.0213523239826,7.0,10.5,28.0,124.5,266.0
77,43.0,47.13953488372093,41.2007751865058,7.0,14.0,35.0,63.0,186.0
78,35.0,34.91428571428571,42.407942810815264,7.0,7.0,14.0,45.5,196.0
79,51.0,42.490196078431374,59.57998742833691,7.0,7.0,21.0,52.5,315.0
80,34.0,53.64705882352941,62.19757490787463,7.0,7.0,21.0,98.0,231.0
81,40.0,30.2,31.869284304032966,7.0,7.0,21.0,42.0,179.0
82,14.0,23.785714285714285,39.63715927768279,7.0,7.0,7.0,26.25,158.0
83,39.0,23.256410256410255,23.89639694126771,7.0,14.0,21.0,21.0,151.0
84,24.0,35.458333333333336,39.56939876774197,7.0,7.0,21.0,63.0,172.0
85,30.0,38.86666666666667,57.22835885704975,7.0,7.0,21.0,33.25,242.0
86,35.0,50.114285714285714,56.714336515439854,7.0,10.5,35.0,63.0,259.0
87,43.0,25.813953488372093,31.168708219832006,7.0,7.0,14.0,31.5,158.0
88,39.0,34.02564102564103,36.87353007203148,7.0,7.0,21.0,45.5,179.0
89,36.0,55.72222222222222,98.63253914291053,7.0,12.25,21.0,59.5,553.0
90,38.0,64.76315789473684,79.4706929528542,7.0,21.0,42.0,75.25,434.0
91,42.0,53.42857142857143,62.75237547039713,7.0,14.0,28.0,73.5,308.0
92,34.0,36.35294117647059,37.79280222712062,7.0,7.0,28.0,56.0,179.0
93,33.0,54.84848484848485,75.12494642765195,7.0,21.0,35.0,56.0,427.0
94,22.0,30.40909090909091,43.093098652976344,7.0,7.0,14.0,33.25,186.0
95,42.0,56.095238095238095,88.84236781082892,7.0,15.75,28.0,47.25,504.0
96,32.0,54.15625,58.59269434532911,7.0,14.0,28.0,71.75,231.0
97,14.0,30.785714285714285,42.710435711677285,7.0,8.75,17.5,28.0,172.0
98,35.0,69.11428571428571,103.33718977171755,7.0,14.0,35.0,66.5,560.0
99,42.0,64.26190476190476,70.01186642409864,7.0,21.0,31.5,84.0,259.0
100,37.0,47.21621621621622,57.39828449581976,7.0,7.0,14.0,77.0,196.0
101,34.0,48.088235294117645,50.09649334311028,7.0,14.0,31.5,63.0,224.0
102,31.0,64.03225806451613,79.59207827875325,7.0,7.0,21.0,87.5,280.0
103,29.0,26.448275862068964,37.95823476147036,7.0,7.0,7.0,21.0,151.0
104,33.0,39.15151515151515,43.79506337200091,7.0,7.0,28.0,49.0,179.0
105,16.0,33.5,45.72964027848896,7.0,7.0,17.5,35.0,165.0
106,31.0,60.193548387096776,69.69668540891489,7.0,14.0,21.0,108.5,200.0
107,24.0,46.541666666666664,65.75513150196402,7.0,7.0,17.5,56.0,273.0
108,21.0,60.19047619047619,82.16667149618453,7.0,7.0,28.0,42.0,252.0
109,39.0,50.0,54.96362433464518,7.0,14.0,35.0,63.0,263.0
110,39.0,47.666666666666664,47.878867623538056,7.0,21.0,35.0,56.0,242.0
111,46.0,51.369565217391305,48.24721463262685,7.0,14.0,35.0,63.0,196.0
112,22.0,85.45454545454545,131.69616086993113,7.0,14.0,49.0,101.5,613.0
113,44.0,44.47727272727273,41.00906799118075,7.0,21.0,28.0,49.0,193.0
114,33.0,30.454545454545453,38.06252332436963,7.0,7.0,14.0,35.0,172.0
115,52.0,43.01923076923077,52.8989011282196,7.0,7.0,21.0,57.75,207.0
116,33.0,60.57575757575758,69.77554653271727,7.0,7.0,28.0,84.0,224.0
117,36.0,32.388888888888886,39.7019450964867,7.0,7.0,17.5,42.0,214.0
118,17.0,24.529411764705884,43.72516101608264,7.0,7.0,7.0,14.0,186.0
119,39.0,23.794871794871796,32.11179442869083,7.0,7.0,14.0,28.0,200.0
120,25.0,39.08,43.382907540489576,7.0,7.0,21.0,63.0,186.0
121,37.0,44.75675675675676,63.48595881741858,7.0,7.0,21.0,42.0,270.0
122,32.0,76.90625,78.1154478031322,7.0,14.0,56.0,106.75,336.0
123,44.0,35.56818181818182,65.18717156122223,7.0,7.0,21.0,35.0,431.0
124,37.0,30.945945945945947,34.90379312875286,7.0,7.0,21.0,42.0,193.0
125,31.0,71.03225806451613,103.81280713250743,7.0,14.0,35.0,63.0,483.0
126,39.0,56.82051282051282,76.96953320525829,7.0,14.0,28.0,66.5,420.0
127,41.0,53.8780487804878,63.333717371535684,7.0,7.0,35.0,56.0,224.0
128,38.0,30.5,53.62066463291625,7.0,7.0,7.0,28.0,305.0
129,32.0,58.53125,110.9975252194332,7.0,14.0,24.5,52.5,623.0
