id,count,mean,std,min,25%,50%,75%,max
0,27.0,26.22222222222222,30.232856977560708,7.0,7.0,14.0,31.5,120.0
1,43.0,40.55813953488372,51.3750459740642,7.0,7.0,14.0,52.5,217.0
2,46.0,42.32608695652174,43.139079652175184,7.0,14.0,28.0,47.25,231.0
3,42.0,47.523809523809526,52.13174590856352,7.0,14.0,28.0,59.5,196.0
4,41.0,35.19512195121951,38.949466948980906,7.0,14.0,14.0,28.0,147.0
5,40.0,28.55,44.618008322499854,7.0,7.0,14.0,21.0,252.0
6,22.0,23.59090909090909,24.960271463170255,7.0,7.0,21.0,28.0,120.0
7,35.0,44.82857142857143,63.51770744968575,7.0,7.0,21.0,38.5,301.0
8,49.0,33.16326530612245,33.70852200530769,7.0,7.0,14.0,49.0,120.0
9,40.0,25.75,31.477097901612407,7.0,7.0,14.0,28.0,126.0
10,6.0,32.833333333333336,44.14710258518294,7.0,7.0,14.0,31.5,120.0
11,37.0,28.783783783783782,35.564600951519765,7.0,7.0,14.0,35.0,182.0
12,28.0,45.285714285714285,58.99834093264177,7.0,12.25,28.0,57.75,301.0
13,31.0,15.387096774193548,20.72949174381729,7.0,7.0,7.0,17.5,120.0
14,40.0,33.625,63.00902967442698,7.0,7.0,14.0,28.0,385.0
15,41.0,30.24390243902439,34.72807256946812,7.0,7.0,21.0,35.0,189.0
16,33.0,49.24242424242424,40.20885342731616,7.0,21.0,35.0,63.0,154.0
17,47.0,35.91489361702128,36.93462484564364,7.0,14.0,28.0,35.0,203.0
18,38.0,21.026315789473685,23.18840208951771,7.0,7.0,14.0,21.0,120.0
19,39.0,31.974358974358974,32.26166633498418,7.0,7.0,21.0,42.0,133.0
20,39.0,30.358974358974358,53.434902441385425,7.0,7.0,14.0,21.0,294.0
21,37.0,31.81081081081081,31.10362415274843,7.0,7.0,21.0,42.0,147.0
22,21.0,15.714285714285714,25.143871732775875,7.0,7.0,7.0,14.0,120.0
23,41.0,41.34146341463415,54.47871591552868,7.0,14.0,21.0,35.0,273.0
24,39.0,47.05128205128205,38.62297429056873,7.0,14.0,42.0,56.0,168.0
25,40.0,26.1,45.69340411358273,7.0,7.0,7.0,14.0,238.0
26,41.0,30.585365853658537,30.212559979051843,7.0,14.0,21.0,35.0,120.0
27,42.0,34.523809523809526,33.48624624487777,7.0,8.75,28.0,47.25,154.0
28,51.0,35.15686274509804,34.241712894666705,7.0,7.0,21.0,52.5,120.0
29,45.0,27.711111111111112,29.990621429663207,7.0,7.0,14.0,28.0,133.0
30,38.0,33.55263157894737,31.427907522868953,7.0,14.0,21.0,47.25,133.0
31,25.0,31.96,47.08191443289734,7.0,7.0,14.0,35.0,217.0
32,46.0,38.97826086956522,38.092570947005626,7.0,14.0,21.0,49.0,189.0
33,9.0,28.88888888888889,37.25400798721006,7.0,7.0,14.0,35.0,120.0
34,37.0,34.648648648648646,36.51043702849929,7.0,7.0,28.0,42.0,147.0
35,11.0,23.636363636363637,32.56769174280771,7.0,7.0,14.0,21.0,120.0
36,38.0,31.157894736842106,36.502888679316406,7.0,7.0,14.0,28.0,148.0
37,51.0,45.450980392156865,47.86744769694336,7.0,17.5,28.0,49.0,189.0
38,38.0,42.39473684210526,51.88112163746374,7.0,14.0,28.0,35.0,273.0
39,40.0,43.425,42.94354523002353,7.0,14.0,28.0,59.5,182.0
40,34.0,30.705882352941178,29.445923123444448,7.0,7.0,21.0,47.25,127.0
41,44.0,36.61363636363637,52.49771463867068,7.0,14.0,21.0,42.0,315.0
42,45.0,20.711111111111112,23.228726555145837,7.0,7.0,14.0,28.0,134.0
43,52.0,36.36538461538461,52.14723832145909,7.0,7.0,14.0,36.75,294.0
44,49.0,43.44897959183673,46.034435129444944,7.0,7.0,28.0,56.0,161.0
45,46.0,28.17391304347826,33.005255034666554,7.0,7.0,17.5,40.25,162.0
46,25.0,16.28,25.23641548767706,7.0,7.0,7.0,14.0,127.0
47,38.0,28.763157894736842,36.53390443878074,7.0,7.0,14.0,28.0,147.0
48,13.0,39.38461538461539,58.59826286039895,7.0,7.0,7.0,21.0,168.0
49,52.0,20.75,20.851364745855506,7.0,7.0,14.0,28.0,134.0
50,39.0,42.92307692307692,78.06723978164918,7.0,7.0,14.0,38.5,441.0
51,38.0,31.526315789473685,32.29152415117146,7.0,7.0,21.0,47.25,147.0
52,29.0,31.896551724137932,40.25307869998997,7.0,7.0,14.0,35.0,182.0
53,37.0,34.648648648648646,36.1841096310216,7.0,7.0,28.0,49.0,154.0
54,48.0,25.25,23.18519336752147,7.0,7.0,21.0,29.75,127.0
55,54.0,34.629629629629626,34.44673016017866,7.0,7.0,21.0,54.25,148.0
56,32.0,29.78125,41.93984507409046,7.0,7.0,14.0,28.0,189.0
57,45.0,36.733333333333334,32.137064413087096,7.0,14.0,28.0,49.0,162.0
58,35.0,21.228571428571428,25.00480626068624,7.0,7.0,14.0,24.5,141.0
59,44.0,39.31818181818182,49.16075799710471,7.0,7.0,21.0,36.75,210.0
60,37.0,32.189189189189186,38.01303711874376,7.0,7.0,14.0,42.0,148.0
61,13.0,45.84615384615385,64.04535652416726,7.0,7.0,14.0,70.0,217.0
62,49.0,38.02040816326531,31.530732227938064,7.0,21.0,28.0,49.0,147.0
63,53.0,32.905660377358494,39.11731082021763,7.0,7.0,21.0,42.0,182.0
64,40.0,24.175,30.28656933446378,7.0,7.0,7.0,21.0,127.0
65,35.0,32.628571428571426,31.9945636138444,7.0,7.0,21.0,49.0,141.0
66,37.0,44.2972972972973,44.33387522530027,7.0,14.0,28.0,49.0,182.0
67,31.0,22.387096774193548,26.979841140321582,7.0,7.0,14.0,21.0,141.0
68,34.0,39.970588235294116,43.727451535909466,7.0,8.75,21.0,40.25,161.0
69,23.0,23.47826086956522,26.252046786380454,7.0,7.0,14.0,24.5,127.0
70,45.0,35.333333333333336,39.57271787481876,7.0,7.0,21.0,42.0,196.0
71,21.0,24.047619047619047,27.71908402252172,7.0,7.0,14.0,28.0,134.0
72,21.0,35.714285714285715,38.49823743646306,7.0,7.0,21.0,42.0,162.0
73,40.0,45.35,50.78085142841613,7.0,14.0,28.0,43.75,175.0
74,36.0,34.05555555555556,39.080827922539086,7.0,7.0,21.0,42.0,197.0
75,49.0,42.02040816326531,48.4223991712162,7.0,7.0,21.0,49.0,266.0
76,22.0,44.59090909090909,60.994659478092714,7.0,7.0,24.5,42.0,274.0
77,38.0,47.921052631578945,58.63048813887329,7.0,14.0,28.0,54.25,301.0
78,37.0,26.7027027027027,27.672554458709993,7.0,14.0,14.0,35.0,148.0
79,50.0,47.34,78.40960218165702,7.0,7.0,21.0,33.25,329.0
80,32.0,34.8125,41.66799460249495,7.0,7.0,21.0,35.0,169.0
81,38.0,30.973684210526315,43.81687126759926,7.0,8.75,14.0,28.0,210.0
82,23.0,26.82608695652174,28.793389667379376,7.0,14.0,21.0,24.5,148.0
83,40.0,27.15,45.41464239196147,7.0,7.0,7.0,28.0,238.0
84,25.0,35.04,71.75332744897618,7.0,7.0,7.0,21.0,336.0
85,34.0,28.852941176470587,32.67946473444399,7.0,8.75,21.0,35.0,169.0
86,38.0,51.421052631578945,85.85488434812306,7.0,7.0,21.0,40.25,420.0
87,41.0,28.195121951219512,36.543275381522065,7.0,7.0,7.0,35.0,155.0
88,36.0,34.44444444444444,51.791033114923586,7.0,7.0,14.0,29.75,231.0
89,41.0,41.853658536585364,50.756064157699306,7.0,7.0,21.0,49.0,224.0
90,46.0,33.34782608695652,44.90544010166961,7.0,7.0,21.0,35.0,245.0
91,51.0,36.80392156862745,44.125285090452685,7.0,7.0,21.0,42.0,231.0
92,30.0,27.1,33.164532363604216,7.0,7.0,14.0,40.25,162.0
93,44.0,33.59090909090909,31.827528074614595,7.0,14.0,24.5,42.0,176.0
94,30.0,31.066666666666666,30.345065307323814,7.0,15.75,28.0,35.0,169.0
95,44.0,47.59090909090909,60.14684286087739,7.0,14.0,35.0,57.75,357.0
96,40.0,26.45,33.636023119299516,7.0,7.0,14.0,28.0,162.0
97,15.0,41.6,55.90527703177939,7.0,7.0,14.0,38.5,154.0
98,47.0,42.319148936170215,35.31049011700946,7.0,21.0,35.0,52.5,155.0
99,51.0,44.07843137254902,41.127043724174925,7.0,14.0,28.0,66.5,176.0
100,39.0,31.794871794871796,41.146835580304405,7.0,7.0,14.0,35.0,162.0
101,40.0,32.225,32.586364538655644,7.0,12.25,21.0,35.0,169.0
102,34.0,44.5,44.12739820935824,7.0,14.0,28.0,61.25,183.0
103,27.0,24.40740740740741,31.67413317283856,7.0,7.0,14.0,28.0,162.0
104,40.0,34.15,45.37510330566753,7.0,7.0,14.0,31.5,190.0
105,21.0,28.38095238095238,31.21934687093276,7.0,14.0,21.0,28.0,148.0
106,45.0,33.77777777777778,36.8003760411178,7.0,14.0,21.0,35.0,169.0
107,21.0,34.714285714285715,31.532749415715177,14.0,14.0,28.0,42.0,155.0
108,25.0,38.12,60.814828235664145,7.0,7.0,14.0,35.0,273.0
109,37.0,50.54054054054054,59.6380725686176,7.0,7.0,28.0,56.0,218.0
110,45.0,47.46666666666667,55.23487040892654,7.0,21.0,28.0,63.0,337.0
111,48.0,49.895833333333336,53.39505100317074,7.0,14.0,31.5,57.75,280.0
112,34.0,40.38235294117647,84.09014452608054,7.0,7.0,14.0,33.25,484.0
113,40.0,43.775,52.73858486282442,7.0,12.25,24.5,49.0,224.0
114,36.0,25.11111111111111,31.14553650917647,7.0,7.0,14.0,29.75,176.0
115,46.0,40.80434782608695,73.83363267515463,7.0,7.0,14.0,33.25,392.0
116,41.0,31.26829268292683,40.90355998580313,7.0,7.0,21.0,35.0,218.0
117,31.0,42.03225806451613,64.08717181618994,7.0,7.0,14.0,42.0,287.0
118,23.0,28.956521739130434,37.43415827200602,7.0,14.0,21.0,28.0,190.0
119,31.0,29.612903225806452,50.46759846301046,7.0,7.0,7.0,31.5,238.0
