id,count,mean,std,min,25%,50%,75%,max
0,24.0,30.666666666666668,32.54784660834845,7.0,7.0,24.5,36.75,120.0
1,47.0,28.914893617021278,32.325000277234636,7.0,7.0,21.0,35.0,168.0
2,39.0,29.102564102564102,42.34805337711888,7.0,7.0,14.0,28.0,210.0
3,54.0,39.81481481481482,40.049532574039134,7.0,14.0,24.5,49.0,224.0
4,36.0,41.638888888888886,37.99334737088119,7.0,7.0,35.0,57.75,168.0
5,55.0,31.454545454545453,24.0861249299553,7.0,14.0,28.0,42.0,120.0
6,12.0,24.0,35.115394189598796,7.0,7.0,7.0,15.75,120.0
7,48.0,40.416666666666664,57.06690113957267,7.0,7.0,14.0,49.0,280.0
8,32.0,39.1875,38.19596119503871,7.0,14.0,31.5,45.5,182.0
9,48.0,44.791666666666664,57.329565479028226,7.0,12.25,21.0,36.75,231.0
10,18.0,29.61111111111111,30.50195536430003,7.0,8.75,21.0,28.0,120.0
11,21.0,21.047619047619047,29.11610583590496,7.0,7.0,14.0,21.0,120.0
12,21.0,20.047619047619047,25.558709260203635,7.0,7.0,7.0,21.0,120.0
13,59.0,24.576271186440678,24.6053003750387,7.0,7.0,14.0,31.5,120.0
14,55.0,25.854545454545455,23.51864365405878,7.0,7.0,14.0,28.0,120.0
15,33.0,31.0,31.002016063475615,7.0,7.0,21.0,35.0,126.0
16,35.0,26.62857142857143,26.06449660348876,7.0,7.0,14.0,31.5,120.0
17,36.0,25.11111111111111,24.092414666123535,7.0,7.0,21.0,35.0,120.0
18,38.0,17.526315789473685,20.703488206038656,7.0,7.0,7.0,21.0,120.0
19,51.0,30.49019607843137,29.620514883451712,7.0,7.0,21.0,35.0,126.0
20,32.0,15.34375,21.377723369236794,7.0,7.0,7.0,14.0,120.0
21,48.0,34.0,27.387681654038897,7.0,14.0,28.0,42.0,120.0
22,21.0,41.714285714285715,46.22460692871585,7.0,7.0,21.0,56.0,140.0
23,39.0,35.56410256410256,37.42486850646299,7.0,10.5,21.0,49.0,182.0
24,40.0,30.475,33.49090002695336,7.0,7.0,14.0,36.75,120.0
25,17.0,48.64705882352941,69.38114042777636,7.0,7.0,14.0,56.0,217.0
26,45.0,36.266666666666666,44.67224071959107,7.0,14.0,21.0,42.0,217.0
27,54.0,30.87037037037037,30.688358247643503,7.0,7.0,14.0,40.25,120.0
28,46.0,24.52173913043478,26.095328769242958,7.0,7.0,14.0,35.0,120.0
29,40.0,21.55,22.214513620257712,7.0,7.0,14.0,28.0,120.0
30,37.0,37.486486486486484,39.421949344116534,7.0,14.0,21.0,49.0,147.0
31,23.0,56.95652173913044,67.75522674294686,7.0,7.0,21.0,73.5,231.0
32,33.0,32.484848484848484,43.7357985608766,7.0,7.0,14.0,35.0,203.0
33,17.0,29.705882352941178,33.96646269830425,7.0,7.0,21.0,28.0,120.0
34,44.0,35.65909090909091,36.0277303933216,7.0,12.25,21.0,49.0,147.0
35,24.0,21.916666666666668,25.557976150852326,7.0,7.0,14.0,22.75,120.0
36,23.0,29.565217391304348,35.52825519211502,7.0,7.0,14.0,38.5,148.0
37,44.0,35.65909090909091,41.89407638752329,7.0,12.25,21.0,42.0,224.0
38,42.0,43.023809523809526,39.43781031820278,7.0,15.75,35.0,49.0,203.0
39,51.0,40.372549019607845,43.745153232930264,7.0,7.0,21.0,49.0,231.0
40,28.0,28.785714285714285,30.932850981460955,7.0,7.0,17.5,42.0,141.0
41,46.0,31.82608695652174,29.3797393134385,7.0,14.0,21.0,42.0,162.0
42,38.0,16.789473684210527,21.01757037767139,7.0,7.0,7.0,19.25,127.0
43,49.0,34.02040816326531,47.45853005340485,7.0,7.0,14.0,28.0,196.0
44,32.0,42.90625,47.95048479353972,7.0,7.0,17.5,59.5,175.0
45,39.0,37.35897435897436,42.475681698620015,7.0,7.0,21.0,42.0,189.0
46,21.0,30.714285714285715,34.32366946750137,7.0,7.0,14.0,42.0,127.0
47,37.0,22.91891891891892,34.996331854113556,7.0,7.0,14.0,21.0,182.0
48,25.0,18.24,26.374356232269758,7.0,7.0,7.0,14.0,134.0
49,48.0,20.583333333333332,22.310033362872463,7.0,7.0,14.0,21.0,134.0
50,39.0,33.41025641025641,34.05314573050557,7.0,7.0,21.0,49.0,141.0
51,40.0,34.85,30.915559106569543,7.0,14.0,24.5,43.75,127.0
52,36.0,23.75,26.605450569385216,7.0,7.0,14.0,28.0,148.0
53,44.0,29.295454545454547,26.682961679218256,7.0,14.0,21.0,35.0,134.0
54,46.0,26.804347826086957,23.902226363265267,7.0,14.0,21.0,35.0,127.0
55,51.0,40.372549019607845,36.501485331045764,7.0,14.0,28.0,49.0,182.0
56,40.0,17.35,24.64158461438088,7.0,7.0,7.0,14.0,148.0
57,43.0,32.58139534883721,32.12789365002936,7.0,7.0,21.0,42.0,155.0
58,31.0,35.935483870967744,45.288656036488845,7.0,14.0,14.0,28.0,175.0
59,49.0,42.734693877551024,49.8868617933804,7.0,14.0,28.0,56.0,266.0
60,41.0,30.75609756097561,35.009127729639935,7.0,7.0,14.0,35.0,148.0
61,24.0,35.041666666666664,49.96301168096139,7.0,7.0,14.0,38.5,217.0
62,49.0,38.59183673469388,42.556784793647054,7.0,7.0,28.0,49.0,210.0
63,53.0,35.0188679245283,32.87007673930204,7.0,14.0,28.0,42.0,148.0
64,41.0,27.853658536585368,37.80976128965228,7.0,7.0,7.0,28.0,189.0
65,39.0,24.256410256410255,24.889987364101962,7.0,7.0,14.0,28.0,141.0
66,38.0,43.31578947368421,45.680503418888996,7.0,14.0,24.5,47.25,182.0
67,26.0,60.07692307692308,72.49823340022738,7.0,14.0,21.0,89.25,273.0
68,32.0,34.59375,51.60448803625389,7.0,7.0,14.0,35.0,217.0
69,16.0,58.6875,111.62778551955601,7.0,12.25,24.5,40.25,462.0
70,39.0,41.48717948717949,36.28097355137204,7.0,14.0,35.0,63.0,141.0
71,27.0,28.814814814814813,29.917883816870674,7.0,10.5,21.0,31.5,134.0
72,25.0,30.0,32.84559838598367,7.0,7.0,21.0,35.0,162.0
73,43.0,38.116279069767444,43.46931556108098,7.0,14.0,28.0,42.0,217.0
74,32.0,29.78125,34.83392337566837,7.0,7.0,21.0,31.5,169.0
75,51.0,38.86274509803921,43.55365408681257,7.0,14.0,28.0,45.5,210.0
76,23.0,35.04347826086956,39.243387701125776,7.0,7.0,21.0,49.0,169.0
77,47.0,35.02127659574468,33.76098169916564,7.0,14.0,21.0,42.0,183.0
78,38.0,24.342105263157894,22.97269391513215,7.0,14.0,21.0,28.0,148.0
79,44.0,49.97727272727273,54.79538625814863,7.0,14.0,35.0,57.75,238.0
80,36.0,41.25,47.17467540958814,7.0,7.0,14.0,52.5,190.0
81,37.0,38.810810810810814,54.823371860020636,7.0,14.0,14.0,42.0,203.0
82,19.0,33.94736842105263,38.80503072227524,7.0,10.5,21.0,35.0,148.0
83,37.0,33.32432432432432,75.39011652511003,7.0,7.0,7.0,21.0,427.0
84,20.0,27.35,49.38919016609968,7.0,7.0,7.0,14.0,176.0
85,41.0,23.585365853658537,28.38483363502074,7.0,7.0,14.0,28.0,176.0
86,37.0,38.054054054054056,42.06671021256722,7.0,7.0,21.0,49.0,162.0
87,38.0,34.8421052631579,33.35033231795974,7.0,7.0,24.5,54.25,155.0
88,46.0,26.5,37.00975847289769,7.0,7.0,14.0,28.0,182.0
89,39.0,39.69230769230769,35.44317456833941,7.0,17.5,28.0,52.5,176.0
90,47.0,36.06382978723404,48.18190362768774,7.0,14.0,21.0,45.5,294.0
91,48.0,40.125,37.2990359809256,7.0,7.0,31.5,57.75,162.0
92,43.0,19.232558139534884,26.14687198746118,7.0,7.0,7.0,21.0,162.0
93,41.0,30.073170731707318,32.771474061981436,7.0,14.0,21.0,28.0,183.0
94,30.0,43.666666666666664,57.579530206928354,7.0,7.0,21.0,52.5,266.0
95,51.0,42.431372549019606,55.65617841783993,7.0,7.0,21.0,49.0,294.0
96,39.0,34.12820512820513,40.113116037932095,7.0,7.0,14.0,42.0,169.0
97,22.0,26.136363636363637,37.44875286186565,7.0,7.0,14.0,26.25,141.0
98,47.0,37.40425531914894,39.88388558459042,7.0,10.5,21.0,49.0,155.0
99,51.0,44.490196078431374,37.36595913342496,7.0,14.0,42.0,59.5,169.0
100,45.0,33.46666666666667,46.107877457505715,7.0,7.0,14.0,28.0,196.0
101,39.0,28.564102564102566,31.03715504443604,7.0,14.0,21.0,35.0,183.0
102,35.0,46.42857142857143,46.94445135055944,7.0,10.5,28.0,63.0,169.0
103,26.0,51.73076923076923,69.72836306256312,7.0,8.75,21.0,56.0,273.0
104,39.0,29.28205128205128,45.9060532173841,7.0,7.0,14.0,24.5,196.0
105,16.0,45.5625,92.58651359674367,7.0,7.0,7.0,24.5,364.0
106,44.0,33.90909090909091,31.298872987970743,7.0,14.0,24.5,56.0,176.0
107,25.0,35.6,39.14928692411481,7.0,7.0,14.0,56.0,155.0
108,23.0,29.869565217391305,38.06012509871249,7.0,7.0,14.0,28.0,176.0
109,40.0,37.125,44.89656916822179,7.0,14.0,21.0,42.0,210.0
110,40.0,49.55,51.16185979258277,7.0,21.0,38.5,64.75,309.0
111,48.0,42.895833333333336,45.49409107450148,7.0,14.0,31.5,50.75,196.0
112,29.0,54.3448275862069,96.02576881161676,7.0,7.0,21.0,49.0,491.0
113,44.0,34.38636363636363,36.80193113556073,7.0,12.25,21.0,42.0,204.0
114,37.0,28.027027027027028,26.02081056736286,7.0,14.0,21.0,35.0,162.0
115,50.0,37.26,54.565373635667505,7.0,7.0,10.5,42.0,210.0
116,39.0,32.51282051282051,41.1351250820946,7.0,7.0,14.0,49.0,211.0
117,36.0,41.638888888888886,56.40119187077915,7.0,7.0,14.0,42.0,210.0
118,16.0,33.3125,51.79024200239526,7.0,7.0,7.0,29.75,183.0
119,35.0,34.628571428571426,71.90561039809542,7.0,7.0,7.0,24.5,350.0
