id,count,mean,std,min,25%,50%,75%,max
0,22.0,35.04545454545455,40.05053625790115,7.0,14.0,21.0,35.0,147.0
1,46.0,38.97826086956522,33.172605250875826,7.0,14.0,28.0,54.25,133.0
2,43.0,35.51162790697674,37.85396254845924,7.0,14.0,28.0,35.0,175.0
3,47.0,41.42553191489362,39.0678032015306,7.0,14.0,28.0,45.5,182.0
4,24.0,39.125,36.72614576304864,7.0,7.0,21.0,64.75,120.0
5,54.0,34.370370370370374,28.71742374021966,7.0,14.0,28.0,35.0,147.0
6,39.0,23.358974358974358,22.897353535297,7.0,7.0,14.0,28.0,120.0
7,55.0,29.545454545454547,37.564176286288244,7.0,7.0,14.0,38.5,189.0
8,34.0,32.35294117647059,36.992122300558336,7.0,7.0,14.0,42.0,147.0
9,30.0,37.36666666666667,37.268349642256375,7.0,7.0,28.0,49.0,161.0
10,15.0,20.133333333333333,28.727454928459405,7.0,7.0,7.0,21.0,120.0
11,30.0,29.2,57.86750621775634,7.0,7.0,7.0,14.0,294.0
12,22.0,38.54545454545455,42.18860969359843,7.0,7.0,21.0,49.0,140.0
13,51.0,28.019607843137255,27.678504436532286,7.0,7.0,21.0,35.0,140.0
14,37.0,32.189189189189186,29.34075458947639,7.0,14.0,21.0,42.0,120.0
15,20.0,29.1,37.118444840381194,7.0,7.0,14.0,35.0,140.0
16,45.0,36.888888888888886,37.99295522152293,7.0,7.0,21.0,56.0,161.0
17,37.0,43.351351351351354,41.0292688321508,7.0,14.0,28.0,63.0,217.0
18,32.0,23.875,28.381900184175763,7.0,7.0,14.0,28.0,126.0
19,54.0,34.888888888888886,35.22952592436273,7.0,14.0,24.5,42.0,175.0
20,51.0,25.823529411764707,35.95035792998615,7.0,7.0,14.0,24.5,203.0
21,34.0,31.529411764705884,27.736023282408055,7.0,8.75,24.5,47.25,120.0
22,24.0,34.166666666666664,34.1717740968703,7.0,14.0,24.5,43.75,140.0
23,47.0,47.680851063829785,55.79235820470894,7.0,14.0,28.0,63.0,322.0
24,48.0,42.166666666666664,40.6392187337648,7.0,12.25,28.0,63.0,154.0
25,25.0,23.56,25.22578046364473,7.0,7.0,21.0,28.0,120.0
26,39.0,36.82051282051282,35.3812854151009,7.0,10.5,28.0,45.5,161.0
27,37.0,41.83783783783784,39.97673873191308,7.0,14.0,21.0,63.0,147.0
28,41.0,31.609756097560975,37.268537701914525,7.0,7.0,14.0,42.0,140.0
29,44.0,25.15909090909091,21.416080875934483,7.0,14.0,17.5,28.0,120.0
30,42.0,35.023809523809526,37.19263505328355,7.0,8.75,21.0,40.25,140.0
31,14.0,52.57142857142857,63.45405883328176,7.0,7.0,24.5,61.25,196.0
32,46.0,39.58695652173913,32.62826047527683,7.0,14.0,31.5,49.0,140.0
33,11.0,33.81818181818182,48.5547488549126,7.0,7.0,7.0,28.0,140.0
34,33.0,34.39393939393939,40.85793940131113,7.0,7.0,21.0,42.0,161.0
35,24.0,17.541666666666668,23.990902563203022,7.0,7.0,7.0,14.0,120.0
36,24.0,30.666666666666668,44.80747867184156,7.0,7.0,14.0,22.75,161.0
37,45.0,39.53333333333333,39.804408161545496,7.0,14.0,28.0,49.0,182.0
38,44.0,40.59090909090909,42.799868605437396,7.0,14.0,28.0,42.0,189.0
39,52.0,44.03846153846154,40.84065714478771,7.0,14.0,35.0,56.0,161.0
40,28.0,32.035714285714285,37.01599468383718,7.0,7.0,10.5,50.75,134.0
41,51.0,32.96078431372549,31.73765006065429,7.0,14.0,28.0,35.0,162.0
42,39.0,22.82051282051282,23.97243130948526,7.0,7.0,14.0,24.5,127.0
43,52.0,31.25,39.952852115423035,7.0,7.0,14.0,35.0,189.0
44,37.0,39.189189189189186,44.515813568412476,7.0,7.0,14.0,49.0,162.0
45,36.0,34.25,35.14327816240255,7.0,14.0,21.0,43.75,148.0
46,15.0,19.666666666666668,31.235663378047004,7.0,7.0,7.0,17.5,127.0
47,40.0,19.1,31.874594014508535,7.0,7.0,7.0,14.0,161.0
48,16.0,25.4375,32.13714102612946,7.0,7.0,10.5,35.0,134.0
49,44.0,22.931818181818183,27.61563235027777,7.0,7.0,14.0,22.75,134.0
50,42.0,36.357142857142854,38.54286269607335,7.0,14.0,21.0,47.25,175.0
51,43.0,21.674418604651162,29.26131928333974,7.0,7.0,7.0,21.0,133.0
52,34.0,28.647058823529413,27.7760332191329,7.0,14.0,21.0,28.0,148.0
53,38.0,39.44736842105263,30.72167767837738,7.0,14.0,35.0,61.25,134.0
54,54.0,25.166666666666668,27.3514857655833,7.0,7.0,14.0,33.25,161.0
55,52.0,36.36538461538461,36.02288425494617,7.0,7.0,21.0,49.0,148.0
56,35.0,25.82857142857143,40.6133024529458,7.0,7.0,7.0,24.5,189.0
57,42.0,40.69047619047619,41.211819341376426,7.0,8.75,31.5,56.0,203.0
58,33.0,34.60606060606061,41.674287181920846,7.0,7.0,14.0,35.0,175.0
59,49.0,49.734693877551024,65.30434375235059,7.0,14.0,28.0,63.0,392.0
60,35.0,30.62857142857143,33.64003717061466,7.0,7.0,14.0,42.0,155.0
61,22.0,26.772727272727273,29.51501928910709,7.0,7.0,21.0,26.25,127.0
62,46.0,39.58695652173913,33.23289942007369,7.0,14.0,28.0,54.25,140.0
63,51.0,36.80392156862745,40.33609778242964,7.0,14.0,21.0,42.0,161.0
64,38.0,32.44736842105263,40.4693393239877,7.0,7.0,14.0,42.0,175.0
65,46.0,24.67391304347826,26.893249337024738,7.0,7.0,14.0,28.0,141.0
66,41.0,45.4390243902439,49.72124735990028,7.0,14.0,28.0,49.0,217.0
67,27.0,36.074074074074076,53.9372326989907,7.0,7.0,7.0,42.0,217.0
68,29.0,41.06896551724138,44.82340829337371,7.0,7.0,21.0,63.0,155.0
69,17.0,34.23529411764706,55.65802885901178,7.0,7.0,14.0,21.0,210.0
70,47.0,35.765957446808514,35.28407250350975,7.0,7.0,21.0,52.5,141.0
71,28.0,19.785714285714285,25.2298429155826,7.0,7.0,14.0,21.0,134.0
72,33.0,28.666666666666668,33.80150391131535,7.0,7.0,14.0,21.0,162.0
73,45.0,37.51111111111111,40.06450606789814,7.0,7.0,21.0,56.0,196.0
74,32.0,33.28125,39.58839384743153,7.0,7.0,14.0,43.75,169.0
75,47.0,45.4468085106383,46.51031139091552,7.0,10.5,35.0,59.5,169.0
76,26.0,42.30769230769231,48.522794009223524,7.0,7.0,21.0,66.5,197.0
77,51.0,36.94117647058823,35.11718198529368,7.0,14.0,35.0,42.0,190.0
78,36.0,27.833333333333332,26.925824035672523,7.0,14.0,21.0,35.0,148.0
79,55.0,34.763636363636365,45.17864278959434,7.0,7.0,14.0,35.0,196.0
80,45.0,33.62222222222222,40.261242861686185,7.0,7.0,14.0,42.0,190.0
81,39.0,35.56410256410256,46.16092838149852,7.0,7.0,21.0,35.0,231.0
82,8.0,26.375,46.894829139255854,7.0,7.0,7.0,12.25,141.0
83,39.0,20.846153846153847,28.737046016686932,7.0,7.0,7.0,21.0,155.0
84,25.0,28.6,47.34360217248649,7.0,7.0,7.0,21.0,182.0
85,43.0,22.651162790697676,26.880585772502585,7.0,7.0,14.0,31.5,162.0
86,40.0,31.175,33.888873826534414,7.0,14.0,21.0,35.0,183.0
87,42.0,26.19047619047619,30.63653016017834,7.0,7.0,17.5,26.25,155.0
88,44.0,32.31818181818182,41.97273352318186,7.0,12.25,17.5,35.0,217.0
89,37.0,49.78378378378378,61.242294361157136,7.0,14.0,28.0,70.0,301.0
90,46.0,31.97826086956522,37.863197687602074,7.0,7.0,14.0,40.25,175.0
91,51.0,37.07843137254902,34.243155892677244,7.0,14.0,28.0,49.0,183.0
92,34.0,25.147058823529413,29.786240826974044,7.0,7.0,14.0,28.0,155.0
93,39.0,42.205128205128204,35.22796398734473,7.0,14.0,35.0,56.0,176.0
94,27.0,42.55555555555556,59.62984109250963,7.0,7.0,21.0,49.0,245.0
95,48.0,43.333333333333336,56.104891633869386,7.0,12.25,28.0,42.0,329.0
96,37.0,28.027027027027028,33.32123654375396,7.0,7.0,14.0,35.0,169.0
97,20.0,38.9,57.88182152591516,7.0,7.0,14.0,43.75,245.0
98,44.0,36.61363636363637,32.31762130687314,7.0,7.0,24.5,57.75,155.0
99,50.0,44.26,46.5213622205664,7.0,7.0,31.5,63.0,189.0
100,36.0,37.166666666666664,38.49935064387451,7.0,7.0,21.0,49.0,162.0
101,44.0,30.40909090909091,29.147035576114156,7.0,14.0,21.0,36.75,169.0
102,35.0,49.02857142857143,53.86392753110035,7.0,14.0,21.0,59.5,210.0
103,25.0,37.56,46.40678829654128,7.0,7.0,21.0,42.0,168.0
104,37.0,31.81081081081081,39.00273340694486,7.0,7.0,14.0,35.0,190.0
105,12.0,43.25,41.246762958388075,7.0,19.25,28.0,57.75,148.0
106,41.0,38.78048780487805,38.49643632540677,7.0,7.0,21.0,56.0,176.0
107,24.0,30.958333333333332,33.503379669450695,7.0,7.0,21.0,42.0,155.0
108,24.0,33.291666666666664,41.753395245090594,7.0,7.0,14.0,36.75,176.0
109,43.0,36.325581395348834,39.249944452634374,7.0,14.0,21.0,35.0,183.0
110,48.0,41.875,42.19994201871584,7.0,14.0,31.5,50.75,267.0
111,48.0,48.0,47.95121634469943,7.0,14.0,28.0,64.75,183.0
112,28.0,55.285714285714285,104.2368588903309,7.0,7.0,24.5,63.0,554.0
113,43.0,41.86046511627907,39.9521031065407,7.0,21.0,28.0,42.0,218.0
114,29.0,30.93103448275862,34.95908939080769,7.0,7.0,14.0,42.0,162.0
115,51.0,35.01960784313726,45.94496281251229,7.0,7.0,14.0,49.0,183.0
116,40.0,38.7,48.823701684262396,7.0,7.0,14.0,52.5,218.0
117,35.0,34.82857142857143,52.710354889765654,7.0,10.5,14.0,35.0,259.0
118,11.0,22.363636363636363,48.679097623667445,7.0,7.0,7.0,7.0,169.0
119,39.0,25.692307692307693,49.40709188714652,7.0,7.0,7.0,21.0,266.0
