id,count,mean,std,min,25%,50%,75%,max
0,28.0,33.642857142857146,54.15698326143025,7.0,7.0,10.5,36.75,266.0
1,39.0,33.84615384615385,41.305370150125356,7.0,7.0,14.0,49.0,196.0
2,35.0,33.91428571428571,50.4825953866755,7.0,7.0,14.0,31.5,245.0
3,47.0,48.93617021276596,42.7776883409621,7.0,14.0,35.0,63.0,189.0
4,36.0,50.083333333333336,49.28539337369643,7.0,14.0,35.0,70.0,224.0
5,45.0,26.377777777777776,27.65804904124072,7.0,7.0,21.0,28.0,133.0
6,24.0,39.541666666666664,40.50440573638837,7.0,7.0,31.5,42.0,182.0
7,41.0,31.682926829268293,63.983763184260376,7.0,7.0,14.0,28.0,399.0
8,32.0,39.28125,39.72180223228354,7.0,7.0,21.0,64.75,154.0
9,31.0,20.0,24.90783009416918,7.0,7.0,7.0,24.5,130.0
10,8.0,25.875,43.1986689609761,7.0,7.0,7.0,14.0,130.0
11,24.0,20.875,30.00045289513216,7.0,7.0,7.0,21.0,130.0
12,21.0,81.52380952380952,88.35757978103466,7.0,7.0,49.0,130.0,259.0
13,52.0,24.442307692307693,26.841885224649793,7.0,7.0,14.0,28.0,130.0
14,44.0,46.06818181818182,59.26424771379835,7.0,19.25,28.0,49.0,357.0
15,42.0,36.26190476190476,45.24408573332394,7.0,7.0,21.0,42.0,245.0
16,36.0,45.416666666666664,56.55307241874662,7.0,7.0,21.0,56.0,245.0
17,31.0,62.903225806451616,100.23783545106099,7.0,14.0,28.0,73.5,539.0
18,36.0,25.583333333333332,26.90446059671147,7.0,7.0,17.5,28.0,130.0
19,46.0,34.17391304347826,32.54214658481868,7.0,7.0,21.0,54.25,140.0
20,41.0,39.19512195121951,47.893224735966115,7.0,7.0,14.0,49.0,203.0
21,40.0,53.3,55.47935629005598,7.0,14.0,35.0,63.0,245.0
22,41.0,22.29268292682927,24.022118872446516,7.0,7.0,14.0,28.0,130.0
23,40.0,52.075,45.08987463801375,7.0,19.25,42.0,71.75,217.0
24,36.0,37.833333333333336,35.991665701937166,7.0,7.0,24.5,56.0,133.0
25,27.0,26.333333333333332,28.194380236548504,7.0,7.0,14.0,31.5,130.0
26,39.0,64.35897435897436,87.38676497992829,7.0,21.0,49.0,73.5,546.0
27,46.0,43.30434782608695,43.68313662182208,7.0,14.0,28.0,56.0,189.0
28,37.0,37.567567567567565,58.97388336305248,7.0,7.0,14.0,42.0,329.0
29,40.0,33.35,30.221871855686548,7.0,7.0,28.0,50.75,130.0
30,29.0,56.86206896551724,87.21268098240033,7.0,7.0,14.0,49.0,371.0
31,29.0,26.20689655172414,31.148697875037165,7.0,7.0,14.0,28.0,130.0
32,34.0,41.911764705882355,51.79936096894869,7.0,7.0,21.0,33.25,175.0
33,11.0,19.454545454545453,36.77054156893433,7.0,7.0,7.0,10.5,130.0
34,43.0,42.58139534883721,38.2910113523735,7.0,14.0,35.0,59.5,189.0
35,25.0,23.12,26.508363460110722,7.0,7.0,14.0,35.0,130.0
36,29.0,32.48275862068966,50.18225404153997,7.0,7.0,14.0,35.0,245.0
37,47.0,36.723404255319146,38.26776491562282,7.0,10.5,21.0,56.0,182.0
38,39.0,47.84615384615385,54.224940106510545,7.0,14.0,35.0,56.0,252.0
39,48.0,48.354166666666664,45.52319473482994,7.0,19.25,28.0,63.0,182.0
40,28.0,32.392857142857146,55.977071553293484,7.0,7.0,10.5,29.75,273.0
41,47.0,30.02127659574468,29.2281054151815,7.0,14.0,21.0,35.0,158.0
42,30.0,35.36666666666667,35.005894413343604,7.0,7.0,28.0,49.0,147.0
43,51.0,36.03921568627451,59.942959814915284,7.0,10.5,21.0,42.0,413.0
44,43.0,38.51162790697674,49.37194696674238,7.0,7.0,14.0,56.0,196.0
45,57.0,23.403508771929825,25.436798182050858,7.0,7.0,14.0,28.0,165.0
46,24.0,16.208333333333332,26.928212402393253,7.0,7.0,7.0,14.0,137.0
47,40.0,22.15,24.57489859644676,7.0,7.0,14.0,22.75,144.0
48,19.0,53.63157894736842,93.11236373705565,7.0,10.5,28.0,45.5,413.0
49,45.0,23.11111111111111,24.446808884728995,7.0,7.0,14.0,35.0,144.0
50,41.0,54.5609756097561,71.26992661020769,7.0,14.0,28.0,56.0,350.0
51,37.0,36.054054054054056,40.691212500671135,7.0,7.0,21.0,42.0,196.0
52,29.0,40.689655172413794,39.68366292882092,7.0,14.0,28.0,63.0,172.0
53,31.0,66.29032258064517,120.32433767346961,7.0,14.0,28.0,80.5,679.0
54,47.0,32.851063829787236,27.47961989753913,7.0,14.0,28.0,42.0,137.0
55,47.0,41.638297872340424,33.17963331028532,7.0,14.0,35.0,59.5,158.0
56,32.0,42.78125,76.92884620889787,7.0,7.0,21.0,36.75,420.0
57,35.0,59.31428571428572,66.52145670143335,7.0,24.5,35.0,63.0,350.0
58,25.0,31.8,30.319135871591065,7.0,14.0,21.0,42.0,144.0
59,40.0,76.925,104.94379142652679,7.0,28.0,42.0,80.5,588.0
60,32.0,50.875,52.77447452405682,7.0,19.25,31.5,64.75,231.0
61,15.0,32.93333333333333,36.75685877039368,7.0,7.0,21.0,42.0,137.0
62,37.0,72.75675675675676,99.98594495822495,7.0,28.0,49.0,77.0,553.0
63,47.0,46.255319148936174,51.07814477117875,7.0,14.0,28.0,56.0,196.0
64,37.0,35.2972972972973,37.36149597354717,7.0,7.0,21.0,42.0,151.0
65,37.0,36.24324324324324,41.08757950024788,7.0,7.0,28.0,42.0,168.0
66,32.0,55.03125,72.86553429921226,7.0,14.0,28.0,54.25,364.0
67,28.0,28.392857142857142,28.27030805386311,7.0,14.0,21.0,29.75,137.0
68,42.0,37.92857142857143,49.80321904433187,7.0,7.0,17.5,35.0,196.0
69,11.0,23.90909090909091,40.203120638712974,7.0,7.0,14.0,17.5,144.0
70,39.0,44.07692307692308,43.76395092778664,7.0,14.0,21.0,59.5,165.0
71,24.0,29.333333333333332,35.7109977782593,7.0,7.0,14.0,35.0,137.0
72,29.0,28.379310344827587,37.20446765904739,7.0,7.0,14.0,35.0,165.0
73,45.0,39.6,36.23120202256613,7.0,21.0,28.0,49.0,179.0
74,31.0,39.193548387096776,42.58592831350023,7.0,14.0,28.0,45.5,193.0
75,46.0,49.69565217391305,52.47978216639132,7.0,14.0,28.0,63.0,210.0
76,29.0,28.862068965517242,39.19249576306581,7.0,7.0,14.0,28.0,172.0
77,45.0,42.86666666666667,39.19914192010747,7.0,14.0,28.0,49.0,200.0
78,31.0,38.74193548387097,39.681202721973605,7.0,7.0,21.0,56.0,165.0
79,51.0,42.490196078431374,56.14672654715307,7.0,7.0,21.0,49.0,266.0
80,33.0,49.54545454545455,56.611665598339194,7.0,7.0,21.0,63.0,210.0
81,42.0,31.428571428571427,33.557480978415605,7.0,7.0,24.5,35.0,179.0
82,22.0,26.90909090909091,31.467154593032692,7.0,14.0,17.5,26.25,158.0
83,41.0,22.804878048780488,28.907801293245328,7.0,7.0,14.0,28.0,151.0
84,22.0,45.04545454545455,54.04361313987177,7.0,7.0,14.0,63.0,203.0
85,45.0,22.333333333333332,32.50384592629001,7.0,7.0,14.0,28.0,221.0
86,35.0,56.114285714285714,59.477020490156995,7.0,14.0,42.0,63.0,245.0
87,34.0,28.529411764705884,32.255828972044675,7.0,7.0,17.5,35.0,158.0
88,37.0,35.2972972972973,37.986009752762094,7.0,7.0,28.0,42.0,179.0
89,34.0,76.29411764705883,129.35095070851958,7.0,21.0,35.0,63.0,686.0
90,48.0,41.645833333333336,39.262612600627456,7.0,14.0,28.0,56.0,196.0
91,47.0,45.808510638297875,50.09930933216212,7.0,10.5,28.0,56.0,266.0
92,34.0,40.88235294117647,82.20586306078556,7.0,7.0,17.5,35.0,462.0
93,39.0,47.666666666666664,51.84304923888992,7.0,21.0,28.0,59.5,259.0
94,27.0,32.03703703703704,42.00776620641024,7.0,7.0,14.0,35.0,179.0
95,39.0,70.64102564102564,99.1632060317703,7.0,21.0,42.0,66.5,567.0
96,32.0,43.4375,53.50244944648977,7.0,7.0,17.5,64.75,196.0
97,24.0,17.083333333333332,33.50135190869385,7.0,7.0,7.0,14.0,172.0
98,33.0,61.21212121212121,72.42097312577931,7.0,21.0,42.0,63.0,399.0
99,44.0,56.25,54.64776214061052,7.0,14.0,35.0,70.0,189.0
100,36.0,48.52777777777778,55.4871857078531,7.0,14.0,24.5,66.5,217.0
101,45.0,32.75555555555555,33.64396174079625,7.0,14.0,21.0,42.0,172.0
102,36.0,48.916666666666664,65.67076975336896,7.0,14.0,28.0,63.0,357.0
103,30.0,24.633333333333333,27.073951513857608,7.0,7.0,17.5,28.0,151.0
104,35.0,40.31428571428572,56.55074318363861,7.0,7.0,21.0,35.0,231.0
105,15.0,20.333333333333332,40.68988408273813,7.0,7.0,7.0,10.5,165.0
106,33.0,52.93939393939394,57.08159696540744,7.0,7.0,35.0,77.0,200.0
107,23.0,40.65217391304348,48.9262977211198,7.0,7.0,21.0,56.0,182.0
108,27.0,32.03703703703704,42.46037200594445,7.0,7.0,14.0,38.5,193.0
109,43.0,45.348837209302324,46.977646011759695,7.0,17.5,28.0,56.0,249.0
110,39.0,54.12820512820513,54.39774544824033,7.0,21.0,42.0,66.5,319.0
111,48.0,49.083333333333336,47.42018303281049,7.0,14.0,35.0,63.0,210.0
112,29.0,47.44827586206897,93.8580182307665,7.0,7.0,14.0,42.0,445.0
113,43.0,41.44186046511628,38.7392395662401,7.0,17.5,28.0,52.5,207.0
114,34.0,34.088235294117645,39.311011370521385,7.0,8.75,14.0,47.25,186.0
115,45.0,44.266666666666666,77.87443272812504,7.0,7.0,14.0,42.0,455.0
116,35.0,45.31428571428572,53.042031850760985,7.0,7.0,21.0,56.0,228.0
117,40.0,27.05,37.06262890754596,7.0,7.0,14.0,28.0,214.0
118,18.0,29.38888888888889,40.595767511765075,7.0,14.0,21.0,28.0,186.0
119,35.0,23.714285714285715,35.381593277538286,7.0,7.0,14.0,21.0,200.0
120,24.0,49.166666666666664,64.22289085789372,7.0,7.0,24.5,45.5,245.0
121,46.0,26.717391304347824,40.42313036615341,7.0,7.0,21.0,33.25,270.0
122,34.0,69.91176470588235,71.06947844531021,7.0,22.75,45.5,87.5,308.0
123,39.0,36.717948717948715,73.14619417302106,7.0,7.0,14.0,38.5,445.0
124,38.0,31.605263157894736,39.28794566089198,7.0,7.0,21.0,33.25,193.0
125,32.0,75.8125,112.90545216698908,7.0,19.25,35.0,78.75,581.0
126,43.0,45.02325581395349,39.991956555628626,7.0,21.0,35.0,59.5,175.0
127,43.0,48.93023255813954,52.33108670435684,7.0,14.0,35.0,63.0,217.0
128,35.0,43.31428571428572,78.92728277589794,7.0,7.0,14.0,35.0,350.0
129,33.0,66.72727272727273,105.1413550676162,7.0,14.0,35.0,70.0,567.0
