id,count,mean,std,min,25%,50%,75%,max
0,12.0,18.333333333333332,21.964158131470516,7.0,7.0,7.0,15.75,80.0
1,60.0,26.066666666666666,19.430769471636655,7.0,14.0,21.0,29.75,91.0
2,30.0,10.833333333333334,13.493506313915526,7.0,7.0,7.0,7.0,80.0
3,24.0,15.583333333333334,19.235195700153103,7.0,7.0,7.0,14.0,80.0
4,42.0,15.904761904761905,16.7867681978186,7.0,7.0,7.0,21.0,80.0
5,30.0,11.3,13.598047527190221,7.0,7.0,7.0,7.0,80.0
6,22.0,18.272727272727273,26.222821427839598,7.0,7.0,7.0,12.25,105.0
7,27.0,16.185185185185187,16.08400313028932,7.0,7.0,7.0,21.0,80.0
8,38.0,16.473684210526315,14.74419142083887,7.0,7.0,10.5,21.0,80.0
9,69.0,14.855072463768115,15.20572199024669,7.0,7.0,7.0,21.0,91.0
10,7.0,18.428571428571427,27.275490480509802,7.0,7.0,7.0,10.5,80.0
11,14.0,17.214285714285715,20.07745988924883,7.0,7.0,7.0,14.0,80.0
12,11.0,17.454545454545453,22.38018604195969,7.0,7.0,7.0,17.5,80.0
13,42.0,18.571428571428573,17.250157803651277,7.0,7.0,14.0,21.0,80.0
14,61.0,21.16393442622951,18.564464556304742,7.0,7.0,14.0,21.0,91.0
15,24.0,20.541666666666668,28.035659229021114,7.0,7.0,7.0,14.0,112.0
16,19.0,14.526315789473685,18.133359133108584,7.0,7.0,7.0,10.5,80.0
17,40.0,15.65,14.384018909887459,7.0,7.0,7.0,21.0,80.0
18,56.0,20.678571428571427,16.93528553358036,7.0,7.0,14.0,28.0,80.0
19,60.0,17.9,16.3091946615544,7.0,7.0,14.0,21.0,80.0
20,31.0,12.290322580645162,14.686033157135153,7.0,7.0,7.0,7.0,80.0
21,37.0,15.027027027027026,13.710268832939471,7.0,7.0,7.0,21.0,80.0
22,16.0,22.9375,23.552689159980577,7.0,7.0,14.0,21.0,80.0
23,69.0,19.014492753623188,13.300257354457456,7.0,7.0,14.0,28.0,80.0
24,36.0,12.916666666666666,13.440610105199838,7.0,7.0,7.0,14.0,80.0
25,12.0,16.0,21.09717775179678,7.0,7.0,7.0,14.0,80.0
26,42.0,18.404761904761905,19.594747334749172,7.0,7.0,7.0,21.0,84.0
27,66.0,15.848484848484848,15.19538636888733,7.0,7.0,7.0,19.25,80.0
28,38.0,10.763157894736842,12.699083198503093,7.0,7.0,7.0,7.0,80.0
29,42.0,14.404761904761905,12.737613828323143,7.0,7.0,10.5,14.0,80.0
30,44.0,17.25,17.160155309103647,7.0,7.0,10.5,21.0,80.0
31,26.0,13.307692307692308,18.712069326013584,7.0,7.0,7.0,7.0,80.0
32,18.0,14.944444444444445,18.40866874511354,7.0,7.0,7.0,14.0,80.0
33,7.0,19.428571428571427,27.21431696036201,7.0,7.0,7.0,14.0,80.0
34,38.0,19.236842105263158,16.780674551603337,7.0,7.0,14.0,21.0,80.0
35,28.0,14.107142857142858,13.992959302910519,7.0,7.0,14.0,14.0,80.0
36,20.0,17.3,19.090091119409788,7.0,7.0,7.0,21.0,87.0
37,42.0,26.738095238095237,27.704943226980642,7.0,7.0,17.5,33.25,133.0
38,54.0,18.333333333333332,17.14422725881475,7.0,7.0,14.0,21.0,98.0
39,58.0,17.189655172413794,19.81445236906701,7.0,7.0,14.0,19.25,119.0
40,26.0,13.846153846153847,21.021307871190714,7.0,7.0,7.0,7.0,101.0
41,56.0,15.178571428571429,15.758526861073303,7.0,7.0,7.0,15.75,108.0
42,25.0,16.08,18.38459500052512,7.0,7.0,7.0,14.0,87.0
43,72.0,14.722222222222221,15.041934081349652,7.0,7.0,7.0,15.75,94.0
44,33.0,13.878787878787879,19.656038473834155,7.0,7.0,7.0,7.0,108.0
45,26.0,14.384615384615385,18.85540118496963,7.0,7.0,7.0,14.0,101.0
46,26.0,11.423076923076923,15.66696671834871,7.0,7.0,7.0,7.0,87.0
47,45.0,13.6,14.563965493954278,7.0,7.0,7.0,14.0,94.0
48,19.0,18.210526315789473,23.714924853743756,7.0,7.0,7.0,17.5,101.0
49,31.0,14.32258064516129,16.19338773856826,7.0,7.0,7.0,14.0,94.0
50,44.0,28.068181818181817,25.680865854482807,7.0,7.0,21.0,35.0,105.0
51,42.0,18.738095238095237,28.706300424963672,7.0,7.0,7.0,14.0,168.0
52,27.0,13.592592592592593,21.535764991965664,7.0,7.0,7.0,7.0,115.0
53,43.0,16.674418604651162,17.114072363649075,7.0,7.0,14.0,21.0,108.0
54,50.0,21.2,26.26241203153826,7.0,7.0,10.5,26.25,154.0
55,64.0,22.140625,19.245174359072745,7.0,7.0,14.0,28.0,105.0
56,36.0,13.694444444444445,19.27073198171546,7.0,7.0,7.0,8.75,108.0
57,41.0,16.975609756097562,17.431993295200133,7.0,7.0,7.0,21.0,101.0
58,24.0,17.916666666666668,19.533508927340545,7.0,7.0,10.5,21.0,94.0
59,62.0,18.903225806451612,15.785145203504355,7.0,7.0,14.0,26.25,94.0
60,36.0,16.22222222222222,19.281539818639423,7.0,7.0,10.5,14.0,115.0
61,15.0,20.733333333333334,26.496540654709374,7.0,7.0,7.0,21.0,101.0
62,48.0,19.3125,26.383550847434257,7.0,7.0,7.0,15.75,147.0
63,64.0,17.65625,17.055668656881597,7.0,7.0,10.5,21.0,101.0
64,36.0,12.722222222222221,18.253158022045874,7.0,7.0,7.0,14.0,115.0
65,41.0,17.829268292682926,17.67611727589573,7.0,7.0,14.0,21.0,108.0
66,39.0,26.28205128205128,21.19576511568776,7.0,14.0,21.0,35.0,101.0
67,33.0,11.757575757575758,17.503625165644802,7.0,7.0,7.0,7.0,101.0
68,16.0,15.0625,30.433465680617665,7.0,7.0,7.0,7.0,129.0
69,11.0,16.818181818181817,30.31441301367448,7.0,7.0,7.0,7.0,108.0
70,45.0,17.955555555555556,19.76562161885626,7.0,7.0,14.0,21.0,115.0
71,28.0,19.107142857142858,21.536083907082784,7.0,7.0,7.0,21.0,101.0
72,31.0,14.096774193548388,20.884371890179313,7.0,7.0,7.0,14.0,122.0
73,41.0,25.682926829268293,33.752362157625534,7.0,7.0,14.0,21.0,154.0
74,22.0,22.727272727272727,35.8464739823835,7.0,7.0,7.0,14.0,133.0
75,56.0,26.428571428571427,25.055470927057495,7.0,7.0,14.0,29.75,115.0
76,27.0,16.185185185185187,25.434738566101398,7.0,7.0,7.0,7.0,129.0
77,53.0,21.71698113207547,19.949337138101534,7.0,14.0,14.0,28.0,136.0
78,26.0,20.846153846153847,25.707107667246127,7.0,7.0,14.0,21.0,122.0
79,65.0,17.16923076923077,21.714460353910212,7.0,7.0,7.0,14.0,119.0
