id,count,mean,std,min,25%,50%,75%,max
0,30.0,45.96666666666667,50.83406632220735,7.0,8.75,28.0,63.0,224.0
1,38.0,65.76315789473684,74.97907247143765,7.0,14.0,49.0,89.25,392.0
2,39.0,53.84615384615385,72.5358490176585,7.0,10.5,28.0,49.0,315.0
3,35.0,49.4,74.35178703497392,7.0,7.0,21.0,49.0,371.0
4,30.0,42.233333333333334,40.71234950600187,7.0,8.75,21.0,61.25,140.0
5,41.0,55.829268292682926,62.97058934098695,7.0,21.0,28.0,63.0,266.0
6,38.0,34.078947368421055,35.77359858357524,7.0,7.0,14.0,56.0,140.0
7,46.0,50.52173913043478,75.0726282802741,7.0,7.0,28.0,49.0,455.0
8,33.0,50.06060606060606,66.3875644388406,7.0,7.0,14.0,70.0,238.0
9,48.0,35.729166666666664,44.53578030023,7.0,7.0,14.0,43.75,217.0
10,7.0,29.0,49.23751956926073,7.0,7.0,7.0,17.5,140.0
11,23.0,32.869565217391305,38.770073214724505,7.0,7.0,14.0,42.0,140.0
12,28.0,76.25,130.22619210861964,7.0,12.25,28.0,50.75,476.0
13,33.0,22.484848484848484,27.986739284124827,7.0,7.0,14.0,28.0,140.0
14,38.0,39.23684210526316,61.49024717681892,7.0,7.0,21.0,35.0,350.0
15,27.0,34.48148148148148,44.0125597199869,7.0,7.0,21.0,38.5,175.0
16,27.0,62.22222222222222,78.31854743159421,7.0,10.5,35.0,80.5,301.0
17,34.0,75.3529411764706,90.12378099135795,7.0,14.0,45.5,96.25,378.0
18,44.0,32.13636363636363,29.633882955621665,7.0,7.0,24.5,42.0,140.0
19,35.0,45.0,53.98965042432833,7.0,7.0,28.0,59.5,217.0
20,30.0,61.833333333333336,74.80922095724488,7.0,21.0,45.5,70.0,392.0
21,29.0,64.93103448275862,88.14554969500436,7.0,7.0,28.0,70.0,385.0
22,30.0,33.833333333333336,35.55479824385057,7.0,7.0,17.5,47.25,140.0
23,27.0,81.92592592592592,123.88547003829662,7.0,24.5,49.0,87.5,644.0
24,38.0,52.31578947368421,51.79173745182531,7.0,21.0,35.0,56.0,273.0
25,21.0,45.666666666666664,76.57305879572353,7.0,7.0,14.0,49.0,343.0
26,32.0,94.28125,120.79928283674109,7.0,21.0,42.0,108.5,504.0
27,37.0,53.16216216216216,47.31720001666854,7.0,21.0,42.0,70.0,196.0
28,41.0,42.170731707317074,49.928399953846096,7.0,7.0,28.0,49.0,182.0
29,41.0,36.53658536585366,36.08607595803097,7.0,14.0,28.0,42.0,147.0
30,33.0,54.303030303030305,62.04559052044152,7.0,14.0,21.0,56.0,245.0
31,24.0,38.791666666666664,76.17883944843308,7.0,7.0,7.0,33.25,364.0
32,28.0,53.75,65.94308713383641,7.0,7.0,17.5,82.25,259.0
33,11.0,52.81818181818182,48.635004229090356,7.0,17.5,28.0,84.0,140.0
34,41.0,43.19512195121951,55.026911376250766,7.0,14.0,14.0,42.0,245.0
35,29.0,25.103448275862068,30.19619752266146,7.0,7.0,14.0,28.0,140.0
36,33.0,37.333333333333336,44.60497916899711,7.0,7.0,14.0,49.0,175.0
37,36.0,60.47222222222222,72.59495697207747,7.0,12.25,35.0,71.75,343.0
38,40.0,58.45,72.02668664976608,7.0,14.0,35.0,57.75,378.0
39,43.0,58.44186046511628,75.93020050570925,7.0,14.0,35.0,56.0,392.0
40,28.0,47.0,60.18182326792577,7.0,7.0,21.0,63.0,273.0
41,40.0,48.825,55.15195210065389,7.0,14.0,35.0,49.0,280.0
42,26.0,42.26923076923077,43.48936209447795,7.0,7.0,24.5,63.0,147.0
43,45.0,55.37777777777778,84.31523341519365,7.0,14.0,21.0,49.0,483.0
44,38.0,50.28947368421053,57.07411392914118,7.0,7.0,28.0,61.25,189.0
45,37.0,47.67567567567568,49.63033013863266,7.0,14.0,28.0,56.0,217.0
46,29.0,14.0,26.52357441974969,7.0,7.0,7.0,7.0,147.0
47,35.0,25.0,35.01176272928521,7.0,7.0,7.0,21.0,154.0
48,17.0,70.41176470588235,67.25423669138753,7.0,21.0,35.0,105.0,189.0
49,48.0,25.229166666666668,29.1578532783437,7.0,7.0,14.0,28.0,168.0
50,40.0,48.125,64.5891105770021,7.0,14.0,21.0,63.0,378.0
51,37.0,32.351351351351354,43.287935332438124,7.0,7.0,14.0,35.0,189.0
52,30.0,54.13333333333333,74.51162063192159,7.0,14.0,21.0,52.5,287.0
53,31.0,77.2258064516129,90.48672450601777,7.0,14.0,42.0,94.5,385.0
54,48.0,33.833333333333336,31.382562805273732,7.0,14.0,21.0,42.0,147.0
55,45.0,49.46666666666667,50.2433170589971,7.0,14.0,35.0,70.0,231.0
56,30.0,53.666666666666664,85.91589043876026,7.0,7.0,17.5,63.0,406.0
57,30.0,84.93333333333334,98.63129996777562,7.0,15.75,52.5,94.5,406.0
58,32.0,33.03125,38.84168393994167,7.0,7.0,21.0,29.75,168.0
59,32.0,88.8125,141.93352317194132,7.0,26.25,42.0,91.0,644.0
60,34.0,39.73529411764706,45.87685018878483,7.0,7.0,14.0,57.75,161.0
61,21.0,43.333333333333336,71.5788609390603,7.0,7.0,21.0,42.0,322.0
62,32.0,95.15625,113.74848013872962,7.0,21.0,49.0,133.0,476.0
63,44.0,49.15909090909091,53.512851393572866,7.0,14.0,28.0,57.75,231.0
64,42.0,42.5,46.41711732203762,7.0,7.0,28.0,54.25,203.0
65,48.0,34.125,33.97597712026243,7.0,14.0,21.0,42.0,161.0
66,33.0,63.42424242424242,62.94989590094168,7.0,28.0,42.0,77.0,259.0
67,32.0,35.875,64.22377712644358,7.0,7.0,7.0,28.0,322.0
68,36.0,44.916666666666664,65.73773649890906,7.0,7.0,14.0,38.5,245.0
69,18.0,31.88888888888889,45.50615845703018,7.0,7.0,7.0,35.0,154.0
70,41.0,47.80487804878049,59.6830040766193,7.0,14.0,21.0,49.0,245.0
71,26.0,27.73076923076923,31.083832057592506,7.0,7.0,14.0,33.25,147.0
72,28.0,49.5,74.90759739938365,7.0,7.0,17.5,50.75,343.0
73,31.0,75.19354838709677,73.37139286072318,7.0,10.5,63.0,105.0,329.0
74,33.0,52.81818181818182,78.02902286387359,7.0,14.0,21.0,56.0,378.0
75,39.0,66.05128205128206,90.01401900112083,7.0,17.5,35.0,52.5,399.0
76,23.0,63.91304347826087,92.2471546954545,7.0,7.0,21.0,73.5,329.0
77,38.0,62.26315789473684,73.61098780001063,7.0,21.0,35.0,63.0,350.0
78,27.0,41.48148148148148,40.85939339356409,7.0,10.5,28.0,63.0,175.0
79,45.0,48.22222222222222,49.65970054869298,7.0,14.0,35.0,63.0,210.0
80,35.0,51.8,65.69215191732884,7.0,7.0,21.0,56.0,224.0
81,35.0,43.4,63.926520318252884,7.0,7.0,28.0,35.0,322.0
82,25.0,17.36,31.95814971698664,7.0,7.0,7.0,14.0,168.0
83,34.0,31.91176470588235,56.26957175847666,7.0,7.0,7.0,35.0,287.0
84,25.0,50.12,74.23741195201603,7.0,14.0,14.0,56.0,336.0
85,41.0,32.4390243902439,42.973275870293975,7.0,7.0,21.0,35.0,259.0
86,36.0,49.97222222222222,69.13774495727914,7.0,7.0,31.5,52.5,385.0
87,36.0,34.80555555555556,41.84926655404024,7.0,7.0,14.0,45.5,161.0
88,35.0,58.2,76.6768620671881,7.0,14.0,28.0,59.5,301.0
89,30.0,93.33333333333333,103.99480535214192,7.0,29.75,45.5,101.5,392.0
90,43.0,40.53488372093023,38.144055791801456,7.0,14.0,28.0,56.0,182.0
91,45.0,49.77777777777778,48.91406606065232,7.0,21.0,35.0,63.0,210.0
92,31.0,46.74193548387097,51.515025472791585,7.0,7.0,28.0,66.5,196.0
93,28.0,78.0,77.7788888809525,7.0,28.0,42.0,98.0,273.0
94,22.0,51.86363636363637,75.72147927927996,7.0,8.75,21.0,49.0,329.0
95,32.0,82.25,122.63057556953783,7.0,21.0,28.0,71.75,511.0
96,27.0,60.925925925925924,62.784690641249306,7.0,10.5,35.0,91.0,210.0
97,15.0,48.06666666666667,63.98489405060125,7.0,7.0,14.0,66.5,189.0
98,28.0,98.75,106.59255237690024,7.0,33.25,56.0,127.75,476.0
99,43.0,64.13953488372093,61.04236678435444,7.0,21.0,42.0,80.5,266.0
100,39.0,49.0,50.57979625773204,7.0,14.0,28.0,63.0,189.0
101,48.0,36.604166666666664,35.259366996486314,7.0,14.0,24.5,42.0,182.0
102,39.0,51.333333333333336,54.7031863467863,7.0,14.0,35.0,59.5,203.0
103,28.0,35.75,57.953765096746636,7.0,7.0,14.0,35.0,287.0
104,34.0,50.44117647058823,71.63086823027108,7.0,7.0,14.0,50.75,238.0
105,8.0,76.125,98.03124501912643,7.0,17.5,28.0,94.5,280.0
106,33.0,65.12121212121212,73.78039948715951,7.0,7.0,35.0,105.0,259.0
107,25.0,31.64,40.4710596187778,7.0,7.0,14.0,35.0,168.0
108,33.0,42.63636363636363,61.2090772382956,7.0,7.0,21.0,49.0,273.0
109,31.0,71.80645161290323,91.30404129604148,7.0,14.0,35.0,87.5,413.0
110,30.0,70.46666666666667,78.2933182216779,7.0,21.0,49.0,73.5,280.0
111,39.0,71.97435897435898,94.89758667540032,7.0,14.0,28.0,94.5,385.0
112,30.0,65.33333333333333,114.42278930634264,7.0,7.0,21.0,54.25,567.0
113,38.0,58.39473684210526,78.98290594179197,7.0,8.75,35.0,61.25,392.0
114,21.0,44.666666666666664,43.741665872864665,7.0,7.0,35.0,49.0,196.0
115,44.0,56.95454545454545,72.91184691611383,7.0,7.0,28.0,64.75,378.0
116,38.0,44.94736842105263,63.81728452150275,7.0,7.0,17.5,42.0,252.0
117,35.0,44.4,48.61444955856595,7.0,7.0,28.0,56.0,210.0
118,22.0,23.863636363636363,37.27030664719244,7.0,7.0,14.0,21.0,182.0
119,37.0,33.86486486486486,66.13083083393697,7.0,7.0,14.0,28.0,350.0
120,20.0,56.7,75.83229418991135,7.0,7.0,28.0,43.75,259.0
121,46.0,32.869565217391305,41.57970054707635,7.0,14.0,24.5,35.0,273.0
122,38.0,65.57894736842105,97.72151042049043,7.0,14.0,35.0,57.75,490.0
123,36.0,37.916666666666664,59.87528705567932,7.0,7.0,21.0,36.75,329.0
124,34.0,55.588235294117645,78.70586503387685,7.0,14.0,21.0,49.0,301.0
125,28.0,81.75,84.5824712599747,7.0,28.0,59.5,91.0,350.0
126,40.0,42.525,52.46438963227514,7.0,12.25,28.0,43.75,245.0
127,43.0,49.48837209302326,43.32346339594926,7.0,21.0,35.0,56.0,203.0
128,30.0,39.9,58.28133314452791,7.0,7.0,21.0,33.25,294.0
129,29.0,86.89655172413794,92.81869609527806,7.0,28.0,35.0,161.0,378.0
130,29.0,39.10344827586207,45.92178507884451,7.0,7.0,14.0,49.0,210.0
131,32.0,100.40625,134.63136273040232,7.0,14.0,35.0,110.25,539.0
132,33.0,60.666666666666664,64.62375079385804,7.0,7.0,28.0,126.0,217.0
133,13.0,81.3076923076923,103.84795345069365,7.0,7.0,14.0,119.0,357.0
134,32.0,96.6875,113.25518929932441,7.0,7.0,59.5,126.0,469.0
135,43.0,53.72093023255814,58.858719296373586,7.0,7.0,21.0,73.5,217.0
136,37.0,50.13513513513514,66.82695820058206,7.0,7.0,21.0,63.0,322.0
137,45.0,33.44444444444444,36.03127149092195,7.0,14.0,21.0,35.0,210.0
138,29.0,64.44827586206897,79.55707125206972,7.0,14.0,28.0,77.0,329.0
139,30.0,30.566666666666666,45.49473886470628,7.0,7.0,14.0,26.25,189.0
