id,count,mean,std,min,25%,50%,75%,max
0,29.0,34.6551724137931,37.39583233278903,7.0,7.0,21.0,42.0,140.0
1,49.0,47.93877551020408,35.97476439769117,7.0,21.0,42.0,63.0,147.0
2,46.0,39.19565217391305,36.76992706318418,7.0,14.0,31.5,42.0,147.0
3,42.0,45.26190476190476,43.80948751450296,7.0,14.0,35.0,61.25,182.0
4,37.0,51.945945945945944,62.798153699835076,7.0,7.0,21.0,84.0,217.0
5,42.0,35.42857142857143,30.902003137489444,7.0,14.0,21.0,49.0,133.0
6,37.0,41.351351351351354,28.041849891641338,7.0,28.0,28.0,49.0,133.0
7,38.0,42.6578947368421,48.724973515608276,7.0,14.0,21.0,54.25,210.0
8,46.0,49.69565217391305,53.66102229747083,7.0,7.0,21.0,61.25,217.0
9,37.0,39.648648648648646,37.927720891348216,7.0,14.0,28.0,56.0,147.0
10,25.0,27.88,28.766763228883896,7.0,7.0,14.0,35.0,130.0
11,20.0,20.85,30.99282599502496,7.0,7.0,7.0,15.75,130.0
12,23.0,42.17391304347826,34.68121337647837,7.0,14.0,28.0,63.0,130.0
13,55.0,30.618181818181817,39.9701235225859,7.0,7.0,14.0,42.0,245.0
14,35.0,29.714285714285715,33.70422510481388,7.0,7.0,14.0,38.5,147.0
15,16.0,35.6875,37.827183788029124,7.0,7.0,24.5,43.75,130.0
16,40.0,51.9,37.84638315544456,7.0,14.0,45.5,70.0,161.0
17,31.0,46.193548387096776,60.06575250220307,7.0,10.5,28.0,56.0,308.0
18,55.0,34.945454545454545,28.95873064911652,7.0,14.0,28.0,49.0,147.0
19,40.0,37.2,35.004175575098294,7.0,7.0,28.0,43.75,154.0
20,37.0,36.810810810810814,39.17825207223308,7.0,7.0,28.0,42.0,175.0
21,41.0,55.41463414634146,47.70114024305714,7.0,21.0,42.0,77.0,217.0
22,26.0,33.0,49.0811572805695,7.0,7.0,14.0,28.0,210.0
23,40.0,57.5,48.934807495436054,7.0,28.0,42.0,71.75,231.0
24,35.0,57.91428571428571,50.02080239529258,7.0,21.0,49.0,80.5,217.0
25,15.0,33.86666666666667,36.74597483625474,7.0,7.0,14.0,45.5,130.0
26,42.0,54.26190476190476,48.98982449040275,7.0,21.0,42.0,63.0,245.0
27,46.0,49.08695652173913,56.22210956434074,7.0,7.0,28.0,68.25,245.0
28,35.0,48.114285714285714,57.389674941717224,7.0,7.0,21.0,77.0,231.0
29,43.0,31.348837209302324,25.662538679422738,7.0,14.0,28.0,45.5,130.0
30,35.0,39.714285714285715,42.85445369714415,7.0,7.0,28.0,49.0,161.0
31,26.0,30.576923076923077,40.280191734323296,7.0,7.0,7.0,38.5,130.0
32,33.0,31.515151515151516,38.53985048955919,7.0,7.0,21.0,35.0,182.0
33,11.0,22.636363636363637,36.02574836772368,7.0,7.0,14.0,17.5,130.0
34,42.0,48.76190476190476,44.97956691861128,7.0,14.0,35.0,63.0,210.0
35,26.0,33.53846153846154,34.294291967300644,7.0,7.0,17.5,47.25,130.0
36,26.0,37.57692307692308,39.280705774640126,7.0,7.0,24.5,49.0,158.0
37,42.0,44.26190476190476,33.590111439637916,7.0,15.75,38.5,56.0,151.0
38,45.0,43.17777777777778,37.53621820012875,7.0,14.0,35.0,56.0,154.0
39,46.0,44.82608695652174,37.287057240833036,7.0,14.0,35.0,63.0,144.0
40,28.0,52.392857142857146,57.243689146402396,7.0,7.0,31.5,73.5,231.0
41,45.0,42.08888888888889,35.29474737010016,7.0,21.0,35.0,56.0,175.0
42,36.0,41.52777777777778,26.98198987802378,7.0,28.0,35.0,43.75,137.0
43,56.0,34.44642857142857,43.122624158157564,7.0,7.0,14.0,42.0,210.0
44,34.0,45.411764705882355,55.09062376752031,7.0,7.0,14.0,63.0,224.0
45,34.0,42.94117647058823,42.196467737040095,7.0,14.0,31.5,61.25,182.0
46,20.0,33.8,33.36812219690177,7.0,14.0,24.5,36.75,137.0
47,43.0,17.023255813953487,23.188141850536883,7.0,7.0,14.0,14.0,144.0
48,23.0,27.26086956521739,30.92397920899859,7.0,7.0,21.0,35.0,144.0
49,44.0,31.431818181818183,34.14360761260273,7.0,12.25,21.0,35.0,144.0
50,42.0,44.595238095238095,48.776273482298514,7.0,14.0,31.5,61.25,252.0
51,36.0,25.97222222222222,33.329083062361285,7.0,7.0,7.0,36.75,137.0
52,38.0,37.68421052631579,36.61716128690532,7.0,8.75,24.5,61.25,172.0
53,38.0,51.86842105263158,67.55265055820936,7.0,14.0,28.0,66.5,385.0
54,54.0,32.351851851851855,29.847510188129064,7.0,14.0,21.0,42.0,137.0
55,46.0,44.82608695652174,40.51024800265625,7.0,14.0,31.5,63.0,158.0
56,35.0,36.31428571428572,32.68726270058634,7.0,14.0,28.0,49.0,151.0
57,41.0,48.24390243902439,36.339221571055205,7.0,21.0,42.0,63.0,158.0
58,27.0,36.96296296296296,40.54672658843173,7.0,14.0,21.0,42.0,144.0
59,43.0,58.04651162790697,49.900831889416565,7.0,24.5,42.0,66.5,245.0
60,38.0,37.86842105263158,53.17648893842017,7.0,7.0,14.0,35.0,252.0
61,19.0,29.68421052631579,33.90845950100054,7.0,7.0,14.0,31.5,137.0
62,42.0,46.42857142857143,43.10064390733021,7.0,15.75,28.0,66.5,196.0
63,46.0,44.06521739130435,45.55212017210519,7.0,14.0,21.0,56.0,182.0
64,39.0,37.61538461538461,45.63678997464966,7.0,7.0,21.0,45.5,210.0
65,45.0,32.44444444444444,26.790055444270187,7.0,14.0,28.0,42.0,144.0
66,31.0,62.67741935483871,54.72256517913745,7.0,21.0,56.0,80.5,210.0
67,25.0,36.56,47.132861855256216,7.0,7.0,7.0,35.0,147.0
68,44.0,30.954545454545453,40.46701473031995,7.0,7.0,14.0,29.75,189.0
69,14.0,25.785714285714285,38.25255863021769,7.0,7.0,7.0,21.0,144.0
70,41.0,43.1219512195122,44.39211367008291,7.0,14.0,28.0,56.0,168.0
71,26.0,30.846153846153847,27.404659906946204,7.0,14.0,24.5,42.0,137.0
72,32.0,32.9375,41.127604339539126,7.0,7.0,14.0,36.75,165.0
73,44.0,41.61363636363637,34.63847565600528,7.0,14.0,35.0,56.0,179.0
74,33.0,38.09090909090909,41.48445765913696,7.0,7.0,21.0,63.0,186.0
75,45.0,49.86666666666667,43.357708762005736,7.0,14.0,35.0,77.0,172.0
76,23.0,58.30434782608695,65.85413273606277,7.0,7.0,28.0,115.5,221.0
77,43.0,49.093023255813954,39.137008398146484,7.0,24.5,35.0,63.0,189.0
78,36.0,48.138888888888886,31.14954966680007,7.0,28.0,42.0,56.0,165.0
79,53.0,42.339622641509436,48.60474153675608,7.0,7.0,21.0,49.0,217.0
80,37.0,41.16216216216216,55.497003679634965,7.0,7.0,21.0,35.0,231.0
81,42.0,39.76190476190476,53.79854451010123,7.0,7.0,21.0,42.0,280.0
82,19.0,38.526315789473685,38.40915461051879,7.0,14.0,28.0,49.0,158.0
83,41.0,18.536585365853657,23.862206059976526,7.0,7.0,14.0,21.0,151.0
84,25.0,22.84,34.66588140136253,7.0,7.0,7.0,21.0,172.0
85,45.0,30.57777777777778,34.930768469339256,7.0,7.0,21.0,35.0,200.0
86,35.0,56.51428571428571,57.15169259424042,7.0,14.0,35.0,66.5,245.0
87,36.0,29.27777777777778,34.973958566021345,7.0,14.0,14.0,22.75,158.0
88,42.0,37.76190476190476,35.67044928762396,7.0,14.0,28.0,56.0,179.0
89,38.0,58.5,65.96098355354741,7.0,21.0,38.5,68.25,364.0
90,48.0,36.104166666666664,34.05954709368506,7.0,12.25,28.0,56.0,165.0
91,46.0,46.65217391304348,38.94452886481509,7.0,21.0,42.0,56.0,186.0
92,38.0,28.473684210526315,36.647876559631854,7.0,7.0,14.0,35.0,179.0
93,40.0,45.425,39.47598263663876,7.0,14.0,42.0,49.0,172.0
94,19.0,50.68421052631579,69.84033587132785,7.0,10.5,28.0,45.5,287.0
95,43.0,53.48837209302326,52.74709294315174,7.0,21.0,42.0,63.0,252.0
96,32.0,45.84375,63.572214144941675,7.0,7.0,14.0,57.75,245.0
97,14.0,35.785714285714285,48.25282545960563,7.0,7.0,14.0,33.25,165.0
98,42.0,52.26190476190476,48.626530710778844,7.0,14.0,42.0,73.5,203.0
99,45.0,54.22222222222222,47.78022075032193,7.0,14.0,35.0,84.0,186.0
100,36.0,43.27777777777778,46.89539186079777,7.0,7.0,28.0,57.75,179.0
101,47.0,31.95744680851064,29.340547286624204,7.0,14.0,28.0,42.0,172.0
102,33.0,54.84848484848485,53.87376519009578,7.0,14.0,42.0,84.0,207.0
103,28.0,37.642857142857146,64.44705796561453,7.0,7.0,14.0,28.0,294.0
104,40.0,33.175,44.29266739106355,7.0,7.0,14.0,31.5,196.0
105,14.0,25.785714285714285,41.16790865828265,7.0,7.0,14.0,26.25,165.0
106,32.0,60.28125,50.824323853459084,7.0,19.25,52.5,82.25,200.0
107,26.0,47.53846153846154,54.87457026290467,7.0,14.0,21.0,68.25,224.0
108,25.0,37.4,50.63266402893162,7.0,14.0,21.0,28.0,200.0
109,41.0,44.31707317073171,53.61130432305777,7.0,7.0,28.0,63.0,263.0
110,37.0,51.37837837837838,54.977445552876674,7.0,14.0,42.0,77.0,277.0
111,42.0,59.26190476190476,53.66384054136682,7.0,22.75,42.0,77.0,224.0
112,27.0,61.333333333333336,98.61151438463345,7.0,14.0,21.0,59.5,459.0
113,43.0,46.16279069767442,41.74293794424459,7.0,24.5,35.0,59.5,214.0
114,30.0,45.86666666666667,35.97003861772905,7.0,21.0,45.5,56.0,172.0
115,49.0,43.08163265306123,58.49780506377064,7.0,7.0,28.0,42.0,259.0
116,33.0,44.03030303030303,54.77139128258751,7.0,7.0,21.0,42.0,221.0
117,38.0,37.86842105263158,45.880674287931086,7.0,8.75,24.5,42.0,214.0
118,12.0,60.416666666666664,79.45205338994573,7.0,7.0,21.0,73.5,245.0
119,38.0,25.342105263157894,36.19562189128305,7.0,7.0,14.0,28.0,200.0
120,28.0,31.892857142857142,41.034167593030446,7.0,7.0,10.5,42.0,186.0
121,43.0,34.93023255813954,42.79652597651957,7.0,7.0,28.0,42.0,263.0
122,38.0,56.473684210526315,53.4682208429811,7.0,14.0,42.0,82.25,203.0
123,35.0,47.114285714285714,76.50442948674565,7.0,21.0,28.0,38.5,466.0
124,35.0,39.31428571428572,37.70221668360022,7.0,14.0,28.0,56.0,200.0
125,34.0,55.5,61.08029985439684,7.0,21.0,38.5,63.0,277.0
126,43.0,39.81395348837209,36.608128042276206,7.0,14.0,28.0,52.5,172.0
127,45.0,42.86666666666667,41.528522509453445,7.0,14.0,28.0,49.0,193.0
128,35.0,30.514285714285716,57.71398618775758,7.0,7.0,14.0,38.5,347.0
129,37.0,44.567567567567565,50.04916501720003,7.0,14.0,28.0,63.0,193.0
