id,count,mean,std,min,25%,50%,75%,max
0,28.0,27.785714285714285,32.51934711072682,7.0,7.0,14.0,35.0,120.0
1,47.0,32.638297872340424,25.9894841040814,7.0,7.0,28.0,45.5,120.0
2,48.0,35.3125,30.9928998389233,7.0,12.25,24.5,50.75,133.0
3,51.0,40.64705882352941,34.595273393578935,7.0,17.5,28.0,52.5,154.0
4,28.0,39.785714285714285,47.61680153433017,7.0,7.0,14.0,64.75,147.0
5,55.0,30.30909090909091,21.924848685885834,7.0,14.0,21.0,42.0,120.0
6,34.0,27.0,23.62971934584997,7.0,14.0,21.0,35.0,120.0
7,41.0,36.5609756097561,38.44284639597321,7.0,7.0,21.0,42.0,147.0
8,35.0,31.228571428571428,42.38068768998009,7.0,7.0,14.0,38.5,196.0
9,25.0,47.08,64.28317561124892,7.0,7.0,28.0,49.0,266.0
10,6.0,28.166666666666668,45.11947103708848,7.0,7.0,10.5,14.0,120.0
11,15.0,17.333333333333332,28.855964143772198,7.0,7.0,7.0,14.0,120.0
12,30.0,42.96666666666667,46.114911443818954,7.0,14.0,21.0,56.0,203.0
13,46.0,27.717391304347824,32.35955159933686,7.0,7.0,17.5,40.25,161.0
14,43.0,23.790697674418606,26.724839648977614,7.0,7.0,7.0,28.0,120.0
15,19.0,22.526315789473685,33.93845478878336,7.0,7.0,7.0,17.5,120.0
16,37.0,35.972972972972975,29.276921595996704,7.0,14.0,28.0,56.0,120.0
17,38.0,31.894736842105264,28.81515130141556,7.0,7.0,14.0,49.0,120.0
18,48.0,36.770833333333336,58.94217851251698,7.0,7.0,21.0,49.0,392.0
19,37.0,24.243243243243242,32.39633501682748,7.0,7.0,7.0,28.0,147.0
20,32.0,25.40625,33.10477928170376,7.0,7.0,7.0,24.5,120.0
21,51.0,40.372549019607845,33.28360604520714,7.0,14.0,35.0,56.0,189.0
22,27.0,15.333333333333334,26.63138691902413,7.0,7.0,7.0,7.0,120.0
23,49.0,37.30612244897959,36.84890550253418,7.0,7.0,28.0,49.0,133.0
24,37.0,30.2972972972973,32.78623090470963,7.0,7.0,14.0,42.0,120.0
25,21.0,36.38095238095238,36.056173105969236,7.0,7.0,21.0,56.0,120.0
26,39.0,44.8974358974359,52.11767801498272,7.0,7.0,28.0,59.5,231.0
27,50.0,31.94,30.625059766705533,7.0,7.0,21.0,42.0,120.0
28,39.0,30.358974358974358,33.151555635077536,7.0,7.0,14.0,38.5,126.0
29,35.0,29.228571428571428,27.81037228666112,7.0,7.0,21.0,42.0,120.0
30,33.0,40.96969696969697,47.756861318875465,7.0,14.0,28.0,42.0,203.0
31,25.0,31.68,38.28263313827824,7.0,7.0,14.0,35.0,140.0
32,24.0,42.333333333333336,44.08161074413118,7.0,7.0,24.5,63.0,147.0
33,19.0,33.94736842105263,38.41219957283613,7.0,7.0,14.0,42.0,120.0
34,36.0,45.52777777777778,51.24868562000179,7.0,14.0,28.0,56.0,210.0
35,22.0,31.545454545454547,30.439209164258102,7.0,8.75,24.5,40.25,120.0
36,28.0,29.035714285714285,32.282872586463895,7.0,14.0,21.0,28.0,148.0
37,45.0,36.577777777777776,33.971571596964374,7.0,14.0,28.0,42.0,148.0
38,45.0,40.0,38.30618274330707,7.0,14.0,28.0,56.0,161.0
39,52.0,39.19230769230769,35.721163311062895,7.0,14.0,28.0,56.0,154.0
40,27.0,32.44444444444444,35.7118094379623,7.0,7.0,21.0,42.0,141.0
41,48.0,29.479166666666668,28.1674246614194,7.0,12.25,21.0,42.0,155.0
42,32.0,29.125,25.710233935774642,7.0,12.25,21.0,43.75,127.0
43,52.0,28.557692307692307,36.887966825659014,7.0,7.0,14.0,29.75,182.0
44,41.0,30.24390243902439,43.01614841417399,7.0,7.0,14.0,28.0,210.0
45,36.0,38.72222222222222,55.212116222598986,7.0,7.0,21.0,36.75,238.0
46,23.0,17.391304347826086,26.28469850491101,7.0,7.0,7.0,14.0,127.0
47,39.0,17.076923076923077,21.435809458135843,7.0,7.0,7.0,21.0,134.0
48,19.0,26.57894736842105,35.751170593847824,7.0,7.0,14.0,24.5,134.0
49,43.0,24.767441860465116,31.21418878323364,7.0,7.0,14.0,21.0,147.0
50,50.0,31.66,27.65723878377697,7.0,14.0,28.0,40.25,141.0
51,36.0,22.0,25.44798616786798,7.0,7.0,14.0,22.75,127.0
52,27.0,28.555555555555557,30.28624126986395,7.0,7.0,14.0,42.0,148.0
53,48.0,31.958333333333332,30.494476886271976,7.0,7.0,17.5,49.0,134.0
54,48.0,34.0,54.02678610672003,7.0,7.0,14.0,42.0,357.0
55,51.0,32.549019607843135,37.07145194107735,7.0,7.0,21.0,35.0,168.0
56,37.0,21.027027027027028,29.495278799690496,7.0,7.0,7.0,21.0,148.0
57,37.0,43.16216216216216,34.913793448621036,7.0,21.0,35.0,56.0,155.0
58,34.0,29.676470588235293,32.57506072296979,7.0,8.75,14.0,35.0,141.0
59,48.0,38.8125,40.9122861690039,7.0,7.0,28.0,56.0,196.0
60,40.0,28.9,32.81791255725118,7.0,7.0,14.0,36.75,148.0
61,19.0,48.68421052631579,72.18498815280005,7.0,7.0,14.0,49.0,266.0
62,44.0,38.20454545454545,32.14543950833357,7.0,19.25,28.0,49.0,134.0
63,48.0,33.708333333333336,34.86506410485231,7.0,7.0,21.0,42.0,148.0
64,44.0,25.954545454545453,29.336820697304486,7.0,7.0,7.0,36.75,127.0
65,40.0,27.15,26.831430096542395,7.0,7.0,21.0,35.0,141.0
66,35.0,47.42857142857143,51.27049702846871,7.0,17.5,28.0,63.0,224.0
67,26.0,29.115384615384617,37.197125612688865,7.0,7.0,14.0,33.25,141.0
68,37.0,31.81081081081081,39.90950724788229,7.0,7.0,14.0,42.0,155.0
69,16.0,26.75,30.911702206985193,7.0,7.0,17.5,35.0,127.0
70,40.0,40.275,45.387215809899146,7.0,14.0,21.0,43.75,210.0
71,28.0,23.785714285714285,30.037454573393486,7.0,7.0,14.0,22.75,134.0
72,27.0,26.74074074074074,36.517216795740644,7.0,7.0,14.0,24.5,162.0
73,40.0,40.8,28.892550721241058,7.0,21.0,42.0,50.75,155.0
74,32.0,30.65625,33.667836067734896,7.0,12.25,21.0,36.75,169.0
75,45.0,43.888888888888886,43.713541807702306,7.0,14.0,28.0,63.0,169.0
76,30.0,30.133333333333333,40.4353322226246,7.0,7.0,17.5,28.0,162.0
77,50.0,34.6,31.829905075932245,7.0,14.0,28.0,47.25,190.0
78,29.0,31.17241379310345,28.615766090837358,7.0,14.0,28.0,42.0,148.0
79,51.0,39.27450980392157,61.770244756313716,7.0,7.0,14.0,49.0,371.0
80,35.0,35.42857142857143,46.31115080707486,7.0,14.0,21.0,35.0,203.0
81,36.0,32.888888888888886,36.29386235225516,7.0,7.0,17.5,45.5,162.0
82,21.0,25.38095238095238,29.601480014479332,7.0,14.0,14.0,21.0,141.0
83,37.0,26.513513513513512,25.332918441363145,7.0,14.0,21.0,28.0,155.0
84,28.0,28.285714285714285,37.69552202785341,7.0,7.0,7.0,36.75,176.0
85,39.0,24.615384615384617,32.11624886713183,7.0,7.0,14.0,28.0,176.0
86,44.0,31.363636363636363,38.25562181461481,7.0,7.0,17.5,35.0,168.0
87,34.0,29.058823529411764,25.07315499900796,14.0,14.0,21.0,28.0,155.0
88,42.0,29.023809523809526,40.774506678679316,7.0,7.0,14.0,28.0,196.0
89,44.0,40.11363636363637,39.818901617249914,7.0,14.0,28.0,43.75,204.0
90,46.0,36.08695652173913,45.78734715421161,7.0,7.0,21.0,40.25,231.0
91,47.0,36.212765957446805,37.833695684398656,7.0,7.0,21.0,52.5,162.0
92,34.0,27.41176470588235,32.329850778141534,7.0,7.0,17.5,28.0,155.0
93,39.0,38.256410256410255,36.22351515152172,7.0,10.5,28.0,56.0,183.0
94,25.0,50.16,72.18129951725724,7.0,7.0,21.0,35.0,273.0
95,49.0,43.87755102040816,57.840165057488825,7.0,7.0,21.0,49.0,273.0
96,38.0,33.0,43.04868394259213,7.0,7.0,14.0,33.25,189.0
97,17.0,39.1764705882353,53.08746944208875,7.0,7.0,14.0,49.0,175.0
98,47.0,39.340425531914896,36.66195551827101,7.0,14.0,28.0,49.0,168.0
99,49.0,49.44897959183673,49.948749243803974,7.0,14.0,42.0,56.0,210.0
100,43.0,31.6046511627907,37.51072198140009,7.0,7.0,14.0,35.0,162.0
101,39.0,31.076923076923077,28.754299097686076,7.0,10.5,28.0,42.0,169.0
102,32.0,49.25,55.57267836486884,7.0,12.25,31.5,70.0,231.0
103,26.0,28.307692307692307,39.952741313476075,7.0,7.0,14.0,28.0,162.0
104,38.0,30.42105263157895,38.00684972329392,7.0,7.0,14.0,35.0,183.0
105,10.0,51.2,56.19568983076509,7.0,7.0,31.5,70.0,148.0
106,37.0,35.972972972972975,43.90171249917662,7.0,7.0,14.0,35.0,176.0
107,24.0,38.833333333333336,39.884252822240576,7.0,7.0,24.5,70.0,155.0
108,28.0,30.785714285714285,43.24123301669638,7.0,7.0,14.0,29.75,169.0
109,41.0,39.80487804878049,41.528435747205265,7.0,14.0,28.0,49.0,211.0
110,43.0,42.02325581395349,56.26446411795477,7.0,14.0,21.0,49.0,323.0
111,48.0,48.4375,45.63029333910495,7.0,14.0,31.5,77.0,183.0
112,29.0,48.55172413793103,99.54811693953279,7.0,7.0,14.0,35.0,512.0
113,46.0,35.78260869565217,36.41178871585304,7.0,14.0,21.0,49.0,211.0
114,24.0,52.25,85.6201164903791,7.0,14.0,35.0,49.0,420.0
115,49.0,33.02040816326531,61.66255272175541,7.0,7.0,7.0,28.0,343.0
116,38.0,32.078947368421055,52.28889685198145,7.0,7.0,7.0,28.0,224.0
117,34.0,36.470588235294116,40.15819875089297,7.0,14.0,21.0,40.25,197.0
118,15.0,37.4,43.03951672591131,7.0,17.5,21.0,38.5,183.0
119,35.0,30.82857142857143,34.21513744312743,7.0,7.0,21.0,35.0,176.0
