id,count,mean,std,min,25%,50%,75%,max
0,40.0,10.0,22.38474755446045,0.0,0.0,3.5,8.75,134.0
1,54.0,11.555555555555555,20.43273979049095,0.0,0.0,7.0,14.0,141.0
2,52.0,12.538461538461538,26.626289189785712,0.0,0.0,7.0,8.75,141.0
3,53.0,6.754716981132075,17.32484394465998,0.0,0.0,0.0,7.0,120.0
4,42.0,18.69047619047619,25.018518112554144,0.0,0.0,14.0,26.25,127.0
5,55.0,9.818181818181818,20.404330430982057,0.0,0.0,7.0,14.0,148.0
6,47.0,14.319148936170214,29.195820414825256,0.0,0.0,0.0,14.0,120.0
7,53.0,11.377358490566039,28.057788179106858,0.0,0.0,0.0,7.0,134.0
8,53.0,16.39622641509434,27.107577440947786,0.0,0.0,7.0,21.0,162.0
9,59.0,13.305084745762711,23.516138433064196,0.0,0.0,7.0,14.0,141.0
10,25.0,4.8,24.000000000000004,0.0,0.0,0.0,0.0,120.0
11,48.0,15.333333333333334,39.77989085344575,0.0,0.0,0.0,14.0,245.0
12,46.0,14.478260869565217,25.88585124514916,0.0,0.0,7.0,7.0,127.0
13,60.0,7.016666666666667,17.215967821258232,0.0,0.0,0.0,7.0,127.0
14,53.0,12.962264150943396,22.172368687999366,0.0,0.0,7.0,14.0,134.0
15,48.0,6.4375,18.273229168795513,0.0,0.0,0.0,7.0,120.0
16,52.0,21.826923076923077,26.413544619503757,0.0,0.0,14.0,28.0,141.0
17,52.0,16.307692307692307,23.80767586019797,0.0,7.0,7.0,21.0,127.0
18,59.0,11.169491525423728,22.526729366330404,0.0,0.0,7.0,7.0,120.0
19,49.0,16.020408163265305,23.761391825745367,0.0,0.0,7.0,21.0,141.0
20,52.0,14.557692307692308,28.45182613219071,0.0,0.0,7.0,14.0,140.0
21,55.0,9.818181818181818,22.478047652379118,0.0,0.0,7.0,7.0,148.0
22,41.0,13.0,22.073740054644116,0.0,0.0,7.0,14.0,127.0
23,51.0,16.07843137254902,27.41302109381956,0.0,0.0,7.0,21.0,133.0
24,44.0,13.545454545454545,23.964561573633897,0.0,0.0,7.0,15.75,141.0
25,42.0,12.023809523809524,23.008469379390412,0.0,0.0,7.0,14.0,120.0
26,54.0,16.87037037037037,28.70937411585959,0.0,0.0,7.0,14.0,154.0
27,49.0,21.306122448979593,25.77482951902289,0.0,7.0,14.0,28.0,141.0
28,50.0,11.36,20.351763700335304,0.0,0.0,7.0,14.0,120.0
29,59.0,13.186440677966102,27.344844169057556,0.0,0.0,7.0,14.0,147.0
30,44.0,15.931818181818182,35.749384595303425,0.0,0.0,7.0,14.0,203.0
31,32.0,19.5,40.852212006284944,0.0,0.0,7.0,14.0,182.0
32,53.0,8.867924528301886,22.304740558428605,0.0,0.0,0.0,7.0,148.0
33,28.0,10.035714285714286,23.9976575135484,0.0,0.0,0.0,8.75,120.0
34,51.0,17.862745098039216,30.24368999169456,0.0,0.0,7.0,17.5,134.0
35,30.0,8.433333333333334,23.45602390583844,0.0,0.0,0.0,7.0,127.0
36,39.0,13.307692307692308,28.847287427119277,0.0,0.0,0.0,14.0,155.0
37,53.0,8.471698113207546,20.96389182672188,0.0,0.0,7.0,7.0,148.0
38,52.0,17.923076923076923,28.656071562685135,0.0,0.0,7.0,21.0,162.0
39,52.0,15.903846153846153,27.267922413711332,0.0,0.0,7.0,21.0,155.0
40,41.0,14.878048780487806,26.426497234736974,0.0,0.0,7.0,14.0,155.0
41,54.0,13.5,25.299526433035243,0.0,0.0,7.0,14.0,176.0
42,46.0,12.347826086956522,27.243117288840615,0.0,0.0,3.5,12.25,141.0
43,48.0,28.020833333333332,52.19826751153407,0.0,0.0,10.5,35.0,259.0
44,48.0,11.541666666666666,27.052319940892264,0.0,0.0,7.0,14.0,183.0
45,55.0,11.854545454545455,23.74901025759786,0.0,0.0,7.0,14.0,155.0
46,25.0,7.04,26.62311026157537,0.0,0.0,0.0,7.0,134.0
47,47.0,11.936170212765957,25.14082446100552,0.0,0.0,7.0,10.5,148.0
48,40.0,16.825,31.22038083507598,0.0,0.0,7.0,15.75,169.0
49,59.0,12.711864406779661,24.09682397691449,0.0,0.0,7.0,14.0,169.0
50,52.0,21.557692307692307,31.04482114717899,0.0,0.0,10.5,28.0,155.0
51,48.0,13.4375,25.974542569641677,0.0,0.0,0.0,14.0,148.0
52,51.0,12.098039215686274,32.98560589224384,0.0,0.0,0.0,7.0,175.0
53,52.0,12.673076923076923,28.50298997308408,0.0,0.0,7.0,14.0,197.0
54,58.0,13.172413793103448,23.228187603309546,0.0,0.0,7.0,14.0,148.0
55,48.0,17.666666666666668,27.394931456449132,0.0,7.0,7.0,21.0,162.0
56,52.0,13.48076923076923,25.43695812420125,0.0,0.0,7.0,14.0,155.0
57,55.0,9.690909090909091,23.88853182725872,0.0,0.0,0.0,7.0,155.0
58,39.0,13.128205128205128,27.168266596372167,0.0,0.0,7.0,14.0,162.0
59,51.0,20.333333333333332,40.610179347876155,0.0,0.0,7.0,14.0,203.0
60,44.0,16.09090909090909,33.509331003029786,0.0,0.0,7.0,14.0,169.0
61,40.0,19.625,37.29486628588513,0.0,0.0,7.0,14.0,175.0
62,54.0,15.833333333333334,26.009976315339625,0.0,0.0,7.0,14.0,148.0
63,48.0,21.458333333333332,27.640517848809466,0.0,7.0,14.0,28.0,169.0
64,49.0,14.877551020408163,25.936326401610625,0.0,0.0,7.0,14.0,155.0
65,58.0,12.086206896551724,22.01298220050958,0.0,0.0,7.0,14.0,162.0
66,44.0,10.840909090909092,25.87082686879691,0.0,0.0,7.0,14.0,169.0
67,30.0,11.233333333333333,29.038242719384467,0.0,0.0,3.5,7.0,155.0
68,53.0,10.452830188679245,30.880393354992595,0.0,0.0,0.0,7.0,176.0
69,28.0,10.285714285714286,26.270469469302718,0.0,0.0,7.0,7.0,141.0
70,50.0,19.34,26.855326686312555,0.0,7.0,14.0,21.0,169.0
71,30.0,12.633333333333333,26.964195075914173,0.0,0.0,7.0,14.0,148.0
72,39.0,17.435897435897434,30.164282531178863,0.0,0.0,7.0,17.5,162.0
73,53.0,10.716981132075471,28.2525542470129,0.0,0.0,7.0,14.0,204.0
74,50.0,12.06,44.74891858230447,0.0,0.0,0.0,7.0,316.0
75,52.0,17.51923076923077,28.500767368145585,0.0,0.0,14.0,21.0,176.0
76,40.0,26.975,59.3125089500412,0.0,0.0,7.0,21.0,344.0
77,53.0,8.60377358490566,26.454125476321856,0.0,0.0,0.0,7.0,190.0
78,46.0,8.23913043478261,25.796799786544316,0.0,0.0,0.0,7.0,169.0
79,47.0,20.872340425531913,36.60043776245484,0.0,0.0,7.0,21.0,183.0
80,48.0,13.729166666666666,31.065298135169257,0.0,0.0,7.0,14.0,204.0
81,55.0,14.272727272727273,33.585410492947645,0.0,0.0,7.0,14.0,190.0
82,25.0,11.8,35.00357124637428,0.0,0.0,0.0,14.0,176.0
83,46.0,20.717391304347824,43.47702486165833,0.0,0.0,7.0,21.0,245.0
84,40.0,14.2,36.318533800745556,0.0,0.0,0.0,7.0,183.0
85,55.0,21.145454545454545,49.20720294376446,0.0,0.0,7.0,14.0,253.0
86,51.0,27.88235294117647,37.74262686079152,0.0,7.0,14.0,35.0,190.0
87,45.0,19.77777777777778,50.85536035431935,0.0,0.0,7.0,14.0,309.0
88,51.0,8.666666666666666,26.153903469017138,0.0,0.0,0.0,7.0,176.0
89,51.0,14.019607843137255,37.30066497856489,0.0,0.0,0.0,14.0,253.0
90,57.0,12.175438596491228,24.59683690975147,0.0,0.0,7.0,14.0,169.0
91,48.0,20.0,31.219879100724107,0.0,0.0,10.5,28.0,190.0
92,52.0,13.346153846153847,43.11265890044435,0.0,0.0,7.0,8.75,309.0
93,51.0,17.725490196078432,39.164309482676984,0.0,0.0,7.0,14.0,225.0
94,37.0,16.2972972972973,35.71014862353159,0.0,0.0,7.0,14.0,183.0
95,50.0,19.06,34.45755152565047,0.0,0.0,7.0,21.0,197.0
96,43.0,17.767441860465116,35.51514580281699,0.0,0.0,7.0,21.0,176.0
97,39.0,22.46153846153846,45.934648173617354,0.0,0.0,7.0,14.0,218.0
98,54.0,16.09259259259259,28.662820911166516,0.0,0.0,7.0,21.0,197.0
99,47.0,20.425531914893618,35.6929810910694,0.0,0.0,14.0,21.0,176.0
100,46.0,15.08695652173913,30.040584464617954,0.0,0.0,7.0,14.0,183.0
101,58.0,9.431034482758621,28.776886478601167,0.0,0.0,0.0,7.0,211.0
102,44.0,15.136363636363637,31.077989600875657,0.0,0.0,7.0,21.0,204.0
103,30.0,17.766666666666666,35.32380591566849,0.0,7.0,7.0,14.0,190.0
104,53.0,8.60377358490566,29.049255003449616,0.0,0.0,7.0,7.0,211.0
105,28.0,18.285714285714285,35.24607374283998,0.0,0.0,0.0,21.0,162.0
106,49.0,26.877551020408163,39.100102649620815,0.0,0.0,7.0,35.0,197.0
107,28.0,16.535714285714285,38.577946245334736,0.0,0.0,7.0,14.0,204.0
108,39.0,14.743589743589743,49.439872013076304,0.0,0.0,7.0,14.0,309.0
109,53.0,12.830188679245284,37.24489425465776,0.0,0.0,7.0,14.0,274.0
110,49.0,19.020408163265305,86.75071800757577,0.0,0.0,7.0,7.0,610.0
111,52.0,16.576923076923077,30.635328928904975,0.0,0.0,7.0,21.0,183.0
112,39.0,24.615384615384617,78.21919786714612,0.0,0.0,7.0,17.5,491.0
113,53.0,11.11320754716981,33.291059308745396,0.0,0.0,7.0,7.0,239.0
114,46.0,10.217391304347826,31.609360810071063,0.0,0.0,0.0,7.0,211.0
115,47.0,28.319148936170212,50.316868285323096,0.0,0.0,14.0,24.5,266.0
116,48.0,15.770833333333334,37.96708517568327,0.0,0.0,3.5,15.75,253.0
117,53.0,16.92452830188679,35.54836848825932,0.0,0.0,7.0,14.0,218.0
118,24.0,31.833333333333332,55.554647335571396,0.0,0.0,7.0,21.0,197.0
119,44.0,19.75,35.47427826756524,0.0,0.0,7.0,28.0,211.0
