id,count,mean,std,min,25%,50%,75%,max
0,24.0,65.33333333333333,58.408357551672836,7.0,12.25,49.0,113.75,175.0
1,40.0,53.2,58.30389000524399,7.0,12.25,35.0,71.75,294.0
2,30.0,54.833333333333336,61.44079478951925,7.0,8.75,38.5,68.25,238.0
3,34.0,45.911764705882355,57.522257956618915,7.0,7.0,21.0,47.25,224.0
4,25.0,70.56,86.77176960279189,7.0,14.0,21.0,91.0,294.0
5,42.0,55.666666666666664,54.30881286192458,7.0,22.75,42.0,68.25,322.0
6,35.0,33.4,23.834231437898186,7.0,17.5,35.0,42.0,140.0
7,32.0,48.34375,72.92754219970891,7.0,7.0,17.5,57.75,343.0
8,36.0,48.416666666666664,61.71750156965203,7.0,7.0,17.5,57.75,259.0
9,43.0,41.674418604651166,42.632829363471565,7.0,14.0,28.0,52.5,175.0
10,28.0,25.5,34.829212940778234,7.0,7.0,7.0,29.75,140.0
11,29.0,28.96551724137931,30.72514414544903,7.0,7.0,21.0,35.0,140.0
12,31.0,39.516129032258064,44.32897545078308,7.0,7.0,21.0,52.5,182.0
13,40.0,33.95,31.12584053030454,7.0,7.0,24.5,42.0,140.0
14,45.0,36.08888888888889,30.945569680138103,7.0,14.0,28.0,49.0,140.0
15,14.0,22.0,34.930700625006736,7.0,7.0,7.0,21.0,140.0
16,35.0,49.8,64.95464480968964,7.0,14.0,28.0,56.0,315.0
17,41.0,69.3170731707317,72.89425183935639,7.0,21.0,42.0,105.0,364.0
18,35.0,27.8,25.997511193098738,7.0,7.0,21.0,42.0,140.0
19,37.0,55.810810810810814,62.35910244429162,7.0,14.0,28.0,70.0,259.0
20,34.0,26.970588235294116,31.45317375142663,7.0,7.0,14.0,35.0,140.0
21,41.0,64.53658536585365,57.05133546244803,7.0,28.0,56.0,77.0,287.0
22,30.0,50.86666666666667,58.188002871390246,7.0,14.0,28.0,70.0,210.0
23,39.0,68.74358974358974,81.0129027893309,7.0,14.0,42.0,98.0,392.0
24,30.0,70.7,59.46378208044242,7.0,22.75,49.0,105.0,203.0
25,35.0,40.6,67.86327084227347,7.0,7.0,7.0,52.5,371.0
26,35.0,48.6,48.880526616976425,7.0,14.0,35.0,63.0,196.0
27,32.0,73.5,51.59269765783626,7.0,33.25,52.5,112.0,182.0
28,34.0,47.55882352941177,66.11156373267868,7.0,7.0,21.0,47.25,252.0
29,45.0,32.82222222222222,27.793302732271254,7.0,14.0,28.0,42.0,140.0
30,32.0,55.125,65.97201263879178,7.0,14.0,28.0,77.0,287.0
31,26.0,43.88461538461539,64.78106323491576,7.0,7.0,10.5,56.0,259.0
32,29.0,46.10344827586207,62.791801573354995,7.0,7.0,14.0,49.0,231.0
33,14.0,34.0,35.67804754920141,7.0,14.0,21.0,45.5,140.0
34,36.0,63.0,48.727815465091396,7.0,26.25,56.0,92.75,154.0
35,26.0,29.346153846153847,27.07610357151458,7.0,14.0,21.0,35.0,140.0
36,29.0,49.724137931034484,57.61255849683925,7.0,7.0,21.0,70.0,182.0
37,36.0,62.80555555555556,66.43915344968742,7.0,14.0,35.0,84.0,301.0
38,35.0,59.0,63.00653560871098,7.0,14.0,35.0,84.0,252.0
39,44.0,45.97727272727273,51.889188118063636,7.0,12.25,28.0,56.0,231.0
40,23.0,56.91304347826087,64.3399445018258,7.0,7.0,35.0,66.5,238.0
41,35.0,57.4,67.58663285869825,7.0,21.0,42.0,63.0,364.0
42,31.0,39.29032258064516,30.33391231870924,7.0,24.5,35.0,45.5,147.0
43,38.0,54.3421052631579,68.18745082126281,7.0,7.0,21.0,61.25,280.0
44,34.0,54.14705882352941,63.348067992323735,7.0,7.0,35.0,63.0,238.0
45,36.0,53.47222222222222,57.166666666666664,7.0,14.0,28.0,78.75,252.0
46,17.0,30.470588235294116,35.77379915360337,7.0,7.0,21.0,35.0,154.0
47,38.0,27.44736842105263,32.848297803132816,7.0,7.0,14.0,33.25,154.0
48,23.0,39.869565217391305,61.98189203881616,7.0,7.0,14.0,38.5,266.0
49,42.0,35.0,32.02209602987196,7.0,14.0,28.0,42.0,168.0
50,40.0,41.3,34.06494551324738,7.0,14.0,38.5,56.0,161.0
51,37.0,19.10810810810811,25.96448833800995,7.0,7.0,14.0,14.0,147.0
52,34.0,45.705882352941174,65.30837312866562,7.0,14.0,21.0,40.25,329.0
53,32.0,65.40625,65.80070564137763,7.0,14.0,45.5,85.75,301.0
54,45.0,33.44444444444444,30.726473302612547,7.0,14.0,21.0,42.0,147.0
55,41.0,61.80487804878049,61.06276259398813,7.0,14.0,42.0,91.0,259.0
56,46.0,31.5,45.14261352154476,7.0,7.0,17.5,35.0,252.0
57,39.0,59.41025641025641,64.97234956369716,7.0,21.0,42.0,84.0,329.0
58,27.0,54.7037037037037,76.21367473442163,7.0,7.0,14.0,70.0,336.0
59,39.0,72.33333333333333,85.96245610526216,7.0,14.0,35.0,105.0,371.0
60,32.0,52.0625,53.810262541997595,7.0,14.0,31.5,77.0,259.0
61,22.0,35.31818181818182,52.00218526876802,7.0,7.0,14.0,28.0,217.0
62,39.0,52.41025641025641,59.805262023688165,7.0,21.0,35.0,56.0,336.0
63,41.0,53.951219512195124,53.316015989340485,7.0,14.0,28.0,112.0,168.0
64,35.0,50.6,57.249300021407926,7.0,7.0,21.0,84.0,259.0
65,40.0,36.575,31.28437596448392,7.0,14.0,21.0,50.75,161.0
66,34.0,59.705882352941174,62.019805933151225,7.0,14.0,38.5,77.0,238.0
67,28.0,51.75,83.87761145683456,7.0,7.0,14.0,50.75,308.0
68,41.0,40.292682926829265,59.41306417886516,7.0,7.0,14.0,49.0,231.0
69,15.0,30.333333333333332,40.269922605670196,7.0,7.0,14.0,35.0,154.0
70,42.0,53.0,50.90545995920807,7.0,15.75,35.0,63.0,196.0
71,28.0,28.0,27.87006890448498,7.0,14.0,21.0,35.0,147.0
72,29.0,53.10344827586207,56.23442313056645,7.0,14.0,35.0,70.0,189.0
73,40.0,52.675,67.2162173273301,7.0,7.0,24.5,63.0,301.0
74,34.0,41.588235294117645,64.15469828424851,7.0,7.0,17.5,35.0,308.0
75,43.0,58.27906976744186,58.95774337503063,7.0,21.0,35.0,70.0,231.0
76,24.0,63.291666666666664,71.81708599337423,7.0,7.0,38.5,91.0,294.0
77,35.0,63.0,71.04224095564554,7.0,17.5,42.0,80.5,371.0
78,33.0,42.0,38.140365755980895,7.0,14.0,35.0,49.0,175.0
79,41.0,73.58536585365853,99.14483738696536,7.0,7.0,28.0,98.0,385.0
80,35.0,53.0,49.09654354672327,7.0,14.0,35.0,77.0,203.0
81,36.0,47.638888888888886,45.54442275893333,7.0,14.0,35.0,64.75,182.0
82,15.0,30.333333333333332,38.5832433404278,7.0,7.0,21.0,35.0,161.0
83,35.0,26.0,32.058769562825596,7.0,7.0,14.0,35.0,175.0
84,20.0,52.85,81.23667502071372,7.0,7.0,10.5,49.0,308.0
85,40.0,34.65,35.971890735363395,7.0,14.0,24.5,42.0,189.0
86,36.0,46.083333333333336,48.70985526564414,7.0,14.0,35.0,56.0,217.0
87,36.0,26.444444444444443,26.463391904877028,7.0,14.0,21.0,28.0,161.0
88,39.0,45.58974358974359,55.34852156477359,7.0,14.0,35.0,49.0,280.0
89,34.0,66.5,68.72088915359438,7.0,21.0,56.0,77.0,350.0
90,44.0,48.36363636363637,34.87992086419636,7.0,28.0,42.0,57.75,168.0
91,42.0,54.5,57.79663674914134,7.0,14.0,35.0,73.5,287.0
92,40.0,29.225,35.75951549892628,7.0,7.0,14.0,35.0,182.0
93,35.0,55.4,65.71784608550136,7.0,21.0,35.0,63.0,357.0
94,27.0,57.81481481481482,73.96882765319094,7.0,7.0,21.0,73.5,308.0
95,40.0,69.3,78.07432356415264,7.0,21.0,38.5,77.0,357.0
96,34.0,57.23529411764706,70.17944913016845,7.0,7.0,31.5,70.0,259.0
97,16.0,35.875,48.15097783707686,7.0,7.0,14.0,40.25,189.0
98,39.0,64.25641025641026,68.31957334881491,7.0,28.0,49.0,73.5,399.0
99,42.0,65.83333333333333,57.68328864253395,7.0,21.0,49.0,96.25,189.0
100,35.0,58.8,62.61450687011945,7.0,7.0,35.0,84.0,252.0
101,42.0,40.0,33.598780465672974,7.0,21.0,28.0,49.0,182.0
102,35.0,56.2,68.1532874352756,7.0,14.0,28.0,56.0,280.0
103,27.0,53.666666666666664,83.21103846892504,7.0,7.0,21.0,49.0,287.0
104,36.0,42.0,58.637871721269015,7.0,7.0,17.5,36.75,217.0
105,14.0,32.0,44.83988609057102,7.0,7.0,14.0,31.5,168.0
106,35.0,60.2,59.08558100207648,7.0,14.0,28.0,94.5,196.0
107,23.0,44.43478260869565,50.327857898309276,7.0,21.0,28.0,45.5,189.0
108,25.0,55.16,73.48110868334346,7.0,7.0,21.0,56.0,301.0
109,33.0,55.36363636363637,70.98539382410749,7.0,14.0,28.0,49.0,238.0
110,38.0,58.94736842105263,70.67089594329596,7.0,15.75,35.0,63.0,315.0
111,39.0,74.48717948717949,84.71061320285538,7.0,24.5,42.0,94.5,371.0
112,26.0,71.34615384615384,95.4676666972404,7.0,7.0,52.5,87.5,469.0
113,37.0,51.648648648648646,68.5926851526929,7.0,7.0,28.0,63.0,364.0
114,28.0,44.5,41.356176483487125,7.0,21.0,35.0,56.0,203.0
115,38.0,67.78947368421052,74.118662308613,7.0,14.0,31.5,96.25,301.0
116,35.0,61.8,60.79947755193489,7.0,14.0,35.0,98.0,231.0
117,36.0,50.361111111111114,55.16424969529128,7.0,14.0,21.0,59.5,210.0
118,22.0,27.363636363636363,39.886201760873284,7.0,7.0,14.0,33.25,196.0
119,31.0,26.193548387096776,40.775335154836526,7.0,7.0,14.0,28.0,224.0
120,24.0,40.833333333333336,62.15455257498924,7.0,7.0,21.0,36.75,252.0
121,46.0,34.08695652173913,43.06523531520085,7.0,14.0,21.0,42.0,273.0
122,37.0,55.810810810810814,69.14872772905186,7.0,14.0,28.0,63.0,315.0
123,36.0,36.75,50.09840316816495,7.0,21.0,24.5,36.75,315.0
124,37.0,43.32432432432432,54.54307882259167,7.0,14.0,21.0,49.0,259.0
125,36.0,71.36111111111111,85.10637135047203,7.0,14.0,49.0,87.5,385.0
126,42.0,48.833333333333336,36.829810742788155,7.0,28.0,35.0,63.0,196.0
127,39.0,61.38461538461539,67.4761616325645,7.0,14.0,49.0,73.5,308.0
128,44.0,31.022727272727273,58.94241913753079,7.0,7.0,14.0,35.0,378.0
129,34.0,62.588235294117645,65.18789516144331,7.0,22.75,35.0,70.0,280.0
130,26.0,53.30769230769231,59.4654650907696,7.0,15.75,35.0,49.0,217.0
131,39.0,62.82051282051282,67.85777378376032,7.0,14.0,28.0,98.0,238.0
132,33.0,62.15151515151515,69.26900515928878,7.0,7.0,35.0,70.0,273.0
133,19.0,53.78947368421053,106.8771771434484,7.0,10.5,21.0,38.5,483.0
134,40.0,72.45,71.90447723301969,7.0,35.0,52.5,78.75,406.0
135,40.0,63.175,65.04077123679363,7.0,14.0,45.5,85.75,266.0
136,31.0,67.74193548387096,64.77394936337471,7.0,17.5,49.0,91.0,231.0
137,39.0,40.56410256410256,47.96753006587668,7.0,10.5,28.0,49.0,252.0
138,36.0,54.638888888888886,67.44994028495832,7.0,7.0,35.0,52.5,273.0
139,27.0,55.48148148148148,84.75774090827719,7.0,7.0,14.0,52.5,301.0
