id,count,mean,std,min,25%,50%,75%,max
0,19.0,12.31578947368421,16.809562858943476,7.0,7.0,7.0,7.0,80.0
1,40.0,26.85,18.077539542134485,7.0,14.0,21.0,36.75,80.0
2,36.0,12.13888888888889,12.817739443616587,7.0,7.0,7.0,14.0,80.0
3,44.0,22.5,18.116547748552467,7.0,7.0,14.0,29.75,80.0
4,46.0,21.67391304347826,19.1451233684265,7.0,7.0,14.0,21.0,80.0
5,62.0,14.5,11.179240127847043,7.0,7.0,14.0,14.0,80.0
6,15.0,15.133333333333333,20.958689526462926,7.0,7.0,7.0,7.0,80.0
7,40.0,15.825,14.920107753787015,7.0,7.0,7.0,21.0,80.0
8,36.0,15.833333333333334,19.02104098097683,7.0,7.0,7.0,14.0,80.0
9,23.0,18.08695652173913,17.47182938717029,7.0,7.0,14.0,21.0,80.0
10,20.0,15.2,17.1697408250678,7.0,7.0,7.0,14.0,80.0
11,45.0,12.977777777777778,15.290354786431525,7.0,7.0,7.0,14.0,80.0
12,16.0,16.375,22.0661883130428,7.0,7.0,7.0,8.75,80.0
13,27.0,12.296296296296296,14.868176689247342,7.0,7.0,7.0,10.5,80.0
14,57.0,16.87719298245614,14.101760497285685,7.0,7.0,14.0,21.0,80.0
15,47.0,20.46808510638298,15.054756671144906,7.0,7.0,14.0,28.0,80.0
16,17.0,11.705882352941176,17.68037296652121,7.0,7.0,7.0,7.0,80.0
17,41.0,16.975609756097562,15.865824600187109,7.0,7.0,14.0,14.0,80.0
18,59.0,18.203389830508474,16.32934703280648,7.0,7.0,14.0,21.0,80.0
19,58.0,18.275862068965516,16.46238999451533,7.0,7.0,14.0,21.0,80.0
20,32.0,12.5625,13.974487121987005,7.0,7.0,7.0,14.0,80.0
21,35.0,15.685714285714285,15.46109239838054,7.0,7.0,7.0,17.5,80.0
22,22.0,21.772727272727273,23.104177767300662,7.0,7.0,10.5,26.25,84.0
23,69.0,20.130434782608695,18.304542222755934,7.0,7.0,14.0,28.0,80.0
24,35.0,14.885714285714286,16.07660234182406,7.0,7.0,7.0,14.0,80.0
25,14.0,18.214285714285715,21.516285679702005,7.0,7.0,7.0,19.25,80.0
26,42.0,21.738095238095237,24.16413339279633,7.0,7.0,14.0,26.25,119.0
27,61.0,19.557377049180328,17.925330857164052,7.0,7.0,14.0,28.0,80.0
28,33.0,14.93939393939394,19.22228425867259,7.0,7.0,7.0,7.0,80.0
29,35.0,15.685714285714285,15.646408023364772,7.0,7.0,7.0,21.0,80.0
30,41.0,20.902439024390244,18.97867866587237,7.0,7.0,14.0,21.0,80.0
31,24.0,14.125,17.750229637216332,7.0,7.0,7.0,8.75,80.0
32,18.0,12.222222222222221,17.124305243289708,7.0,7.0,7.0,7.0,80.0
33,9.0,17.444444444444443,24.464827360473603,7.0,7.0,7.0,7.0,80.0
34,49.0,17.489795918367346,21.850936716171912,7.0,7.0,7.0,14.0,126.0
35,22.0,14.454545454545455,15.637949179654425,7.0,7.0,7.0,14.0,80.0
36,21.0,13.142857142857142,17.808104094163742,7.0,7.0,7.0,7.0,87.0
37,44.0,24.886363636363637,21.796325601466833,7.0,7.0,17.5,35.0,108.0
38,55.0,17.618181818181817,15.933299522384987,7.0,7.0,14.0,21.0,101.0
39,62.0,24.20967741935484,21.0737480205098,7.0,7.0,21.0,28.0,98.0
40,23.0,15.043478260869565,21.982386049805598,7.0,7.0,7.0,7.0,101.0
41,48.0,19.3125,16.642877525849475,7.0,7.0,14.0,21.0,108.0
42,45.0,11.733333333333333,12.532503196234837,7.0,7.0,7.0,14.0,87.0
43,74.0,14.702702702702704,14.560906310918119,7.0,7.0,7.0,14.0,94.0
44,37.0,15.405405405405405,19.199912412212633,7.0,7.0,7.0,14.0,108.0
45,26.0,26.23076923076923,31.307900207209933,7.0,7.0,14.0,28.0,133.0
46,20.0,14.85,17.771280793815386,7.0,7.0,7.0,14.0,87.0
47,35.0,14.085714285714285,18.50496186014384,7.0,7.0,7.0,7.0,94.0
48,13.0,20.692307692307693,26.08123404347979,7.0,7.0,14.0,21.0,101.0
49,38.0,16.842105263157894,20.852799819519312,7.0,7.0,7.0,14.0,94.0
50,46.0,24.26086956521739,20.729404539455214,7.0,7.0,21.0,28.0,101.0
51,44.0,21.386363636363637,17.5329800981039,7.0,7.0,14.0,28.0,87.0
52,45.0,11.11111111111111,16.332096428118888,7.0,7.0,7.0,7.0,115.0
53,43.0,17.325581395348838,18.82086093146513,7.0,7.0,7.0,21.0,108.0
54,49.0,17.489795918367346,16.949830934480822,7.0,7.0,14.0,21.0,94.0
55,61.0,23.459016393442624,19.53678050114007,7.0,7.0,21.0,28.0,87.0
56,42.0,12.404761904761905,16.54861209095947,7.0,7.0,7.0,7.0,108.0
57,36.0,17.38888888888889,18.216598048056188,7.0,7.0,7.0,22.75,101.0
58,30.0,18.766666666666666,21.426189796494434,7.0,7.0,7.0,19.25,94.0
59,66.0,19.560606060606062,20.545730447638984,7.0,7.0,14.0,21.0,105.0
60,45.0,15.0,18.437856313968428,7.0,7.0,7.0,14.0,115.0
61,12.0,18.916666666666668,28.51621016937985,7.0,7.0,7.0,8.75,101.0
62,45.0,19.822222222222223,20.65769600029016,7.0,7.0,14.0,21.0,108.0
63,64.0,17.765625,17.504414125839485,7.0,7.0,7.0,22.75,101.0
64,33.0,16.424242424242426,22.588755918363322,7.0,7.0,7.0,14.0,115.0
65,38.0,18.13157894736842,19.052092248914985,7.0,7.0,10.5,21.0,108.0
66,39.0,31.487179487179485,25.087081803476167,7.0,14.0,21.0,42.0,101.0
67,31.0,20.64516129032258,34.47177433504767,7.0,7.0,7.0,14.0,154.0
68,27.0,13.851851851851851,23.41384157305198,7.0,7.0,7.0,14.0,129.0
69,9.0,18.22222222222222,33.666666666666664,7.0,7.0,7.0,7.0,108.0
70,42.0,25.571428571428573,25.130045041007513,7.0,7.0,17.5,28.0,115.0
71,28.0,17.857142857142858,17.921049666914637,7.0,7.0,14.0,21.0,101.0
72,24.0,21.125,25.953658534093954,7.0,7.0,7.0,28.0,122.0
73,47.0,24.48936170212766,22.627294349606156,7.0,7.0,21.0,35.0,115.0
74,24.0,17.041666666666668,27.125279668631055,7.0,7.0,7.0,8.75,129.0
75,60.0,24.2,24.483685332433662,7.0,7.0,14.0,28.0,115.0
76,29.0,19.655172413793103,27.45811857833797,7.0,7.0,7.0,14.0,136.0
77,45.0,24.8,21.45884009404558,7.0,14.0,21.0,35.0,143.0
78,44.0,16.613636363636363,18.081489840205027,7.0,7.0,14.0,21.0,122.0
79,60.0,16.733333333333334,20.296836746668284,7.0,7.0,7.0,21.0,115.0
