id,count,mean,std,min,25%,50%,75%,max
0,29.0,30.448275862068964,31.198198444892558,7.0,7.0,21.0,42.0,120.0
1,41.0,40.146341463414636,51.69214687726258,7.0,7.0,21.0,49.0,301.0
2,41.0,37.24390243902439,48.752323271719504,7.0,7.0,14.0,28.0,224.0
3,38.0,46.81578947368421,50.045306642356124,7.0,8.75,28.0,56.0,175.0
4,31.0,45.87096774193548,38.98866667420493,7.0,14.0,35.0,70.0,147.0
5,51.0,37.76470588235294,33.709101581201544,7.0,14.0,28.0,49.0,140.0
6,38.0,30.236842105263158,19.251443203922534,7.0,21.0,28.0,35.0,120.0
7,31.0,33.903225806451616,38.925873861918355,7.0,14.0,21.0,35.0,196.0
8,32.0,48.59375,47.88686894903378,7.0,12.25,35.0,63.0,210.0
9,60.0,31.516666666666666,38.991303535691515,7.0,7.0,14.0,35.0,203.0
10,25.0,25.8,32.87222738625014,7.0,7.0,7.0,28.0,120.0
11,14.0,16.071428571428573,30.019133092885145,7.0,7.0,7.0,7.0,120.0
12,22.0,32.5,36.99774767919438,7.0,8.75,21.0,33.25,154.0
13,42.0,24.69047619047619,39.573018706232276,7.0,7.0,10.5,21.0,224.0
14,50.0,28.44,27.286207923732142,7.0,8.75,21.0,38.5,126.0
15,18.0,24.944444444444443,43.22781270027057,7.0,7.0,7.0,17.5,161.0
16,37.0,43.16216216216216,35.9617957108756,7.0,7.0,35.0,70.0,120.0
17,34.0,48.8235294117647,49.19440137413723,7.0,14.0,45.5,56.0,273.0
18,56.0,30.767857142857142,29.076695492769133,7.0,7.0,21.0,42.0,140.0
19,35.0,32.42857142857143,29.3501034313096,7.0,10.5,21.0,49.0,120.0
20,37.0,43.16216216216216,55.88008665064939,7.0,7.0,28.0,49.0,238.0
21,30.0,39.233333333333334,43.66619724236581,7.0,8.75,21.0,54.25,182.0
22,47.0,24.148936170212767,42.772898125577775,7.0,7.0,14.0,21.0,266.0
23,39.0,31.256410256410255,32.10403971032302,7.0,7.0,14.0,38.5,126.0
24,39.0,24.256410256410255,25.12570286916101,7.0,7.0,14.0,31.5,120.0
25,23.0,25.0,29.454124576117596,7.0,7.0,14.0,28.0,120.0
26,39.0,42.205128205128204,43.74638600843411,7.0,10.5,28.0,49.0,168.0
27,51.0,34.6078431372549,30.031369220448507,7.0,10.5,21.0,52.5,140.0
28,33.0,35.878787878787875,41.90745576248752,7.0,7.0,14.0,49.0,175.0
29,46.0,26.347826086956523,31.063531595249792,7.0,7.0,14.0,28.0,140.0
30,34.0,39.76470588235294,50.04486400768052,7.0,14.0,24.5,35.0,245.0
31,30.0,20.8,28.685452278355193,7.0,7.0,7.0,19.25,120.0
32,26.0,47.69230769230769,47.61996995443759,7.0,7.0,35.0,61.25,168.0
33,14.0,20.571428571428573,30.38652101410524,7.0,7.0,7.0,19.25,120.0
34,39.0,45.61538461538461,51.37356241277956,7.0,14.0,28.0,63.0,231.0
35,26.0,32.61538461538461,28.25891282137644,7.0,14.0,28.0,47.25,120.0
36,28.0,24.285714285714285,31.478219563347402,7.0,7.0,10.5,22.75,148.0
37,41.0,43.390243902439025,40.495603495182344,7.0,14.0,28.0,56.0,175.0
38,45.0,43.888888888888886,44.53559466223834,7.0,21.0,28.0,42.0,189.0
39,49.0,48.16326530612245,51.85892198181183,7.0,14.0,28.0,63.0,224.0
40,27.0,36.333333333333336,33.403132050291795,7.0,14.0,21.0,52.5,134.0
41,43.0,38.93023255813954,44.97268766327975,7.0,14.0,28.0,45.5,252.0
42,35.0,33.42857142857143,27.216221065306446,7.0,17.5,28.0,38.5,127.0
43,63.0,20.46031746031746,21.98373694848476,7.0,7.0,14.0,28.0,141.0
44,37.0,40.7027027027027,58.87787023664836,7.0,7.0,21.0,42.0,238.0
45,32.0,37.0,40.36846421683399,7.0,7.0,17.5,56.0,154.0
46,22.0,38.22727272727273,34.13409385989854,7.0,14.0,24.5,47.25,134.0
47,38.0,18.63157894736842,22.35151733483153,7.0,7.0,10.5,26.25,134.0
48,25.0,22.16,28.71654575327611,7.0,7.0,7.0,28.0,134.0
49,48.0,30.354166666666668,38.488179773399295,7.0,12.25,17.5,29.75,231.0
50,46.0,30.76086956521739,32.3557893034504,7.0,7.0,21.0,35.0,141.0
51,35.0,23.82857142857143,32.977252154536245,7.0,7.0,14.0,24.5,154.0
52,29.0,44.206896551724135,47.887799900500184,7.0,7.0,28.0,49.0,175.0
53,39.0,42.38461538461539,53.184690805084024,7.0,14.0,28.0,52.5,301.0
54,43.0,31.767441860465116,32.70054405350695,7.0,7.0,21.0,42.0,140.0
55,51.0,33.78431372549019,33.94896977847203,7.0,10.5,21.0,45.5,168.0
56,38.0,21.210526315789473,26.794672619694122,7.0,7.0,7.0,28.0,148.0
57,44.0,40.90909090909091,48.97119142773646,7.0,7.0,21.0,50.75,245.0
58,20.0,36.8,50.83368133329256,7.0,7.0,21.0,36.75,210.0
59,46.0,44.15217391304348,44.65271791718064,7.0,15.75,28.0,54.25,217.0
60,40.0,29.6,35.618923233411934,7.0,7.0,14.0,36.75,148.0
61,26.0,23.192307692307693,30.148989012262724,7.0,7.0,7.0,26.25,127.0
62,39.0,46.51282051282051,41.545074947118266,7.0,14.0,35.0,70.0,154.0
63,49.0,35.30612244897959,36.29577803824242,7.0,7.0,21.0,42.0,148.0
64,41.0,32.1219512195122,39.93381719918046,7.0,7.0,14.0,35.0,161.0
65,44.0,27.068181818181817,31.699459115972996,7.0,7.0,14.0,28.0,141.0
66,34.0,46.970588235294116,49.270118360725064,7.0,14.0,35.0,54.25,238.0
67,29.0,26.344827586206897,34.74835644835694,7.0,7.0,14.0,21.0,141.0
68,35.0,44.82857142857143,54.841206981550634,7.0,7.0,21.0,52.5,196.0
69,11.0,25.545454545454547,34.624741548100076,7.0,7.0,14.0,24.5,127.0
70,45.0,37.355555555555554,43.743132217087705,7.0,7.0,21.0,56.0,238.0
71,26.0,30.46153846153846,27.862850922661554,7.0,14.0,24.5,35.0,134.0
72,27.0,25.962962962962962,36.81500684971727,7.0,7.0,14.0,28.0,162.0
73,41.0,45.4390243902439,41.63354944061808,7.0,14.0,28.0,63.0,175.0
74,28.0,42.285714285714285,44.925334882287906,7.0,7.0,35.0,50.75,175.0
75,48.0,45.083333333333336,53.13965275606777,7.0,7.0,21.0,50.75,217.0
76,30.0,32.0,48.444066573801344,7.0,7.0,14.0,35.0,217.0
77,41.0,44.41463414634146,49.61047047234893,7.0,14.0,35.0,49.0,266.0
78,34.0,42.44117647058823,30.879228260562382,7.0,22.75,35.0,49.0,148.0
79,56.0,28.767857142857142,41.37939367341214,7.0,7.0,14.0,28.0,190.0
80,30.0,49.5,68.55239627090185,7.0,14.0,21.0,35.0,259.0
81,39.0,28.743589743589745,39.188960548602104,7.0,7.0,14.0,31.5,182.0
82,17.0,38.76470588235294,34.48827592777853,7.0,14.0,35.0,56.0,141.0
83,38.0,26.18421052631579,28.34331539778409,7.0,14.0,21.0,26.25,155.0
84,28.0,23.535714285714285,36.01283942116482,7.0,7.0,7.0,28.0,176.0
85,36.0,36.0,46.82307123630401,7.0,7.0,17.5,43.75,217.0
86,42.0,34.69047619047619,45.92915440281865,7.0,7.0,17.5,35.0,231.0
87,35.0,27.62857142857143,27.508379166533015,7.0,14.0,21.0,28.0,155.0
88,44.0,34.54545454545455,45.497485003558694,7.0,7.0,14.0,42.0,217.0
89,40.0,45.7,49.654808427784715,7.0,14.0,28.0,57.75,204.0
90,40.0,45.175,64.74442357929665,7.0,14.0,28.0,56.0,392.0
91,48.0,37.645833333333336,35.14256047497946,7.0,14.0,28.0,49.0,169.0
92,38.0,25.263157894736842,31.2338037687741,7.0,7.0,7.0,40.25,162.0
93,39.0,48.666666666666664,50.74618644387469,7.0,17.5,35.0,63.0,252.0
94,27.0,29.074074074074073,36.80606756618547,7.0,10.5,14.0,28.0,162.0
95,46.0,47.04347826086956,48.12712634112983,7.0,14.0,28.0,56.0,190.0
96,37.0,28.405405405405407,38.65190771449671,7.0,7.0,14.0,28.0,169.0
97,16.0,27.1875,36.79169969798442,7.0,7.0,10.5,26.25,141.0
98,42.0,43.69047619047619,40.02041436094047,7.0,8.75,31.5,56.0,155.0
99,47.0,51.5531914893617,50.58217958695416,7.0,14.0,42.0,66.5,245.0
100,41.0,33.31707317073171,33.73087534025039,7.0,7.0,21.0,42.0,162.0
101,42.0,32.357142857142854,34.90532241795003,7.0,7.0,21.0,42.0,169.0
102,33.0,46.484848484848484,55.265337923128406,7.0,7.0,28.0,56.0,217.0
103,24.0,28.333333333333332,41.95926250716197,7.0,7.0,10.5,22.75,162.0
104,36.0,43.97222222222222,58.52886277536731,7.0,7.0,14.0,52.5,224.0
105,15.0,34.6,46.64118351843144,7.0,10.5,21.0,28.0,148.0
106,32.0,48.8125,48.69486129078747,7.0,14.0,31.5,63.0,182.0
107,23.0,32.91304347826087,35.24835656191939,7.0,7.0,21.0,42.0,155.0
108,28.0,23.035714285714285,32.48986410930754,7.0,7.0,7.0,28.0,169.0
109,37.0,47.891891891891895,46.79908818187225,7.0,14.0,28.0,70.0,197.0
110,36.0,57.19444444444444,61.80421596550765,7.0,14.0,35.0,78.75,288.0
111,44.0,53.95454545454545,49.10925387406791,7.0,21.0,35.0,70.0,183.0
112,29.0,54.10344827586207,102.78769549332051,7.0,14.0,21.0,56.0,533.0
113,41.0,46.1219512195122,55.96034092192042,7.0,14.0,28.0,56.0,266.0
114,34.0,38.11764705882353,34.0630117584085,7.0,14.0,35.0,47.25,162.0
115,57.0,26.05263157894737,35.96745605039147,7.0,7.0,14.0,28.0,197.0
116,34.0,44.705882352941174,59.83033051218973,7.0,7.0,24.5,42.0,238.0
117,34.0,39.55882352941177,53.78813160544135,7.0,8.75,21.0,42.0,238.0
118,17.0,41.64705882352941,44.07797235648237,7.0,7.0,28.0,63.0,176.0
119,38.0,28.57894736842105,34.740451987091724,7.0,7.0,17.5,35.0,190.0
