id,count,mean,std,min,25%,50%,75%,max
0,26.0,51.69230769230769,65.57851430507966,7.0,14.0,24.5,68.25,287.0
1,38.0,46.421052631578945,47.738381396120666,7.0,7.0,21.0,68.25,161.0
2,45.0,49.0,58.41388377930214,7.0,7.0,28.0,63.0,259.0
3,40.0,55.475,54.531095575051346,7.0,14.0,31.5,78.75,238.0
4,33.0,55.78787878787879,68.9305617885481,7.0,7.0,28.0,77.0,336.0
5,47.0,45.87234042553192,33.596465278150006,7.0,21.0,35.0,70.0,140.0
6,14.0,25.5,34.79555674552096,7.0,7.0,14.0,28.0,140.0
7,35.0,55.4,60.701875152739916,7.0,17.5,28.0,73.5,266.0
8,39.0,60.30769230769231,67.1534589171281,7.0,14.0,42.0,77.0,343.0
9,34.0,42.61764705882353,52.732610062397534,7.0,7.0,14.0,63.0,252.0
10,21.0,32.333333333333336,33.16524285051043,7.0,7.0,21.0,42.0,140.0
11,35.0,37.6,58.44514773800856,7.0,7.0,21.0,31.5,308.0
12,27.0,53.407407407407405,46.4387597224388,7.0,14.0,42.0,63.0,182.0
13,31.0,26.193548387096776,29.197510572922376,7.0,7.0,14.0,31.5,140.0
14,42.0,32.333333333333336,37.16782418263874,7.0,7.0,21.0,42.0,154.0
15,36.0,36.361111111111114,30.157825592115298,7.0,14.0,28.0,42.0,140.0
16,39.0,55.282051282051285,59.17500749024866,7.0,14.0,35.0,66.5,238.0
17,37.0,73.5945945945946,103.23017955021668,7.0,14.0,49.0,91.0,630.0
18,33.0,37.121212121212125,37.10185101157149,7.0,7.0,21.0,56.0,140.0
19,35.0,55.8,59.52992327145972,7.0,17.5,35.0,73.5,280.0
20,41.0,58.73170731707317,90.37699496836677,7.0,7.0,28.0,56.0,392.0
21,32.0,63.21875,42.541618616551595,7.0,33.25,56.0,84.0,189.0
22,26.0,37.96153846153846,54.08325490887602,7.0,7.0,17.5,35.0,238.0
23,37.0,63.37837837837838,73.43415469027389,7.0,14.0,49.0,91.0,413.0
24,32.0,68.6875,70.1452122846001,7.0,12.25,45.5,99.75,294.0
25,18.0,45.111111111111114,72.7945447930955,7.0,7.0,10.5,56.0,294.0
26,39.0,60.48717948717949,51.04892998253414,7.0,21.0,35.0,80.5,259.0
27,46.0,50.52173913043478,65.03118538411988,7.0,7.0,24.5,68.25,336.0
28,36.0,54.44444444444444,52.86502729698635,7.0,14.0,35.0,73.5,224.0
29,32.0,35.4375,33.63843567763979,7.0,7.0,21.0,56.0,140.0
30,40.0,53.375,75.06977523508482,7.0,12.25,28.0,63.0,399.0
31,17.0,58.88235294117647,95.53329416552978,7.0,14.0,28.0,49.0,392.0
32,43.0,43.95348837209303,45.06395111308462,7.0,7.0,28.0,70.0,154.0
33,26.0,35.0,64.39999999999999,7.0,7.0,7.0,14.0,231.0
34,41.0,55.31707317073171,70.20628142281511,7.0,14.0,35.0,77.0,413.0
35,25.0,33.32,31.388320545493773,7.0,14.0,21.0,42.0,140.0
36,35.0,46.0,62.17763925664444,7.0,7.0,21.0,49.0,301.0
37,43.0,47.86046511627907,47.45001449914417,7.0,14.0,28.0,66.5,175.0
38,41.0,54.1219512195122,47.83680336412082,7.0,14.0,35.0,77.0,182.0
39,37.0,61.486486486486484,58.24308333833947,7.0,14.0,35.0,112.0,231.0
40,33.0,62.78787878787879,70.22898154241487,7.0,7.0,42.0,91.0,280.0
41,37.0,52.21621621621622,41.85698875346275,7.0,21.0,42.0,70.0,168.0
42,37.0,17.594594594594593,24.892501614675787,7.0,7.0,7.0,14.0,147.0
43,41.0,53.26829268292683,78.89962749919796,7.0,7.0,21.0,56.0,385.0
44,35.0,55.6,69.5443996984068,7.0,7.0,35.0,70.0,301.0
45,43.0,52.58139534883721,79.27505839620007,7.0,14.0,28.0,63.0,455.0
46,20.0,39.2,34.096766322984514,7.0,14.0,31.5,50.75,147.0
47,37.0,36.13513513513514,51.84815552390685,7.0,7.0,14.0,28.0,189.0
48,19.0,43.10526315789474,45.798950420824305,7.0,14.0,28.0,45.5,175.0
49,45.0,32.2,36.26267803378314,7.0,14.0,21.0,35.0,168.0
50,41.0,44.5609756097561,37.52535728043626,7.0,21.0,35.0,56.0,161.0
51,36.0,39.47222222222222,32.83942413894887,7.0,19.25,28.0,56.0,147.0
52,37.0,37.648648648648646,50.94344152326415,7.0,7.0,21.0,49.0,252.0
53,35.0,72.8,103.52373981789083,7.0,21.0,56.0,94.5,616.0
54,43.0,46.395348837209305,50.38572149163449,7.0,14.0,28.0,59.5,217.0
55,47.0,51.08510638297872,54.49444717912094,7.0,21.0,28.0,56.0,259.0
56,33.0,44.96969696969697,63.17064431387654,7.0,7.0,21.0,49.0,308.0
57,37.0,53.16216216216216,48.678373884961324,7.0,14.0,42.0,70.0,189.0
58,31.0,46.74193548387097,65.42627797347458,7.0,14.0,28.0,38.5,273.0
59,41.0,65.5609756097561,65.7544860752815,7.0,28.0,49.0,84.0,329.0
60,29.0,56.724137931034484,76.75745499006416,7.0,7.0,35.0,77.0,385.0
61,27.0,35.77777777777778,65.73275341711218,7.0,7.0,14.0,24.5,322.0
62,43.0,57.7906976744186,52.25147896723657,7.0,21.0,35.0,80.5,224.0
63,42.0,54.166666666666664,58.994384464743625,7.0,14.0,28.0,91.0,280.0
64,40.0,39.2,59.032020863083176,7.0,7.0,14.0,49.0,301.0
65,42.0,41.666666666666664,38.12026326699116,7.0,14.0,24.5,70.0,161.0
66,35.0,55.6,72.72518780433964,7.0,7.0,35.0,59.5,350.0
67,26.0,47.65384615384615,82.20800073359884,7.0,7.0,21.0,42.0,399.0
68,30.0,52.266666666666666,66.04383775756166,7.0,7.0,24.5,63.0,280.0
69,15.0,43.86666666666667,76.15291633723994,7.0,7.0,7.0,45.5,280.0
70,41.0,56.170731707317074,62.81476834273305,7.0,21.0,35.0,63.0,315.0
71,24.0,31.208333333333332,36.92410449494508,7.0,7.0,10.5,45.5,147.0
72,28.0,47.5,70.37123781141776,7.0,7.0,17.5,49.0,294.0
73,41.0,48.48780487804878,48.076044945076085,7.0,14.0,28.0,63.0,196.0
74,37.0,47.86486486486486,45.560193494225096,7.0,14.0,35.0,70.0,189.0
75,43.0,52.25581395348837,59.38417819718514,7.0,10.5,28.0,77.0,280.0
76,21.0,62.0,82.12064295900271,7.0,7.0,42.0,49.0,343.0
77,40.0,54.6,43.96432119868949,7.0,21.0,42.0,71.75,196.0
78,35.0,27.6,28.4565716590779,14.0,14.0,21.0,28.0,175.0
79,39.0,62.64102564102564,93.10053625813312,7.0,7.0,21.0,52.5,343.0
80,28.0,67.25,82.3931968604744,7.0,14.0,35.0,68.25,301.0
81,40.0,51.1,76.17483264310547,7.0,14.0,21.0,50.75,343.0
82,22.0,35.31818181818182,34.325315333253286,7.0,14.0,28.0,42.0,161.0
83,35.0,37.0,57.986813916918166,7.0,7.0,14.0,38.5,294.0
84,27.0,49.25925925925926,76.93833324492495,7.0,7.0,21.0,45.5,350.0
85,33.0,43.27272727272727,46.11688460265443,7.0,21.0,35.0,63.0,259.0
86,38.0,55.26315789473684,60.71541244755814,7.0,21.0,35.0,61.25,301.0
87,33.0,44.121212121212125,35.542015256381404,7.0,21.0,42.0,56.0,161.0
88,40.0,41.3,44.40789950517292,7.0,14.0,28.0,56.0,217.0
89,37.0,73.97297297297297,105.87190543463531,7.0,28.0,49.0,77.0,623.0
90,41.0,55.48780487804878,58.4697023898786,7.0,21.0,35.0,84.0,245.0
91,47.0,49.297872340425535,51.54184239153451,7.0,14.0,35.0,59.5,224.0
92,39.0,35.17948717948718,39.51606721513602,7.0,7.0,21.0,42.0,182.0
93,36.0,59.888888888888886,52.555156211778545,7.0,21.0,35.0,85.75,203.0
94,25.0,52.92,73.80713605968825,7.0,7.0,21.0,49.0,273.0
95,38.0,67.60526315789474,61.69959458173529,7.0,35.0,52.5,84.0,336.0
96,33.0,42.84848484848485,66.7243027371405,7.0,7.0,14.0,35.0,308.0
97,25.0,44.52,82.99453797288912,7.0,7.0,14.0,35.0,392.0
98,42.0,56.833333333333336,45.13282114731415,7.0,21.0,45.5,77.0,175.0
99,45.0,61.44444444444444,64.3793994279775,7.0,14.0,49.0,77.0,336.0
100,39.0,45.76923076923077,60.85204729439288,7.0,7.0,21.0,49.0,231.0
101,39.0,48.1025641025641,45.28494281639252,7.0,14.0,35.0,73.5,189.0
102,35.0,58.2,70.4468093044424,7.0,14.0,35.0,56.0,343.0
103,26.0,52.23076923076923,78.1804618519526,7.0,14.0,24.5,49.0,378.0
104,32.0,51.1875,63.944753120274875,7.0,7.0,24.5,57.75,259.0
105,13.0,61.92307692307692,97.45038185187846,7.0,7.0,14.0,28.0,294.0
106,35.0,63.2,74.78746356096289,7.0,14.0,42.0,80.5,329.0
107,20.0,48.65,57.07084701445536,7.0,7.0,24.5,63.0,189.0
108,25.0,50.12,74.70348050793885,7.0,7.0,21.0,42.0,266.0
109,36.0,50.94444444444444,57.446593555328505,7.0,14.0,28.0,77.0,217.0
110,40.0,57.575,51.767670091155026,7.0,21.0,42.0,71.75,252.0
111,45.0,58.17777777777778,69.9175777381316,7.0,14.0,28.0,70.0,315.0
112,26.0,73.76923076923077,123.8858531688934,7.0,8.75,35.0,61.25,539.0
113,40.0,53.375,48.099089761631,7.0,21.0,38.5,64.75,217.0
114,35.0,31.2,29.61795957542931,7.0,21.0,28.0,28.0,182.0
115,38.0,54.71052631578947,63.23824872984868,7.0,7.0,21.0,77.0,217.0
116,32.0,56.21875,79.88125638075394,7.0,12.25,28.0,43.75,308.0
117,40.0,51.975,73.19187551242037,7.0,12.25,21.0,52.5,357.0
118,19.0,31.68421052631579,45.08640178292114,7.0,7.0,7.0,42.0,182.0
119,33.0,44.54545454545455,73.30846255254696,7.0,7.0,14.0,35.0,301.0
120,25.0,53.76,73.51999727965175,7.0,7.0,21.0,77.0,322.0
121,39.0,48.64102564102564,53.47822339857361,7.0,7.0,28.0,77.0,273.0
122,34.0,72.47058823529412,84.209779642998,7.0,14.0,38.5,103.25,336.0
123,34.0,51.05882352941177,64.4684283437981,7.0,8.75,24.5,63.0,294.0
124,35.0,38.4,39.90149635997009,7.0,14.0,21.0,52.5,196.0
125,36.0,68.25,93.66669632265248,7.0,19.25,42.0,77.0,483.0
126,40.0,58.1,61.54123070692587,7.0,21.0,35.0,80.5,308.0
127,40.0,54.775,63.08743932035917,7.0,7.0,28.0,70.0,266.0
128,37.0,40.67567567567568,64.38558070719719,7.0,7.0,21.0,42.0,371.0
129,34.0,58.26470588235294,49.90737409746994,7.0,21.0,45.5,84.0,231.0
130,27.0,47.44444444444444,70.75870880531153,7.0,7.0,14.0,35.0,273.0
131,39.0,60.666666666666664,55.42910756012838,7.0,17.5,49.0,80.5,224.0
132,36.0,57.75,78.49235631575854,7.0,7.0,17.5,78.75,329.0
133,23.0,58.43478260869565,110.22820381824268,7.0,7.0,21.0,35.0,413.0
134,38.0,65.57894736842105,48.862538338854996,7.0,29.75,49.0,98.0,224.0
135,44.0,54.88636363636363,70.46959295082803,7.0,7.0,24.5,71.75,350.0
136,33.0,56.42424242424242,69.62579905422555,7.0,7.0,21.0,77.0,294.0
137,35.0,49.6,51.979181352899815,7.0,10.5,35.0,66.5,252.0
138,33.0,55.57575757575758,69.62579905422555,7.0,14.0,28.0,70.0,301.0
139,25.0,49.0,70.63875234836281,7.0,7.0,28.0,42.0,301.0
