id,count,mean,std,min,25%,50%,75%,max
0,45.0,8.444444444444445,18.69194716686544,0.0,0.0,0.0,7.0,114.0
1,60.0,8.083333333333334,16.24212107993107,0.0,0.0,7.0,7.0,107.0
2,59.0,10.59322033898305,19.18523017041998,0.0,0.0,7.0,14.0,121.0
3,60.0,12.866666666666667,18.971402802475765,0.0,0.0,7.0,14.0,100.0
4,51.0,20.901960784313726,23.822052725960276,0.0,7.0,14.0,24.5,121.0
5,60.0,5.866666666666666,15.278728612767456,0.0,0.0,0.0,7.0,114.0
6,46.0,3.6956521739130435,15.095061098426115,0.0,0.0,0.0,0.0,100.0
7,67.0,10.059701492537313,25.680366629247597,0.0,0.0,0.0,7.0,168.0
8,63.0,16.80952380952381,28.58764516747048,0.0,0.0,7.0,21.0,128.0
9,76.0,12.18421052631579,20.151235215285297,0.0,0.0,3.5,15.75,121.0
10,38.0,10.736842105263158,26.005908071494908,0.0,0.0,0.0,7.0,126.0
11,39.0,3.641025641025641,17.886318175291034,0.0,0.0,0.0,0.0,107.0
12,49.0,17.897959183673468,22.42788897960824,0.0,0.0,14.0,28.0,100.0
13,68.0,15.779411764705882,24.370795826173865,0.0,0.0,7.0,21.0,119.0
14,58.0,9.689655172413794,21.507409491542738,0.0,0.0,0.0,14.0,114.0
15,48.0,7.625,16.499677624187925,0.0,0.0,0.0,7.0,100.0
16,57.0,8.508771929824562,18.452760930682224,0.0,0.0,0.0,14.0,128.0
17,59.0,5.8474576271186445,14.604927792998183,0.0,0.0,0.0,7.0,107.0
18,63.0,10.698412698412698,17.75608475500534,0.0,0.0,7.0,14.0,100.0
19,56.0,13.910714285714286,21.967146366347166,0.0,0.0,7.0,15.75,121.0
20,56.0,11.160714285714286,22.49264670607165,0.0,0.0,7.0,14.0,114.0
21,61.0,10.245901639344263,18.785327375112843,0.0,0.0,7.0,14.0,121.0
22,49.0,9.040816326530612,20.356161212756394,0.0,0.0,0.0,7.0,107.0
23,58.0,15.844827586206897,26.119698638906534,0.0,0.0,7.0,14.0,121.0
24,53.0,12.716981132075471,20.96184937386761,0.0,0.0,7.0,14.0,114.0
25,44.0,7.840909090909091,16.53318464492462,0.0,0.0,0.0,8.75,100.0
26,61.0,12.311475409836065,19.76574560833848,0.0,0.0,7.0,14.0,100.0
27,64.0,13.265625,24.487277025245398,0.0,0.0,7.0,14.0,147.0
28,56.0,9.535714285714286,18.46565784044856,0.0,0.0,3.5,14.0,107.0
29,64.0,11.953125,22.581372916139927,0.0,0.0,7.0,7.0,114.0
30,47.0,9.872340425531915,19.039566378507445,0.0,0.0,7.0,7.0,121.0
31,39.0,9.205128205128204,21.111457960547707,0.0,0.0,0.0,7.0,100.0
32,59.0,6.203389830508475,15.459379098270174,0.0,0.0,0.0,7.0,114.0
33,28.0,12.821428571428571,26.181777054574614,0.0,0.0,0.0,14.0,107.0
34,61.0,11.967213114754099,20.36988562651147,0.0,0.0,7.0,14.0,128.0
35,33.0,8.333333333333334,19.83315826253264,0.0,0.0,0.0,7.0,107.0
36,42.0,11.214285714285714,23.704003690110383,0.0,0.0,3.5,12.25,135.0
37,60.0,8.666666666666666,22.186166606707094,0.0,0.0,0.0,7.0,156.0
38,59.0,10.711864406779661,21.278166604532988,0.0,0.0,7.0,14.0,149.0
39,59.0,9.76271186440678,16.402626979521894,0.0,0.0,7.0,14.0,114.0
40,47.0,12.553191489361701,26.62526465321686,0.0,0.0,7.0,10.5,156.0
41,59.0,9.76271186440678,20.650072207480708,0.0,0.0,7.0,7.0,142.0
42,46.0,6.891304347826087,19.14996752056377,0.0,0.0,0.0,7.0,128.0
43,66.0,17.424242424242426,25.466152864634687,0.0,7.0,7.0,21.0,163.0
44,58.0,9.327586206896552,23.28419984651476,0.0,0.0,0.0,7.0,156.0
45,71.0,6.929577464788732,19.843188067345842,0.0,0.0,0.0,7.0,149.0
46,38.0,6.315789473684211,18.779093123712748,0.0,0.0,0.0,7.0,114.0
47,39.0,8.487179487179487,22.744428808729353,0.0,0.0,7.0,7.0,142.0
48,43.0,9.162790697674419,22.311571023807076,0.0,0.0,0.0,7.0,128.0
49,66.0,13.075757575757576,26.687542819168307,0.0,0.0,0.0,12.25,149.0
50,58.0,10.051724137931034,19.054328986231646,0.0,0.0,7.0,12.25,135.0
51,48.0,12.875,21.256913768906422,0.0,0.0,7.0,14.0,121.0
52,57.0,9.24561403508772,26.14265855821148,0.0,0.0,0.0,7.0,142.0
53,58.0,11.741379310344827,23.490618018822563,0.0,0.0,7.0,12.25,149.0
54,62.0,15.274193548387096,28.218799311538323,0.0,0.0,7.0,21.0,168.0
55,56.0,10.285714285714286,20.319908988445327,0.0,0.0,3.5,14.0,128.0
56,56.0,7.535714285714286,18.545241277103244,0.0,0.0,7.0,7.0,135.0
57,61.0,8.754098360655737,21.636894214670242,0.0,0.0,0.0,7.0,156.0
58,48.0,9.8125,20.60020269472681,0.0,0.0,0.0,14.0,128.0
59,58.0,18.017241379310345,35.284553242455274,0.0,0.0,7.0,14.0,196.0
60,52.0,12.01923076923077,22.03160865186286,0.0,0.0,7.0,14.0,142.0
61,44.0,12.772727272727273,24.95378391995671,0.0,0.0,0.0,14.0,135.0
62,61.0,13.229508196721312,22.781127746904126,0.0,0.0,7.0,21.0,128.0
63,64.0,16.875,22.776693741142015,0.0,0.0,7.0,22.75,135.0
64,56.0,12.410714285714286,25.994948310437884,0.0,0.0,0.0,14.0,142.0
65,62.0,9.17741935483871,24.892242648077467,0.0,0.0,3.5,7.0,184.0
66,46.0,12.065217391304348,25.31262502205661,0.0,0.0,0.0,14.0,149.0
67,38.0,9.631578947368421,22.327320620446006,0.0,0.0,0.0,7.0,128.0
68,58.0,5.948275862068965,19.284956789650984,0.0,0.0,0.0,7.0,142.0
69,25.0,14.36,27.88051888565443,0.0,0.0,7.0,14.0,135.0
70,59.0,19.25423728813559,27.301378783130442,0.0,0.0,14.0,28.0,156.0
71,32.0,14.9375,29.852257168671787,0.0,0.0,0.0,15.75,142.0
72,42.0,12.380952380952381,31.14321942484461,0.0,0.0,0.0,7.0,184.0
73,59.0,10.59322033898305,26.214051670198852,0.0,0.0,0.0,10.5,191.0
74,53.0,12.452830188679245,34.05344557159425,0.0,0.0,0.0,7.0,177.0
75,59.0,17.35593220338983,27.269891640127394,0.0,0.0,7.0,21.0,135.0
76,46.0,19.217391304347824,57.16250248914279,0.0,0.0,7.0,14.0,387.0
77,59.0,6.559322033898305,26.763505251097826,0.0,0.0,0.0,7.0,205.0
78,46.0,5.826086956521739,20.209243592228987,0.0,0.0,0.0,7.0,135.0
79,65.0,16.615384615384617,32.593947054865644,0.0,0.0,7.0,21.0,175.0
80,57.0,12.43859649122807,29.794545008788134,0.0,0.0,0.0,7.0,191.0
81,71.0,9.19718309859155,22.60886028485916,0.0,0.0,0.0,7.0,170.0
82,35.0,10.657142857142857,24.15384862421193,0.0,0.0,7.0,10.5,135.0
83,37.0,25.216216216216218,44.688511533313154,0.0,0.0,7.0,21.0,177.0
84,43.0,10.13953488372093,24.052107516161495,0.0,0.0,0.0,10.5,149.0
85,66.0,10.530303030303031,25.9397050555379,0.0,0.0,0.0,7.0,184.0
86,58.0,16.810344827586206,32.96753155334978,0.0,0.0,7.0,14.0,170.0
87,48.0,16.958333333333332,42.73568359675868,0.0,0.0,7.0,14.0,289.0
88,57.0,5.9298245614035086,20.911257775523353,0.0,0.0,0.0,7.0,156.0
89,58.0,11.982758620689655,32.78023119455969,0.0,0.0,0.0,12.25,233.0
90,62.0,13.35483870967742,25.30217172963329,0.0,0.0,7.0,14.0,156.0
91,56.0,15.785714285714286,26.15041406639971,0.0,0.0,7.0,21.0,177.0
92,56.0,7.410714285714286,27.854672717657127,0.0,0.0,0.0,7.0,205.0
93,60.0,12.4,26.73549028310433,0.0,0.0,7.0,14.0,184.0
94,48.0,11.708333333333334,24.287251128439518,0.0,0.0,7.0,14.0,149.0
95,58.0,21.879310344827587,38.71537053039148,0.0,0.0,7.0,21.0,175.0
96,51.0,10.058823529411764,23.982837000410008,0.0,0.0,0.0,14.0,163.0
97,40.0,18.075,48.84165283118551,0.0,0.0,0.0,7.0,226.0
98,61.0,13.918032786885245,24.36752968054498,0.0,0.0,7.0,14.0,163.0
99,61.0,13.918032786885245,24.314806930460577,0.0,0.0,7.0,21.0,149.0
