id,count,mean,std,min,25%,50%,75%,max
0,42.0,8.023809523809524,21.14928136383684,0.0,0.0,0.0,7.0,134.0
1,51.0,11.686274509803921,20.136027608322777,0.0,0.0,7.0,14.0,120.0
2,50.0,11.92,22.885553771507723,0.0,0.0,7.0,14.0,141.0
3,52.0,12.942307692307692,20.073798610341967,0.0,0.0,7.0,21.0,127.0
4,47.0,15.659574468085106,22.49277816056086,0.0,0.0,7.0,14.0,127.0
5,52.0,12.0,23.691646579481528,0.0,0.0,7.0,14.0,148.0
6,38.0,3.710526315789474,19.468488599892744,0.0,0.0,0.0,0.0,120.0
7,56.0,21.392857142857142,30.48915072100749,0.0,0.0,7.0,28.0,134.0
8,56.0,20.267857142857142,26.476398458337858,0.0,7.0,14.0,28.0,155.0
9,59.0,6.423728813559322,19.79394141879548,0.0,0.0,0.0,7.0,134.0
10,27.0,13.0,27.17181797943767,0.0,0.0,7.0,7.0,120.0
11,43.0,8.651162790697674,20.393607449546575,0.0,0.0,0.0,10.5,127.0
12,42.0,12.857142857142858,22.309979642250475,0.0,0.0,7.0,14.0,127.0
13,70.0,11.614285714285714,18.814343015518507,0.0,0.0,7.0,14.0,127.0
14,52.0,9.442307692307692,20.81233934664577,0.0,0.0,0.0,7.0,134.0
15,36.0,6.055555555555555,20.320214347075947,0.0,0.0,0.0,7.0,120.0
16,50.0,15.84,29.97846846369193,0.0,0.0,7.0,14.0,154.0
17,52.0,14.826923076923077,20.60432198507282,0.0,7.0,7.0,15.75,127.0
18,57.0,14.508771929824562,21.616067772953347,0.0,0.0,7.0,14.0,120.0
19,54.0,16.22222222222222,25.23374998617486,0.0,0.0,7.0,21.0,141.0
20,53.0,17.71698113207547,25.46066148038711,0.0,0.0,7.0,21.0,134.0
21,52.0,8.096153846153847,21.350721726685894,0.0,0.0,0.0,7.0,148.0
22,41.0,5.829268292682927,20.309975921975376,0.0,0.0,0.0,0.0,127.0
23,51.0,14.980392156862745,28.264104582369793,0.0,0.0,7.0,14.0,141.0
24,53.0,23.92452830188679,28.855641400575497,0.0,7.0,21.0,28.0,141.0
25,40.0,22.775,39.93680103517402,0.0,0.0,7.0,21.0,182.0
26,53.0,7.943396226415095,18.94568663548475,0.0,0.0,0.0,7.0,127.0
27,54.0,14.666666666666666,21.74986445414281,0.0,0.0,7.0,19.25,141.0
28,56.0,14.392857142857142,21.171746671988526,0.0,0.0,7.0,15.75,120.0
29,60.0,14.716666666666667,21.45479415166679,0.0,0.0,7.0,21.0,134.0
30,44.0,9.727272727272727,21.70667418138747,0.0,0.0,3.5,7.0,134.0
31,27.0,9.37037037037037,30.965425071481743,0.0,0.0,0.0,0.0,127.0
32,55.0,16.436363636363637,35.35835782404873,0.0,0.0,7.0,14.0,196.0
33,24.0,5.0,24.49489742783178,0.0,0.0,0.0,0.0,120.0
34,54.0,12.462962962962964,22.97308758785717,0.0,0.0,7.0,14.0,148.0
35,21.0,8.380952380952381,26.828112476423293,0.0,0.0,0.0,0.0,120.0
36,42.0,18.69047619047619,30.937772394652487,0.0,0.0,14.0,21.0,155.0
37,51.0,8.803921568627452,23.370938883872967,0.0,0.0,0.0,7.0,148.0
38,49.0,12.16326530612245,25.71830325758252,0.0,0.0,7.0,14.0,169.0
39,52.0,13.884615384615385,25.271586653909033,0.0,0.0,7.0,14.0,155.0
40,46.0,16.91304347826087,27.937092894936114,0.0,0.0,7.0,14.0,155.0
41,51.0,7.8431372549019605,23.54261884244793,0.0,0.0,0.0,7.0,162.0
42,38.0,7.7631578947368425,23.101929497661793,0.0,0.0,0.0,7.0,141.0
43,55.0,11.345454545454546,27.6313148852812,0.0,0.0,0.0,7.0,169.0
44,51.0,14.019607843137255,27.59238314903476,0.0,0.0,7.0,21.0,183.0
45,59.0,12.711864406779661,24.370736300804833,0.0,0.0,7.0,14.0,162.0
46,24.0,7.625,29.310648754928348,0.0,0.0,0.0,0.0,141.0
47,43.0,12.395348837209303,27.179421079790462,0.0,0.0,7.0,7.0,148.0
48,40.0,13.85,29.42225740437383,0.0,0.0,3.5,14.0,162.0
49,66.0,10.515151515151516,22.215200910978766,0.0,0.0,7.0,14.0,162.0
50,51.0,19.92156862745098,32.12092348439248,0.0,7.0,14.0,21.0,169.0
51,36.0,16.944444444444443,38.342027999456555,0.0,0.0,7.0,14.0,182.0
52,49.0,15.16326530612245,30.652179734057732,0.0,0.0,7.0,14.0,155.0
53,51.0,16.901960784313726,31.36256041968562,0.0,0.0,7.0,17.5,197.0
54,57.0,19.42105263157895,38.54355021476219,0.0,0.0,7.0,21.0,224.0
55,54.0,12.333333333333334,24.089455925621333,0.0,0.0,7.0,14.0,155.0
56,53.0,10.849056603773585,22.15105156942554,0.0,0.0,7.0,14.0,148.0
57,52.0,11.865384615384615,23.873053844223,0.0,0.0,7.0,14.0,162.0
58,41.0,12.658536585365853,33.76729908957597,0.0,0.0,0.0,7.0,169.0
59,50.0,24.38,54.851149226142674,0.0,0.0,7.0,21.0,336.0
60,49.0,11.306122448979592,24.279796197689972,0.0,0.0,0.0,14.0,155.0
61,39.0,19.76923076923077,41.9752192172963,0.0,0.0,7.0,21.0,217.0
62,52.0,12.942307692307692,24.879642407696334,0.0,0.0,7.0,14.0,148.0
63,51.0,20.333333333333332,27.551164524692357,0.0,7.0,14.0,28.0,169.0
64,50.0,16.12,27.058244056637736,0.0,0.0,7.0,19.25,155.0
65,59.0,12.711864406779661,25.65423326461133,0.0,0.0,7.0,14.0,162.0
66,44.0,10.681818181818182,25.196689268745374,0.0,0.0,7.0,8.75,162.0
67,27.0,16.62962962962963,38.72998058366923,0.0,0.0,0.0,10.5,155.0
68,51.0,8.117647058823529,25.152850382271613,0.0,0.0,0.0,7.0,176.0
69,24.0,9.666666666666666,28.71246762473489,0.0,0.0,0.0,8.75,141.0
70,54.0,15.444444444444445,27.081753703329454,0.0,0.0,7.0,19.25,176.0
71,21.0,11.380952380952381,29.028393325287897,0.0,0.0,0.0,14.0,134.0
72,39.0,15.64102564102564,28.97683937169493,0.0,0.0,7.0,21.0,169.0
73,51.0,10.313725490196079,26.186630326239708,0.0,0.0,7.0,7.0,183.0
74,49.0,12.16326530612245,37.419550894093405,0.0,0.0,7.0,14.0,260.0
75,50.0,21.02,42.65834368226555,0.0,0.0,7.0,21.0,245.0
76,42.0,24.023809523809526,67.8791925786803,0.0,0.0,7.0,21.0,442.0
77,51.0,9.490196078431373,27.635030341231477,0.0,0.0,7.0,7.0,197.0
78,38.0,9.236842105263158,28.305700133161334,0.0,0.0,7.0,7.0,176.0
79,55.0,20.0,42.9767378938886,0.0,0.0,7.0,14.0,231.0
80,51.0,12.098039215686274,31.11157656047715,0.0,0.0,7.0,14.0,197.0
81,59.0,12.0,26.75559883399206,0.0,0.0,7.0,7.0,190.0
82,24.0,8.5,35.83537237204991,0.0,0.0,0.0,0.0,176.0
83,42.0,21.19047619047619,34.93145769006896,0.0,0.0,7.0,21.0,169.0
84,37.0,23.486486486486488,56.550184999020324,0.0,0.0,7.0,14.0,245.0
85,65.0,12.507692307692308,32.321685385416494,0.0,0.0,7.0,14.0,246.0
86,49.0,26.877551020408163,45.73867466973893,0.0,0.0,7.0,28.0,203.0
87,36.0,28.61111111111111,53.169958100834016,0.0,0.0,7.0,29.75,288.0
88,48.0,9.645833333333334,26.782408948375316,0.0,0.0,0.0,7.0,176.0
89,50.0,17.38,43.471731373059306,0.0,0.0,7.0,14.0,295.0
90,55.0,19.363636363636363,37.69977091804043,0.0,0.0,7.0,21.0,189.0
91,54.0,16.87037037037037,26.528764236875215,0.0,0.0,7.0,21.0,169.0
92,52.0,14.423076923076923,39.39958502510946,0.0,0.0,7.0,14.0,281.0
93,51.0,16.901960784313726,36.82024166241215,0.0,0.0,7.0,21.0,239.0
94,40.0,17.7,37.72926497955448,0.0,0.0,7.0,14.0,190.0
95,49.0,23.73469387755102,36.99086346102016,0.0,7.0,14.0,28.0,190.0
96,48.0,12.416666666666666,26.804122684911764,0.0,0.0,7.0,14.0,176.0
97,36.0,31.72222222222222,71.37210784177371,0.0,0.0,3.5,21.0,322.0
98,51.0,17.45098039215686,37.120513857160006,0.0,0.0,7.0,14.0,197.0
99,51.0,17.58823529411765,28.886797309904907,0.0,0.0,7.0,21.0,183.0
100,50.0,11.92,29.27758772264448,0.0,0.0,0.0,7.0,176.0
101,59.0,11.88135593220339,29.877384334668136,0.0,0.0,7.0,7.0,211.0
102,44.0,16.25,32.77912339023968,0.0,0.0,7.0,14.0,197.0
103,27.0,22.074074074074073,41.183385303678286,0.0,0.0,14.0,21.0,183.0
104,50.0,11.08,30.50114751939671,0.0,0.0,7.0,7.0,211.0
105,22.0,19.772727272727273,40.27989196819794,0.0,0.0,7.0,19.25,169.0
106,53.0,18.50943396226415,34.25785852658169,0.0,0.0,7.0,28.0,197.0
107,21.0,26.047619047619047,40.8454112361183,0.0,7.0,7.0,28.0,190.0
108,39.0,16.897435897435898,41.53108846444835,0.0,0.0,7.0,14.0,218.0
109,51.0,14.019607843137255,36.071867263050535,0.0,0.0,7.0,10.5,253.0
110,49.0,11.020408163265307,44.917744171948335,0.0,0.0,0.0,7.0,316.0
111,50.0,12.76,28.780350439641477,0.0,0.0,7.0,7.0,183.0
112,42.0,21.19047619047619,77.2898371810617,0.0,0.0,7.0,14.0,498.0
113,51.0,15.803921568627452,34.238586190345615,0.0,0.0,7.0,14.0,225.0
114,38.0,15.131578947368421,34.119164031322654,0.0,0.0,7.0,19.25,211.0
115,51.0,28.568627450980394,45.9261384842927,0.0,3.5,14.0,31.5,231.0
116,51.0,12.784313725490197,36.22337020515357,0.0,0.0,0.0,7.0,246.0
117,56.0,18.392857142857142,40.67417253845874,0.0,0.0,7.0,14.0,217.0
118,24.0,19.291666666666668,45.69319154560325,0.0,0.0,7.0,14.0,204.0
119,39.0,27.128205128205128,58.245930278965226,0.0,0.0,7.0,24.5,252.0
