id,count,mean,std,min,25%,50%,75%,max
0,38.0,8.947368421052632,24.848674300840397,0.0,0.0,0.0,7.0,151.0
1,49.0,11.938775510204081,20.893986538460958,0.0,0.0,7.0,14.0,144.0
2,49.0,5.510204081632653,20.87374991165099,0.0,0.0,0.0,7.0,144.0
3,48.0,11.3125,24.37050558673725,0.0,0.0,7.0,7.0,137.0
4,40.0,21.45,35.595267619770425,0.0,0.0,7.0,22.75,140.0
5,51.0,10.509803921568627,24.032788060497356,0.0,0.0,0.0,10.5,151.0
6,45.0,3.511111111111111,19.4464558844188,0.0,0.0,0.0,0.0,130.0
7,47.0,14.680851063829786,33.514504571174086,0.0,0.0,0.0,14.0,168.0
8,48.0,17.583333333333332,30.999542435424328,0.0,0.0,7.0,21.0,165.0
9,61.0,10.508196721311476,25.092909324362047,0.0,0.0,0.0,7.0,158.0
10,36.0,18.583333333333332,38.598575103234054,0.0,0.0,7.0,14.0,175.0
11,45.0,6.155555555555556,20.469440143735728,0.0,0.0,0.0,7.0,137.0
12,36.0,22.47222222222222,29.19636583168833,0.0,0.0,14.0,29.75,130.0
13,64.0,11.328125,18.360633083372214,0.0,0.0,7.0,14.0,137.0
14,44.0,12.5,26.98190608192745,0.0,0.0,7.0,14.0,144.0
15,46.0,17.130434782608695,32.690201519145134,0.0,0.0,7.0,14.0,168.0
16,48.0,8.979166666666666,24.645995387739614,0.0,0.0,0.0,7.0,165.0
17,44.0,22.204545454545453,43.1813803249193,0.0,0.0,7.0,21.0,238.0
18,56.0,13.821428571428571,27.624828847092772,0.0,7.0,7.0,14.0,168.0
19,47.0,16.76595744680851,24.87115735314918,0.0,3.5,7.0,21.0,151.0
20,42.0,29.428571428571427,38.135280929448314,0.0,7.0,21.0,35.0,182.0
21,47.0,15.27659574468085,37.95632623427339,0.0,0.0,7.0,14.0,217.0
22,46.0,9.978260869565217,21.877933205690546,0.0,0.0,0.0,12.25,137.0
23,44.0,17.75,56.50771711034923,0.0,0.0,7.0,7.0,350.0
24,47.0,19.29787234042553,26.774350878030088,0.0,7.0,7.0,21.0,144.0
25,46.0,8.91304347826087,19.475142089861368,0.0,0.0,7.0,14.0,130.0
26,47.0,15.872340425531915,28.438810760065344,0.0,0.0,7.0,14.0,130.0
27,48.0,19.770833333333332,26.239680511266393,0.0,7.0,14.0,21.0,151.0
28,44.0,15.681818181818182,29.743690147560375,0.0,0.0,7.0,15.75,144.0
29,57.0,15.666666666666666,28.086176908460384,0.0,0.0,7.0,14.0,154.0
30,41.0,14.951219512195122,26.5301255363711,0.0,0.0,7.0,21.0,165.0
31,36.0,9.833333333333334,24.815317850069945,0.0,0.0,0.0,7.0,130.0
32,48.0,11.75,30.51368719743615,0.0,0.0,0.0,7.0,151.0
33,28.0,8.142857142857142,25.84815243159526,0.0,0.0,0.0,7.0,137.0
34,50.0,12.96,23.623716896373438,0.0,0.0,7.0,14.0,158.0
35,29.0,18.0,34.4746283518764,0.0,0.0,0.0,14.0,130.0
36,38.0,15.578947368421053,32.57476355222923,0.0,0.0,7.0,14.0,158.0
37,49.0,11.653061224489797,25.379249250460635,0.0,0.0,7.0,21.0,172.0
38,49.0,13.795918367346939,26.64424546363681,0.0,0.0,7.0,21.0,172.0
39,48.0,13.645833333333334,26.883111508848135,0.0,0.0,7.0,14.0,165.0
40,38.0,19.81578947368421,42.651862392820576,0.0,0.0,7.0,19.25,242.0
41,50.0,14.78,27.766732407170792,0.0,0.0,7.0,21.0,179.0
42,45.0,6.155555555555556,23.589245966171223,0.0,0.0,0.0,7.0,158.0
43,45.0,21.866666666666667,53.9813098968691,0.0,0.0,7.0,14.0,308.0
44,44.0,19.181818181818183,40.164355785784785,0.0,0.0,3.5,15.75,186.0
45,59.0,11.576271186440678,25.59445211290276,0.0,0.0,0.0,10.5,172.0
46,35.0,9.514285714285714,25.42852893963026,0.0,0.0,7.0,7.0,151.0
47,44.0,14.25,25.076742676348815,0.0,0.0,7.0,14.0,144.0
48,34.0,20.705882352941178,57.712206267202816,0.0,0.0,0.0,7.0,301.0
49,63.0,11.841269841269842,26.101666211310274,0.0,0.0,7.0,14.0,200.0
50,44.0,20.295454545454547,26.763894062149827,0.0,7.0,14.0,21.0,158.0
51,46.0,15.0,24.45222098524204,0.0,0.0,10.5,21.0,151.0
52,47.0,11.404255319148936,26.13065796811168,0.0,0.0,7.0,14.0,172.0
53,44.0,20.454545454545453,41.72080767209379,0.0,0.0,7.0,14.0,203.0
54,54.0,19.12962962962963,36.955376607979474,0.0,0.0,7.0,21.0,189.0
55,47.0,16.319148936170212,29.304329983497038,0.0,7.0,7.0,17.5,165.0
56,42.0,15.261904761904763,29.841090939818425,0.0,0.0,7.0,19.25,172.0
57,46.0,10.130434782608695,24.52265047814836,0.0,0.0,7.0,14.0,165.0
58,42.0,15.761904761904763,31.53225953536065,0.0,0.0,7.0,14.0,179.0
59,44.0,16.15909090909091,31.247655303158854,0.0,7.0,7.0,15.75,200.0
60,44.0,21.727272727272727,48.46545815577803,0.0,0.0,7.0,14.0,224.0
61,44.0,13.454545454545455,33.56940366731708,0.0,0.0,0.0,8.75,161.0
62,47.0,23.617021276595743,55.66106796124643,0.0,0.0,7.0,21.0,350.0
63,47.0,20.19148936170213,31.182937292185333,0.0,7.0,14.0,21.0,179.0
64,43.0,13.116279069767442,27.59676421881444,0.0,0.0,7.0,14.0,172.0
65,56.0,14.071428571428571,27.00091388544748,0.0,0.0,7.0,14.0,165.0
66,40.0,15.85,33.35016241839511,0.0,0.0,7.0,15.75,200.0
67,36.0,9.63888888888889,24.41914094403086,0.0,0.0,0.0,8.75,144.0
68,48.0,10.583333333333334,28.66299663131063,0.0,0.0,0.0,7.0,172.0
69,28.0,10.642857142857142,29.843063944716967,0.0,0.0,0.0,8.75,158.0
70,49.0,21.510204081632654,32.71602719423845,0.0,7.0,14.0,21.0,193.0
71,27.0,16.22222222222222,31.224168811174426,0.0,0.0,7.0,14.0,151.0
72,36.0,16.444444444444443,32.776685480858355,0.0,0.0,7.0,21.0,186.0
73,49.0,14.938775510204081,41.26459749958457,0.0,0.0,7.0,14.0,291.0
74,48.0,12.479166666666666,34.39135813230407,0.0,0.0,7.0,14.0,235.0
75,48.0,21.083333333333332,34.22381485962807,0.0,0.0,7.0,21.0,179.0
76,35.0,27.514285714285716,86.11803508201145,0.0,7.0,14.0,14.0,515.0
77,49.0,12.653061224489797,30.900749060775322,0.0,0.0,7.0,14.0,207.0
78,45.0,6.933333333333334,24.714184370334962,0.0,0.0,0.0,7.0,165.0
79,43.0,16.046511627906977,31.194438979661328,0.0,0.0,7.0,14.0,186.0
80,44.0,16.477272727272727,35.30497602214014,0.0,0.0,7.0,14.0,214.0
81,57.0,16.035087719298247,34.3994211497606,0.0,0.0,7.0,14.0,207.0
82,35.0,12.714285714285714,31.862361557700225,0.0,0.0,0.0,10.5,179.0
83,43.0,19.302325581395348,31.6058575672001,0.0,0.0,14.0,21.0,193.0
84,32.0,25.0625,36.84136656426551,0.0,0.0,14.0,26.25,179.0
85,58.0,16.482758620689655,36.31260057717646,0.0,0.0,7.0,14.0,256.0
86,43.0,31.837209302325583,55.24918884668855,0.0,7.0,21.0,31.5,322.0
87,44.0,23.15909090909091,72.24536459961344,0.0,0.0,7.0,21.0,473.0
88,47.0,9.914893617021276,29.333042495684857,0.0,0.0,0.0,7.0,186.0
89,43.0,15.883720930232558,46.546550842665425,0.0,0.0,7.0,14.0,305.0
90,54.0,13.685185185185185,34.328504066948405,0.0,0.0,7.0,7.0,186.0
91,47.0,20.340425531914892,35.45436539979164,0.0,3.5,14.0,21.0,179.0
92,42.0,16.928571428571427,45.98907232722969,0.0,0.0,7.0,14.0,298.0
93,46.0,16.065217391304348,39.05062365352785,0.0,0.0,7.0,14.0,210.0
94,42.0,17.095238095238095,35.66155922053169,0.0,0.0,7.0,14.0,214.0
95,43.0,21.906976744186046,42.845133053318776,0.0,0.0,7.0,21.0,214.0
96,41.0,14.439024390243903,33.60509543245474,0.0,0.0,7.0,7.0,200.0
97,43.0,12.953488372093023,49.13681264173681,0.0,0.0,0.0,7.0,319.0
98,46.0,19.565217391304348,37.084079946888885,0.0,0.0,7.0,14.0,200.0
99,46.0,19.717391304347824,42.15614521881887,0.0,0.0,7.0,14.0,217.0
100,42.0,17.428571428571427,38.81798857403353,0.0,0.0,7.0,26.25,242.0
101,56.0,9.446428571428571,31.43357767093662,0.0,0.0,7.0,7.0,235.0
102,38.0,19.44736842105263,37.30060311694202,0.0,1.75,7.0,21.0,228.0
103,36.0,14.5,32.41913015489465,0.0,0.0,7.0,21.0,193.0
104,48.0,12.333333333333334,31.840916626743105,0.0,0.0,7.0,8.75,207.0
105,28.0,12.642857142857142,33.369107786954004,0.0,0.0,7.0,8.75,179.0
106,44.0,23.318181818181817,35.78993799566598,0.0,5.25,10.5,29.75,200.0
107,27.0,20.11111111111111,38.91641272634439,0.0,7.0,7.0,21.0,207.0
108,36.0,17.416666666666668,59.34517672060637,0.0,0.0,0.0,14.0,354.0
109,49.0,19.224489795918366,43.183361623296946,0.0,7.0,7.0,14.0,298.0
110,48.0,24.0,92.47702417357513,0.0,0.0,7.0,14.0,634.0
111,48.0,18.020833333333332,32.528540387117154,0.0,0.0,7.0,21.0,186.0
112,34.0,23.38235294117647,90.10364897123902,0.0,0.0,7.0,12.25,529.0
113,48.0,12.770833333333334,39.558327301154286,0.0,0.0,0.0,14.0,270.0
114,45.0,12.222222222222221,33.23736184209304,0.0,0.0,0.0,7.0,193.0
115,41.0,24.341463414634145,46.807910525945054,0.0,0.0,7.0,21.0,210.0
116,43.0,23.53488372093023,48.44552602922237,0.0,0.0,7.0,21.0,270.0
117,55.0,13.945454545454545,33.141904872620984,0.0,0.0,0.0,14.0,221.0
118,34.0,14.323529411764707,35.252956539012914,0.0,0.0,7.0,14.0,200.0
119,43.0,24.837209302325583,44.793669957004575,0.0,0.0,7.0,24.5,242.0
120,30.0,25.333333333333332,49.02169353237002,0.0,0.0,7.0,24.5,193.0
121,58.0,12.741379310344827,36.603882616814424,0.0,0.0,0.0,14.0,270.0
122,40.0,24.775,39.19215482721,0.0,0.0,14.0,28.0,214.0
123,44.0,23.477272727272727,73.57245713038922,0.0,0.0,0.0,15.75,480.0
124,47.0,11.553191489361701,35.305381108906666,0.0,0.0,0.0,7.0,193.0
125,43.0,18.0,52.11205874523349,0.0,0.0,7.0,14.0,333.0
126,52.0,16.23076923076923,31.316609252646685,0.0,0.0,7.0,15.75,200.0
127,47.0,21.97872340425532,32.609340727507835,0.0,7.0,14.0,21.0,214.0
128,42.0,18.095238095238095,50.67967771078224,0.0,0.0,7.0,14.0,319.0
129,44.0,15.522727272727273,30.65523866332287,0.0,0.0,7.0,14.0,186.0
