id,count,mean,std,min,25%,50%,75%,max
0,45.0,7.977777777777778,19.62314135829625,0.0,0.0,0.0,7.0,114.0
1,62.0,6.919354838709677,14.810605844413752,0.0,0.0,0.0,7.0,107.0
2,58.0,9.810344827586206,18.377576818056543,0.0,0.0,7.0,7.0,121.0
3,60.0,9.716666666666667,23.045343414827748,0.0,0.0,7.0,7.0,147.0
4,49.0,9.183673469387756,19.420428966026723,0.0,0.0,0.0,14.0,121.0
5,62.0,7.82258064516129,15.492488072408435,0.0,0.0,7.0,7.0,114.0
6,38.0,2.6315789473684212,16.222142113076252,0.0,0.0,0.0,0.0,100.0
7,68.0,16.808823529411764,23.162152190969795,0.0,0.0,7.0,21.0,107.0
8,64.0,16.328125,21.766476836844518,0.0,0.0,7.0,28.0,128.0
9,64.0,5.828125,16.6500437937362,0.0,0.0,0.0,7.0,121.0
10,35.0,11.057142857142857,20.00726758711746,0.0,0.0,0.0,14.0,100.0
11,51.0,10.882352941176471,20.297435363930617,0.0,0.0,0.0,14.0,107.0
12,43.0,7.209302325581396,18.21767605734147,0.0,0.0,0.0,7.0,100.0
13,62.0,6.016129032258065,16.17880817459342,0.0,0.0,0.0,7.0,107.0
14,58.0,8.241379310344827,17.612107423266732,0.0,0.0,0.0,7.0,114.0
15,40.0,8.975,17.48477359568341,0.0,0.0,7.0,14.0,100.0
16,59.0,16.050847457627118,26.338920806848428,0.0,0.0,7.0,21.0,128.0
17,58.0,6.551724137931035,16.054919357371055,0.0,0.0,0.0,7.0,107.0
18,65.0,12.523076923076923,16.510515297367775,0.0,0.0,7.0,14.0,100.0
19,60.0,14.616666666666667,21.20048901472032,0.0,0.0,7.0,14.0,121.0
20,61.0,13.80327868852459,22.502458882035647,0.0,0.0,7.0,14.0,114.0
21,62.0,10.870967741935484,18.417279725593183,0.0,0.0,7.0,14.0,121.0
22,45.0,4.866666666666666,16.2768659033723,0.0,0.0,0.0,7.0,107.0
23,58.0,4.620689655172414,16.599331614325536,0.0,0.0,0.0,7.0,121.0
24,60.0,13.683333333333334,23.464716871360444,0.0,0.0,7.0,14.0,114.0
25,46.0,10.08695652173913,20.832481141990765,0.0,0.0,0.0,7.0,100.0
26,61.0,10.475409836065573,15.974569954959714,0.0,0.0,7.0,14.0,100.0
27,61.0,12.885245901639344,24.96403971092268,0.0,0.0,7.0,14.0,121.0
28,66.0,11.696969696969697,18.830392533977694,0.0,0.0,7.0,14.0,107.0
29,66.0,12.545454545454545,18.030044855255284,0.0,0.0,7.0,14.0,114.0
30,47.0,13.148936170212766,23.443714948420478,0.0,0.0,7.0,14.0,121.0
31,36.0,13.083333333333334,27.324897072084283,0.0,0.0,7.0,14.0,133.0
32,57.0,8.263157894736842,16.70171752907624,0.0,0.0,0.0,14.0,114.0
33,31.0,6.161290322580645,19.36680454487962,0.0,0.0,0.0,7.0,107.0
34,62.0,14.370967741935484,24.24954545524158,0.0,0.0,7.0,19.25,128.0
35,30.0,7.533333333333333,20.133576918675672,0.0,0.0,0.0,7.0,107.0
36,42.0,12.714285714285714,27.849145640252342,0.0,0.0,3.5,14.0,142.0
37,62.0,8.161290322580646,20.795801553251078,0.0,0.0,0.0,7.0,156.0
38,58.0,15.96551724137931,26.023582771288115,0.0,0.0,7.0,14.0,142.0
39,59.0,13.796610169491526,26.480819122798625,0.0,0.0,7.0,14.0,161.0
40,45.0,18.08888888888889,40.635196467092314,0.0,0.0,0.0,7.0,212.0
41,62.0,9.85483870967742,19.298217682243717,0.0,0.0,7.0,14.0,142.0
42,38.0,6.684210526315789,20.89627571001769,0.0,0.0,0.0,7.0,128.0
43,65.0,17.692307692307693,30.151659923689877,0.0,0.0,7.0,21.0,156.0
44,59.0,9.40677966101695,23.831389503289778,0.0,0.0,0.0,10.5,170.0
45,64.0,10.3125,22.08632055267594,0.0,0.0,7.0,8.75,149.0
46,35.0,8.257142857142858,23.01450036152765,0.0,0.0,0.0,7.0,114.0
47,49.0,15.326530612244898,28.712938253150828,0.0,0.0,7.0,14.0,142.0
48,43.0,11.604651162790697,22.061752655502193,0.0,0.0,7.0,10.5,128.0
49,62.0,11.32258064516129,22.034826527938463,0.0,0.0,7.0,14.0,156.0
50,58.0,15.60344827586207,26.7397723718299,0.0,0.0,7.0,14.0,140.0
51,40.0,15.275,25.37107933586324,0.0,0.0,7.0,15.75,121.0
52,58.0,8.844827586206897,29.81274996534315,0.0,0.0,0.0,7.0,182.0
53,57.0,15.017543859649123,28.027085896675906,0.0,0.0,7.0,14.0,149.0
54,63.0,15.365079365079366,27.11046791477631,0.0,0.0,7.0,14.0,142.0
55,60.0,11.35,18.217913516134498,0.0,0.0,7.0,14.0,128.0
56,57.0,8.508771929824562,19.748528703802528,0.0,0.0,7.0,7.0,135.0
57,62.0,10.306451612903226,22.292826685478175,0.0,0.0,0.0,7.0,149.0
58,45.0,10.622222222222222,23.377620309029133,0.0,0.0,7.0,7.0,128.0
59,57.0,11.087719298245615,23.64716888955691,0.0,0.0,7.0,14.0,149.0
60,55.0,10.6,21.688535971627793,0.0,0.0,7.0,14.0,142.0
61,44.0,9.75,21.31177750599692,0.0,0.0,7.0,8.75,135.0
62,61.0,9.557377049180328,18.37981192337935,0.0,0.0,7.0,14.0,128.0
63,58.0,18.74137931034483,26.423381687787654,0.0,7.0,7.0,28.0,135.0
64,60.0,7.15,18.895632173977067,0.0,0.0,0.0,7.0,142.0
65,66.0,7.454545454545454,21.922367796162202,0.0,0.0,7.0,7.0,177.0
66,46.0,15.41304347826087,29.526316763905925,0.0,0.0,7.0,14.0,156.0
67,36.0,13.277777777777779,27.920920073983556,0.0,0.0,0.0,14.0,128.0
68,57.0,6.421052631578948,20.10858680161027,0.0,0.0,0.0,7.0,149.0
69,31.0,8.419354838709678,24.75180019520248,0.0,0.0,0.0,7.0,135.0
70,61.0,15.868852459016393,25.642721780806905,0.0,0.0,7.0,21.0,156.0
71,30.0,16.4,34.05229244396998,0.0,0.0,7.0,19.25,140.0
72,42.0,11.380952380952381,35.543139285808174,0.0,0.0,0.0,7.0,198.0
73,62.0,10.64516129032258,32.65221443257116,0.0,0.0,7.0,7.0,254.0
74,52.0,14.442307692307692,46.5421645062096,0.0,0.0,0.0,8.75,287.0
75,59.0,18.779661016949152,31.964995831437225,0.0,0.0,7.0,21.0,149.0
76,44.0,21.84090909090909,68.52531129098523,0.0,0.0,0.0,14.0,443.0
77,61.0,7.60655737704918,25.68869964824001,0.0,0.0,0.0,7.0,198.0
78,38.0,7.2368421052631575,22.764878366806105,0.0,0.0,0.0,7.0,135.0
79,65.0,14.569230769230769,26.807746799414875,0.0,0.0,7.0,14.0,163.0
80,59.0,9.40677966101695,26.931662332695648,0.0,0.0,0.0,7.0,198.0
81,63.0,11.476190476190476,25.74869689333946,0.0,0.0,7.0,10.5,163.0
82,32.0,8.59375,24.239210270058905,0.0,0.0,0.0,7.0,135.0
83,47.0,17.02127659574468,33.67329567792758,0.0,0.0,7.0,21.0,177.0
84,40.0,13.0,26.690053847060227,0.0,0.0,0.0,14.0,135.0
85,60.0,17.65,39.49203953255235,0.0,0.0,7.0,14.0,226.0
86,58.0,16.810344827586206,27.163221327034535,0.0,0.0,7.0,21.0,170.0
87,39.0,21.23076923076923,41.040071264469226,0.0,0.0,7.0,28.0,233.0
88,58.0,4.982758620689655,19.92220957528975,0.0,0.0,0.0,5.25,149.0
89,57.0,10.964912280701755,34.20628853644599,0.0,0.0,0.0,7.0,247.0
90,61.0,15.180327868852459,30.023606377161126,0.0,0.0,7.0,14.0,156.0
91,60.0,13.1,24.491229838108396,0.0,0.0,7.0,14.0,177.0
92,57.0,7.771929824561403,30.1531907479242,0.0,0.0,0.0,7.0,226.0
93,62.0,14.709677419354838,29.148791329312605,0.0,0.0,7.0,14.0,191.0
94,45.0,12.955555555555556,27.206245569350394,0.0,0.0,7.0,14.0,170.0
95,57.0,12.43859649122807,25.68978225444314,0.0,0.0,7.0,14.0,163.0
96,55.0,10.345454545454546,23.862428380520875,0.0,0.0,0.0,10.5,156.0
97,44.0,12.931818181818182,30.339472889652967,0.0,0.0,0.0,14.0,184.0
98,61.0,13.229508196721312,23.675158178016428,0.0,0.0,7.0,14.0,163.0
99,58.0,14.517241379310345,26.52786775628791,0.0,0.0,7.0,19.25,149.0
