id,count,mean,std,min,25%,50%,75%,max
0,41.0,7.7073170731707314,24.368262045577875,0.0,0.0,0.0,7.0,134.0
1,53.0,16.92452830188679,25.57105414075407,0.0,0.0,7.0,21.0,141.0
2,50.0,10.94,22.127100384563978,0.0,0.0,7.0,14.0,141.0
3,52.0,6.346153846153846,18.315197391927803,0.0,0.0,0.0,7.0,120.0
4,44.0,20.863636363636363,31.72600056815766,0.0,0.0,7.0,28.0,133.0
5,55.0,8.163636363636364,20.939740382171106,0.0,0.0,0.0,7.0,148.0
6,38.0,3.3421052631578947,19.469000051765555,0.0,0.0,0.0,0.0,120.0
7,59.0,15.915254237288135,23.79965816589724,0.0,0.0,7.0,17.5,134.0
8,54.0,20.37037037037037,27.672816370907633,0.0,1.75,14.0,28.0,162.0
9,59.0,6.423728813559322,18.61238315063065,0.0,0.0,0.0,7.0,141.0
10,35.0,14.428571428571429,34.38047129872843,0.0,0.0,0.0,7.0,147.0
11,39.0,4.153846153846154,20.516409942362646,0.0,0.0,0.0,0.0,127.0
12,46.0,14.478260869565217,28.67963980126729,0.0,0.0,7.0,14.0,127.0
13,61.0,18.721311475409838,25.653545010089726,0.0,0.0,7.0,28.0,127.0
14,57.0,9.105263157894736,19.284231354849705,0.0,0.0,0.0,14.0,134.0
15,40.0,14.9,27.879594596618418,0.0,0.0,7.0,14.0,126.0
16,51.0,8.392156862745098,21.44861620839214,0.0,0.0,0.0,7.0,141.0
17,49.0,13.306122448979592,23.372173698681955,0.0,0.0,7.0,14.0,127.0
18,57.0,13.035087719298245,21.232526355537544,0.0,0.0,7.0,14.0,120.0
19,53.0,12.169811320754716,22.8799003570455,0.0,0.0,7.0,14.0,141.0
20,56.0,14.642857142857142,25.873418139738828,0.0,0.0,7.0,14.0,134.0
21,49.0,14.591836734693878,25.22062513049169,0.0,0.0,7.0,21.0,148.0
22,37.0,4.756756756756757,21.034898786706037,0.0,0.0,0.0,0.0,127.0
23,47.0,8.51063829787234,19.539116107935154,0.0,0.0,0.0,10.5,120.0
24,49.0,10.16326530612245,20.643145491477625,0.0,0.0,7.0,14.0,141.0
25,40.0,12.975,24.74742928892325,0.0,0.0,0.0,14.0,120.0
26,50.0,20.18,36.62813126546316,0.0,0.0,7.0,14.0,175.0
27,55.0,18.345454545454544,22.98003818278279,0.0,0.0,14.0,28.0,141.0
28,50.0,12.06,21.082355520332975,0.0,0.0,0.0,14.0,120.0
29,56.0,13.767857142857142,33.93790643965084,0.0,0.0,7.0,14.0,210.0
30,43.0,13.86046511627907,24.003552708623342,0.0,0.0,7.0,14.0,134.0
31,30.0,8.9,23.421696396054777,0.0,0.0,0.0,7.0,127.0
32,52.0,8.23076923076923,21.230403083383894,0.0,0.0,0.0,7.0,148.0
33,28.0,11.535714285714286,24.65086902961727,0.0,0.0,0.0,14.0,120.0
34,55.0,16.69090909090909,26.63391928661001,0.0,0.0,7.0,24.5,134.0
35,30.0,8.666666666666666,23.90402264997619,0.0,0.0,0.0,7.0,127.0
36,41.0,9.75609756097561,25.182117154644562,0.0,0.0,0.0,7.0,155.0
37,52.0,13.75,26.97556992074532,0.0,0.0,3.5,14.0,148.0
38,49.0,18.448979591836736,28.751855899873224,0.0,7.0,14.0,21.0,176.0
39,51.0,9.07843137254902,22.27989509603212,0.0,0.0,7.0,7.0,155.0
40,41.0,20.51219512195122,34.230923118738346,0.0,0.0,7.0,21.0,162.0
41,53.0,15.735849056603774,33.15183655627093,0.0,0.0,7.0,14.0,176.0
42,38.0,6.473684210526316,22.733160494303114,0.0,0.0,0.0,7.0,141.0
43,59.0,18.64406779661017,31.804772311532552,0.0,0.0,7.0,21.0,169.0
44,49.0,11.448979591836734,27.860561450798894,0.0,0.0,0.0,14.0,183.0
45,59.0,9.745762711864407,21.476204330036584,0.0,0.0,7.0,7.0,155.0
46,32.0,8.78125,24.153720577623968,0.0,0.0,0.0,7.0,134.0
47,39.0,8.282051282051283,24.12680177940218,0.0,0.0,0.0,7.0,148.0
48,40.0,16.475,42.168761983006895,0.0,0.0,0.0,7.0,182.0
49,59.0,13.305084745762711,27.354791698567265,0.0,0.0,7.0,14.0,169.0
50,56.0,14.267857142857142,30.051163082273582,0.0,0.0,7.0,14.0,155.0
51,40.0,16.65,30.793397560732615,0.0,0.0,7.0,21.0,148.0
52,51.0,12.235294117647058,30.700871802145368,0.0,0.0,0.0,7.0,162.0
53,49.0,18.448979591836736,36.28593691345278,0.0,0.0,7.0,14.0,176.0
54,57.0,17.333333333333332,37.55773333593673,0.0,0.0,7.0,14.0,217.0
55,53.0,14.018867924528301,24.552526554964164,0.0,0.0,7.0,21.0,155.0
56,55.0,10.072727272727272,22.884455783311004,0.0,0.0,0.0,7.0,148.0
57,48.0,16.791666666666668,44.02850060186274,0.0,0.0,0.0,14.0,259.0
58,37.0,10.621621621621621,25.69625064668574,0.0,0.0,7.0,14.0,155.0
59,46.0,12.195652173913043,29.139983653787368,0.0,0.0,7.0,14.0,183.0
60,48.0,14.166666666666666,29.29696326818854,0.0,0.0,7.0,8.75,169.0
61,40.0,13.85,27.26935915488204,0.0,0.0,7.0,14.0,134.0
62,49.0,16.877551020408163,27.58066400960797,0.0,0.0,7.0,21.0,148.0
63,54.0,15.833333333333334,27.37561923138702,0.0,0.0,7.0,14.0,169.0
64,49.0,14.448979591836734,24.552716435330353,0.0,0.0,7.0,21.0,155.0
65,56.0,14.142857142857142,30.0710846141294,0.0,0.0,7.0,14.0,162.0
66,43.0,11.906976744186046,28.519679048391406,0.0,0.0,7.0,10.5,162.0
67,30.0,11.7,28.075206880436525,0.0,0.0,7.0,12.25,155.0
68,51.0,9.352941176470589,25.163325320324233,0.0,0.0,7.0,7.0,176.0
69,28.0,14.785714285714286,28.444041415795542,0.0,0.0,0.0,21.0,141.0
70,54.0,20.5,35.06261245904005,0.0,0.0,7.0,21.0,169.0
71,29.0,16.689655172413794,39.15728672224719,0.0,0.0,7.0,7.0,161.0
72,39.0,14.025641025641026,27.300941934287273,0.0,0.0,7.0,14.0,162.0
73,52.0,15.76923076923077,29.712092596374045,0.0,0.0,7.0,21.0,190.0
74,48.0,20.0,52.09279772164368,0.0,0.0,7.0,21.0,337.0
75,51.0,17.725490196078432,27.622511421934504,0.0,7.0,7.0,21.0,162.0
76,39.0,27.307692307692307,82.24199012226816,0.0,0.0,7.0,28.0,512.0
77,53.0,7.811320754716981,27.01926421290329,0.0,0.0,0.0,7.0,190.0
78,38.0,6.842105263157895,25.186360869058834,0.0,0.0,0.0,7.0,155.0
79,59.0,17.10169491525424,34.749197418295346,0.0,0.0,7.0,21.0,183.0
80,49.0,12.306122448979592,29.918781783377487,0.0,0.0,7.0,14.0,204.0
81,59.0,12.711864406779661,30.652699069693025,0.0,0.0,0.0,14.0,190.0
82,32.0,12.9375,31.326519220168922,0.0,0.0,7.0,14.0,176.0
83,38.0,17.157894736842106,29.01213754927081,0.0,0.0,7.0,21.0,169.0
84,40.0,13.5,36.860095858077564,0.0,0.0,0.0,7.0,176.0
85,58.0,15.344827586206897,39.2274303079649,0.0,0.0,0.0,14.0,239.0
86,51.0,15.392156862745098,28.97797676261926,0.0,0.0,7.0,21.0,183.0
87,40.0,20.15,57.159493457409965,0.0,0.0,7.0,21.0,365.0
88,51.0,7.431372549019608,25.34896834347369,0.0,0.0,0.0,7.0,176.0
89,46.0,22.23913043478261,58.337403584705676,0.0,0.0,0.0,14.0,288.0
90,57.0,15.491228070175438,38.22308708051865,0.0,0.0,7.0,14.0,224.0
91,52.0,23.03846153846154,36.19769331750706,0.0,0.0,7.0,22.75,197.0
92,55.0,10.963636363636363,38.48855704711498,0.0,0.0,0.0,7.0,281.0
93,48.0,15.041666666666666,33.278296763220816,0.0,0.0,7.0,14.0,218.0
94,37.0,18.56756756756757,32.02303037619136,0.0,0.0,7.0,28.0,190.0
95,46.0,19.956521739130434,34.88199568815416,0.0,0.0,7.0,21.0,204.0
96,48.0,14.020833333333334,27.899126489287223,0.0,0.0,7.0,15.75,176.0
97,37.0,25.56756756756757,60.550961337694034,0.0,0.0,0.0,21.0,253.0
98,48.0,20.875,37.71202472038114,0.0,0.0,7.0,21.0,197.0
99,54.0,14.666666666666666,27.752953267973837,0.0,0.0,7.0,14.0,176.0
100,48.0,12.270833333333334,29.201966986600834,0.0,0.0,7.0,14.0,183.0
101,56.0,12.392857142857142,32.00947505827756,0.0,0.0,0.0,7.0,211.0
102,41.0,15.21951219512195,33.15758751411354,0.0,0.0,7.0,14.0,204.0
103,30.0,23.366666666666667,40.63927379657077,0.0,0.0,7.0,28.0,190.0
104,50.0,11.64,32.79233359883287,0.0,0.0,0.0,7.0,211.0
105,25.0,22.16,39.218065565076856,0.0,0.0,7.0,21.0,169.0
106,48.0,22.479166666666668,34.24317890351946,0.0,0.0,7.0,35.0,190.0
107,29.0,18.379310344827587,38.394952972924756,0.0,0.0,7.0,21.0,204.0
108,38.0,14.947368421052632,43.73504214936283,0.0,0.0,3.5,7.0,260.0
109,51.0,18.41176470588235,43.436011083242086,0.0,0.0,7.0,14.0,295.0
110,48.0,19.5625,71.37372609438115,0.0,0.0,0.0,7.0,470.0
111,50.0,14.3,27.83497286303176,0.0,0.0,7.0,19.25,183.0
112,38.0,19.55263157894737,86.01938730825525,0.0,0.0,0.0,12.25,533.0
113,53.0,12.69811320754717,32.35237769508447,0.0,0.0,7.0,14.0,225.0
114,38.0,10.710526315789474,33.34010481244314,0.0,0.0,0.0,7.0,204.0
115,53.0,29.471698113207548,63.33962296576744,0.0,0.0,7.0,28.0,308.0
116,48.0,17.083333333333332,40.44267460341878,0.0,0.0,7.0,14.0,239.0
117,55.0,14.781818181818181,32.55007021047836,0.0,0.0,7.0,14.0,218.0
118,32.0,24.09375,51.606675846594534,0.0,0.0,3.5,15.75,210.0
119,38.0,26.18421052631579,48.727513324253394,0.0,0.0,10.5,19.25,211.0
