id,count,mean,std,min,25%,50%,75%,max
0,30.0,14.1,32.39343271032912,0.0,0.0,0.0,14.0,171.0
1,42.0,16.571428571428573,26.003886067131088,0.0,0.0,7.0,21.0,150.0
2,43.0,20.41860465116279,35.87294547502705,0.0,0.0,7.0,21.0,164.0
3,39.0,13.717948717948717,31.372086753361796,0.0,0.0,0.0,14.0,157.0
4,32.0,24.15625,49.669948969625096,0.0,0.0,7.0,22.75,182.0
5,43.0,9.348837209302326,23.626945594797792,0.0,0.0,0.0,7.0,150.0
6,38.0,6.894736842105263,25.40035057609118,0.0,0.0,0.0,7.0,157.0
7,46.0,22.434782608695652,34.56565551328083,0.0,1.75,7.0,21.0,171.0
8,35.0,25.485714285714284,33.60967247733327,0.0,3.5,14.0,35.0,171.0
9,44.0,14.863636363636363,32.24152378900207,0.0,0.0,0.0,14.0,178.0
10,32.0,21.3125,37.05221903589407,0.0,0.0,7.0,21.0,150.0
11,43.0,17.813953488372093,33.42386929665221,0.0,0.0,7.0,21.0,157.0
12,40.0,18.45,31.960672949495528,0.0,0.0,7.0,21.0,164.0
13,55.0,19.90909090909091,53.988089470862036,0.0,0.0,0.0,21.0,364.0
14,44.0,19.15909090909091,27.30528799779827,0.0,7.0,14.0,28.0,164.0
15,36.0,12.13888888888889,51.247384757121445,0.0,0.0,0.0,0.0,273.0
16,39.0,14.435897435897436,29.99543375055511,0.0,0.0,7.0,14.0,178.0
17,43.0,21.232558139534884,49.571418997193824,0.0,0.0,7.0,10.5,252.0
18,45.0,10.177777777777777,25.03750721770775,0.0,0.0,0.0,7.0,157.0
19,38.0,18.5,29.35684459073087,0.0,0.0,7.0,24.5,150.0
20,49.0,17.918367346938776,30.557211870177415,0.0,0.0,7.0,21.0,171.0
21,45.0,10.955555555555556,25.971098933198416,0.0,0.0,0.0,14.0,164.0
22,32.0,14.96875,28.963251883678726,0.0,0.0,7.0,14.0,157.0
23,43.0,15.372093023255815,31.999273247561312,0.0,0.0,0.0,14.0,157.0
24,37.0,23.16216216216216,32.99117181031037,0.0,0.0,14.0,35.0,171.0
25,39.0,17.487179487179485,44.73246307058972,0.0,0.0,0.0,7.0,231.0
26,47.0,17.93617021276596,28.182174643248736,0.0,0.0,7.0,21.0,150.0
27,38.0,21.263157894736842,34.98623992876019,0.0,0.0,7.0,26.25,164.0
28,37.0,13.702702702702704,29.49751860078409,0.0,0.0,0.0,7.0,157.0
29,47.0,13.617021276595745,28.33844614767639,0.0,0.0,7.0,14.0,171.0
30,32.0,8.625,30.047006184396498,0.0,0.0,0.0,7.0,171.0
31,26.0,13.307692307692308,34.52276840668399,0.0,0.0,0.0,7.0,157.0
32,47.0,14.212765957446809,31.06090522646614,0.0,0.0,0.0,14.0,185.0
33,30.0,13.4,30.01677691811238,0.0,0.0,0.0,14.0,150.0
34,38.0,28.44736842105263,38.18779865167142,0.0,7.0,14.0,28.0,171.0
35,26.0,12.23076923076923,32.16371582054249,0.0,0.0,0.0,7.0,150.0
36,30.0,19.0,37.818076320084344,0.0,0.0,7.0,14.0,185.0
37,42.0,15.738095238095237,30.946105412245828,0.0,0.0,7.0,14.0,178.0
38,43.0,16.837209302325583,32.01259442079613,0.0,0.0,7.0,21.0,199.0
39,39.0,21.615384615384617,46.965617538463505,0.0,0.0,7.0,14.0,210.0
40,31.0,29.451612903225808,55.98740257693536,0.0,0.0,7.0,17.5,213.0
41,43.0,15.046511627906977,39.0310947398244,0.0,0.0,0.0,7.0,185.0
42,38.0,13.526315789473685,31.6507434199059,0.0,0.0,7.0,12.25,192.0
43,41.0,18.170731707317074,53.07254584011604,0.0,0.0,0.0,14.0,294.0
44,35.0,13.485714285714286,35.28986809150704,0.0,0.0,7.0,10.5,206.0
45,43.0,13.744186046511627,36.07603941891403,0.0,0.0,7.0,7.0,192.0
46,32.0,17.8125,57.168927664620234,0.0,0.0,0.0,7.0,287.0
47,43.0,14.55813953488372,29.13294839473929,0.0,0.0,7.0,21.0,185.0
48,39.0,13.897435897435898,33.31255087626795,0.0,0.0,0.0,10.5,192.0
49,54.0,12.75925925925926,31.31636210178326,0.0,0.0,7.0,7.0,199.0
50,44.0,18.681818181818183,30.420137705353753,0.0,7.0,14.0,21.0,185.0
51,36.0,7.083333333333333,29.695959321092825,0.0,0.0,0.0,0.0,171.0
52,39.0,8.153846153846153,30.584256753002897,0.0,0.0,0.0,7.0,192.0
53,43.0,17.0,35.21836642056717,0.0,0.0,7.0,14.0,220.0
54,45.0,20.133333333333333,45.56194584399254,0.0,0.0,7.0,14.0,245.0
55,37.0,19.37837837837838,33.18161417893227,0.0,0.0,7.0,28.0,185.0
56,48.0,13.479166666666666,28.39987232765229,0.0,0.0,7.0,14.0,178.0
57,45.0,11.577777777777778,29.173064233427326,0.0,0.0,7.0,14.0,192.0
58,32.0,15.1875,34.61347630526994,0.0,0.0,7.0,14.0,178.0
59,43.0,14.883720930232558,33.79222882087197,0.0,0.0,0.0,14.0,199.0
60,36.0,20.305555555555557,39.08658479723076,0.0,0.0,7.0,15.75,199.0
61,36.0,13.88888888888889,31.655085601597168,0.0,0.0,7.0,14.0,185.0
62,46.0,17.41304347826087,31.804664987637356,0.0,0.0,7.0,14.0,178.0
63,37.0,17.486486486486488,33.94245262337549,0.0,0.0,7.0,14.0,192.0
64,35.0,20.285714285714285,35.48120581922991,0.0,0.0,7.0,21.0,185.0
65,46.0,21.97826086956522,47.81421877337548,0.0,0.0,7.0,14.0,217.0
66,32.0,17.375,41.251979424648376,0.0,0.0,7.0,15.75,220.0
67,26.0,12.23076923076923,31.6016552633658,0.0,0.0,7.0,14.0,164.0
68,44.0,10.727272727272727,30.788372643961306,0.0,0.0,0.0,8.75,199.0
69,28.0,10.107142857142858,33.52316974948685,0.0,0.0,0.0,7.0,178.0
70,38.0,22.18421052631579,40.67196076664032,0.0,0.0,7.0,26.25,220.0
71,26.0,19.23076923076923,38.85800580812937,0.0,0.0,3.5,12.25,178.0
72,30.0,17.833333333333332,38.80462408753257,0.0,1.75,7.0,14.0,213.0
73,42.0,19.238095238095237,42.54054566589013,0.0,0.0,7.0,19.25,234.0
74,43.0,12.279069767441861,36.32743000189575,0.0,0.0,0.0,7.0,234.0
75,39.0,13.179487179487179,30.808296725046574,0.0,0.0,7.0,17.5,192.0
76,28.0,32.607142857142854,130.59361316290241,0.0,0.0,3.5,14.0,696.0
77,42.0,9.404761904761905,32.37889972656426,0.0,0.0,0.0,7.0,206.0
78,38.0,13.894736842105264,34.74290864738051,0.0,0.0,0.0,14.0,199.0
79,41.0,24.317073170731707,54.536886152580365,0.0,0.0,7.0,14.0,252.0
80,35.0,17.485714285714284,43.183174438916005,0.0,0.0,7.0,14.0,241.0
81,39.0,13.35897435897436,34.32774478578912,0.0,0.0,7.0,14.0,213.0
82,31.0,23.806451612903224,54.830295369645604,0.0,0.0,7.0,17.5,245.0
83,39.0,23.41025641025641,46.91017056635056,0.0,0.0,7.0,21.0,220.0
84,38.0,18.68421052631579,36.086311894077554,0.0,0.0,7.0,19.25,206.0
85,52.0,16.75,43.71201432190504,0.0,0.0,7.0,14.0,283.0
86,44.0,35.06818181818182,59.612078426202814,0.0,0.0,14.0,42.0,252.0
87,36.0,13.88888888888889,64.57588129049763,0.0,0.0,0.0,7.0,388.0
88,39.0,11.564102564102564,34.60361623313749,0.0,0.0,0.0,7.0,206.0
89,43.0,10.488372093023257,47.197342587129015,0.0,0.0,0.0,7.0,311.0
90,44.0,15.977272727272727,39.84124813373851,0.0,0.0,7.0,14.0,199.0
91,37.0,20.89189189189189,36.00291946787385,0.0,7.0,7.0,21.0,213.0
92,47.0,13.617021276595745,53.38928128521409,0.0,0.0,0.0,7.0,367.0
93,45.0,14.844444444444445,38.69105813748159,0.0,0.0,7.0,7.0,227.0
94,29.0,18.20689655172414,41.86575425464523,0.0,0.0,7.0,14.0,220.0
95,43.0,25.13953488372093,44.771686097007695,0.0,3.5,7.0,21.0,220.0
96,35.0,26.685714285714287,46.73251256986336,0.0,7.0,7.0,21.0,206.0
97,36.0,25.36111111111111,76.13602593020235,0.0,0.0,7.0,8.75,402.0
98,46.0,16.5,32.738526404087146,0.0,0.0,7.0,19.25,213.0
99,37.0,22.027027027027028,45.95860848300015,0.0,0.0,7.0,14.0,199.0
100,35.0,18.085714285714285,42.06813201334755,0.0,0.0,7.0,14.0,227.0
101,45.0,11.88888888888889,37.9205043012965,0.0,0.0,7.0,14.0,255.0
102,32.0,26.5625,47.73443843707838,0.0,0.0,14.0,28.0,241.0
103,24.0,45.333333333333336,112.90960858201984,0.0,0.0,7.0,22.75,511.0
104,44.0,10.25,31.571347769773784,0.0,0.0,0.0,8.75,206.0
105,28.0,11.857142857142858,36.09731116047112,0.0,0.0,0.0,8.75,192.0
106,34.0,29.11764705882353,47.16750596054793,0.0,7.0,17.5,28.0,227.0
107,26.0,17.615384615384617,60.83556652030253,0.0,0.0,0.0,7.0,311.0
108,29.0,29.310344827586206,78.86566492110667,0.0,0.0,7.0,14.0,374.0
109,39.0,29.333333333333332,86.50261125761443,0.0,0.0,7.0,14.0,476.0
110,42.0,13.404761904761905,57.67785199639059,0.0,0.0,0.0,7.0,374.0
111,39.0,11.205128205128204,33.78350538602147,0.0,0.0,0.0,7.0,206.0
112,28.0,34.357142857142854,137.49483876797225,0.0,0.0,0.0,7.0,724.0
113,42.0,13.404761904761905,37.73273116488442,0.0,0.0,7.0,7.0,241.0
114,37.0,21.27027027027027,42.38687470369982,0.0,0.0,7.0,21.0,227.0
115,41.0,24.317073170731707,45.41499698579217,0.0,0.0,7.0,28.0,234.0
116,34.0,20.264705882352942,47.76730771431974,0.0,0.0,7.0,21.0,276.0
117,39.0,14.974358974358974,40.84146962372487,0.0,0.0,7.0,14.0,255.0
118,31.0,23.35483870967742,50.95327819816684,0.0,0.0,7.0,21.0,227.0
119,39.0,25.205128205128204,48.55771361953541,0.0,0.0,7.0,28.0,248.0
120,34.0,27.264705882352942,49.73402519434844,0.0,0.0,7.0,38.5,227.0
121,52.0,12.173076923076923,42.033469928956336,0.0,0.0,0.0,7.0,297.0
122,44.0,13.75,36.33700465058649,0.0,0.0,7.0,8.75,234.0
123,36.0,16.02777777777778,86.68118468143923,0.0,0.0,0.0,0.0,521.0
124,39.0,19.82051282051282,65.36290264236555,0.0,0.0,0.0,10.5,357.0
125,43.0,20.906976744186046,53.20124146129727,0.0,0.0,7.0,14.0,325.0
126,42.0,27.904761904761905,74.56828905686892,0.0,0.0,7.0,19.25,441.0
127,37.0,25.243243243243242,43.728585492663605,0.0,7.0,14.0,28.0,255.0
128,44.0,20.75,58.94148655411825,0.0,0.0,7.0,14.0,388.0
129,44.0,14.386363636363637,45.86188360572092,0.0,0.0,0.0,7.0,276.0
130,29.0,21.82758620689655,54.35404372229832,0.0,0.0,7.0,14.0,248.0
131,43.0,20.906976744186046,41.72975069447763,0.0,0.0,7.0,21.0,248.0
132,34.0,20.058823529411764,39.77965154902508,0.0,0.0,7.0,21.0,213.0
133,36.0,28.47222222222222,79.054587329122,0.0,0.0,3.5,14.0,423.0
134,44.0,10.25,35.27771877347606,0.0,0.0,0.0,7.0,234.0
135,36.0,21.47222222222222,40.12515143619744,0.0,0.0,10.5,28.0,220.0
136,34.0,23.558823529411764,56.55310787830485,0.0,0.0,7.0,21.0,304.0
137,44.0,18.363636363636363,51.167345559307876,0.0,0.0,7.0,14.0,339.0
138,31.0,34.645161290322584,74.07588378912386,0.0,7.0,7.0,17.5,329.0
139,24.0,45.333333333333336,98.92758294159758,0.0,0.0,7.0,29.75,357.0
140,44.0,12.318181818181818,36.15648980137413,0.0,0.0,0.0,14.0,234.0
141,27.0,16.185185185185187,40.990652815411686,0.0,0.0,7.0,14.0,213.0
142,33.0,23.0,47.304201716126656,0.0,7.0,7.0,28.0,276.0
143,25.0,17.2,64.6264909563666,0.0,0.0,0.0,7.0,325.0
144,29.0,21.82758620689655,71.54971746251354,0.0,0.0,0.0,14.0,388.0
145,39.0,12.64102564102564,49.97340723324081,0.0,0.0,0.0,7.0,311.0
146,42.0,34.404761904761905,117.68292652837705,0.0,0.0,7.0,19.25,710.0
147,39.0,15.153846153846153,35.893510967229936,0.0,0.0,7.0,17.5,213.0
148,27.0,43.407407407407405,141.58586936752695,0.0,0.0,7.0,21.0,738.0
149,41.0,14.24390243902439,42.963810636281366,0.0,0.0,7.0,14.0,276.0
