id,count,mean,std,min,25%,50%,75%,max
0,10.0,16.4,22.589082908933392,7.0,7.0,7.0,14.0,80.0
1,62.0,25.0,19.549852206895974,7.0,7.0,21.0,35.0,91.0
2,63.0,17.603174603174605,13.162188859220802,7.0,7.0,14.0,21.0,80.0
3,21.0,12.476190476190476,15.95499623196147,7.0,7.0,7.0,14.0,80.0
4,54.0,17.296296296296298,16.735037958060385,7.0,7.0,7.0,21.0,80.0
5,55.0,16.472727272727273,12.200264941650433,7.0,7.0,14.0,21.0,80.0
6,22.0,14.772727272727273,16.984395690447656,7.0,7.0,7.0,14.0,80.0
7,33.0,10.909090909090908,13.122889440695873,7.0,7.0,7.0,7.0,80.0
8,35.0,14.285714285714286,16.670811809463707,7.0,7.0,7.0,7.0,80.0
9,31.0,18.161290322580644,16.213362337268908,7.0,7.0,14.0,24.5,80.0
10,35.0,14.485714285714286,13.986067497106307,7.0,7.0,7.0,21.0,80.0
11,18.0,14.555555555555555,20.00065358409194,7.0,7.0,7.0,7.0,80.0
12,29.0,26.17241379310345,28.746514031539846,7.0,7.0,14.0,35.0,140.0
13,27.0,16.444444444444443,16.336211154113883,7.0,7.0,7.0,21.0,80.0
14,47.0,18.23404255319149,13.083698396756182,7.0,7.0,14.0,21.0,80.0
15,49.0,16.06122448979592,14.559372930729348,7.0,7.0,7.0,21.0,80.0
16,19.0,16.736842105263158,20.738697337380234,7.0,7.0,7.0,7.0,80.0
17,38.0,18.13157894736842,15.38193228052926,7.0,7.0,14.0,26.25,80.0
18,52.0,21.057692307692307,18.364942584684638,7.0,7.0,14.0,28.0,84.0
19,60.0,17.083333333333332,13.647240568746598,7.0,7.0,14.0,21.0,80.0
20,33.0,10.696969696969697,13.127939786208001,7.0,7.0,7.0,7.0,80.0
21,35.0,14.485714285714286,14.689675102664756,7.0,7.0,7.0,14.0,80.0
22,29.0,18.93103448275862,17.7239366686547,7.0,7.0,14.0,21.0,80.0
23,66.0,20.727272727272727,18.498686402050247,7.0,7.0,14.0,26.25,91.0
24,36.0,11.555555555555555,13.92519698643833,7.0,7.0,7.0,7.0,80.0
25,16.0,15.9375,18.66715029135406,7.0,7.0,7.0,15.75,80.0
26,47.0,17.340425531914892,17.612096381334645,7.0,7.0,7.0,17.5,80.0
27,68.0,14.970588235294118,18.649933446510275,7.0,7.0,7.0,14.0,126.0
28,33.0,11.969696969696969,13.391893183202404,7.0,7.0,7.0,14.0,80.0
29,36.0,18.944444444444443,16.435057380828066,7.0,7.0,14.0,28.0,80.0
30,39.0,20.0,22.432354453239846,7.0,7.0,14.0,21.0,119.0
31,24.0,15.0,17.41813148267707,7.0,7.0,7.0,14.0,80.0
32,12.0,15.416666666666666,20.83030280988529,7.0,7.0,7.0,14.0,80.0
33,7.0,18.428571428571427,27.2754904805098,7.0,7.0,7.0,10.5,80.0
34,44.0,18.363636363636363,16.5305790062931,7.0,7.0,10.5,22.75,80.0
35,23.0,15.652173913043478,16.726703461700165,7.0,7.0,7.0,21.0,80.0
36,16.0,14.625,19.60229578391266,7.0,7.0,7.0,14.0,87.0
37,38.0,28.63157894736842,23.049208291066098,7.0,14.0,21.0,42.0,115.0
38,50.0,23.16,17.8043333409113,7.0,14.0,17.5,28.0,94.0
39,60.0,17.433333333333334,12.135347818116573,7.0,7.0,14.0,21.0,87.0
40,18.0,15.333333333333334,24.29717969593324,7.0,7.0,7.0,7.0,101.0
41,50.0,19.66,16.267671709778966,7.0,7.0,14.0,26.25,108.0
42,25.0,13.56,17.303853135453192,7.0,7.0,7.0,7.0,87.0
43,67.0,13.313432835820896,13.999143864757524,7.0,7.0,7.0,14.0,94.0
44,44.0,14.227272727272727,18.37448133912981,7.0,7.0,7.0,14.0,108.0
45,32.0,15.40625,17.654131153194527,7.0,7.0,7.0,15.75,101.0
46,12.0,14.25,22.99851773879826,7.0,7.0,7.0,7.0,87.0
47,43.0,13.581395348837209,14.827953906532878,7.0,7.0,7.0,14.0,94.0
48,18.0,14.555555555555555,22.353371168894842,7.0,7.0,7.0,7.0,101.0
49,27.0,17.74074074074074,20.17155764664043,7.0,7.0,7.0,21.0,94.0
50,46.0,25.782608695652176,20.15706442855238,7.0,14.0,21.0,35.0,101.0
51,45.0,16.08888888888889,17.46011327441937,7.0,7.0,7.0,14.0,87.0
52,33.0,14.727272727272727,20.288963636779126,7.0,7.0,7.0,14.0,115.0
53,39.0,17.666666666666668,19.022608893703485,7.0,7.0,7.0,21.0,108.0
54,52.0,21.192307692307693,29.790798988514176,7.0,7.0,10.5,21.0,189.0
55,60.0,24.2,23.240671538475862,7.0,7.0,14.0,35.0,98.0
56,45.0,10.955555555555556,15.322229180857043,7.0,7.0,7.0,7.0,108.0
57,36.0,16.805555555555557,18.35650051374475,7.0,7.0,7.0,15.75,101.0
58,27.0,21.88888888888889,20.60681988180189,7.0,7.0,14.0,28.0,94.0
59,66.0,22.0,19.653928947590178,7.0,7.0,14.0,28.0,98.0
60,30.0,14.333333333333334,20.680381063209165,7.0,7.0,7.0,14.0,115.0
61,17.0,18.705882352941178,23.981150686222175,7.0,7.0,7.0,21.0,101.0
62,53.0,18.67924528301887,19.909191523307925,7.0,7.0,14.0,21.0,108.0
63,63.0,15.825396825396826,17.784135447929774,7.0,7.0,7.0,17.5,101.0
64,41.0,15.78048780487805,22.178268862922952,7.0,7.0,7.0,14.0,115.0
65,43.0,15.372093023255815,16.86080726731156,7.0,7.0,7.0,21.0,108.0
66,37.0,27.135135135135137,22.77811103542922,7.0,14.0,21.0,28.0,101.0
67,27.0,18.25925925925926,36.28158315665506,7.0,7.0,7.0,7.0,175.0
68,39.0,12.102564102564102,18.351530657220067,7.0,7.0,7.0,14.0,122.0
69,10.0,21.3,31.860982756691957,7.0,7.0,7.0,17.5,108.0
70,41.0,21.585365853658537,21.7462360073601,7.0,7.0,14.0,21.0,115.0
71,29.0,20.862068965517242,22.238518928605185,7.0,7.0,14.0,21.0,101.0
72,21.0,19.80952380952381,32.59235960715187,7.0,7.0,7.0,14.0,122.0
73,36.0,27.694444444444443,27.578272446096236,7.0,7.0,21.0,35.0,122.0
74,31.0,13.870967741935484,23.066197397178218,7.0,7.0,7.0,14.0,136.0
75,57.0,24.0,23.232520310977886,7.0,7.0,14.0,28.0,119.0
76,24.0,14.708333333333334,24.755287826287113,7.0,7.0,7.0,14.0,129.0
77,52.0,22.403846153846153,21.648945647817165,7.0,7.0,14.0,28.0,136.0
78,30.0,14.8,20.910977153572748,7.0,7.0,7.0,14.0,115.0
79,61.0,22.19672131147541,21.046630507938907,7.0,14.0,14.0,21.0,122.0
