id,count,mean,std,min,25%,50%,75%,max
0,21.0,105.14285714285714,141.81970445403053,7.0,21.0,49.0,105.0,497.0
1,38.0,47.78947368421053,45.307452936657086,7.0,14.0,28.0,70.0,175.0
2,45.0,48.6,49.48663731480725,7.0,14.0,35.0,56.0,231.0
3,35.0,52.48571428571429,61.006928935582884,7.0,14.0,21.0,70.0,245.0
4,22.0,99.4090909090909,147.31943236218078,7.0,7.0,42.0,119.0,567.0
5,41.0,58.80487804878049,49.77811743738162,7.0,21.0,42.0,77.0,203.0
6,23.0,25.08695652173913,30.83078898450564,7.0,7.0,14.0,28.0,150.0
7,31.0,73.25806451612904,86.38594320140112,7.0,14.0,42.0,91.0,371.0
8,27.0,98.88888888888889,164.87905435228143,7.0,7.0,49.0,80.5,616.0
9,38.0,50.36842105263158,71.51352964134738,7.0,14.0,21.0,68.25,406.0
10,30.0,23.433333333333334,46.541552315689074,7.0,7.0,7.0,14.0,224.0
11,34.0,41.05882352941177,55.08337546955006,7.0,7.0,14.0,49.0,238.0
12,26.0,39.69230769230769,51.84188980411053,7.0,7.0,14.0,42.0,203.0
13,51.0,43.705882352941174,48.17314360414818,7.0,7.0,28.0,63.0,203.0
14,41.0,43.951219512195124,40.285823325030975,7.0,14.0,35.0,63.0,154.0
15,42.0,26.738095238095237,27.85857973005936,7.0,7.0,14.0,35.0,150.0
16,40.0,66.225,57.022482071008284,7.0,14.0,49.0,92.75,210.0
17,38.0,59.21052631578947,42.13117090560939,7.0,22.75,49.0,91.0,150.0
18,47.0,44.297872340425535,44.76213213906955,7.0,10.5,28.0,56.0,175.0
19,35.0,80.08571428571429,105.96291566297296,7.0,24.5,42.0,91.0,392.0
20,33.0,50.78787878787879,45.63493561390055,7.0,21.0,42.0,70.0,189.0
21,33.0,53.54545454545455,51.66604960530834,7.0,14.0,28.0,91.0,203.0
22,36.0,50.25,81.6593534140456,7.0,7.0,14.0,50.75,406.0
23,41.0,63.58536585365854,54.84157893868306,7.0,21.0,56.0,98.0,238.0
24,28.0,90.60714285714286,130.77046310678884,7.0,21.0,49.0,87.5,567.0
25,22.0,34.18181818181818,39.3792746597404,7.0,7.0,14.0,52.5,150.0
26,41.0,65.8048780487805,70.3481412377737,7.0,14.0,42.0,98.0,273.0
27,26.0,101.88461538461539,124.01010504731521,7.0,24.5,59.5,131.25,497.0
28,25.0,104.84,140.30819648188768,7.0,14.0,42.0,150.0,588.0
29,49.0,39.63265306122449,38.23975564206217,7.0,14.0,21.0,49.0,150.0
30,24.0,105.70833333333333,160.64286047997405,7.0,14.0,35.0,90.0,588.0
31,22.0,70.77272727272727,127.52177473005555,7.0,7.0,14.0,68.25,525.0
32,33.0,41.45454545454545,41.81438965019317,7.0,14.0,21.0,56.0,150.0
33,16.0,40.875,63.532537595576436,7.0,7.0,17.5,29.75,238.0
34,31.0,94.03225806451613,155.40538040256044,7.0,10.5,35.0,84.0,644.0
35,28.0,27.857142857142858,35.38017260778434,7.0,7.0,14.0,35.0,150.0
36,21.0,98.80952380952381,145.25068641752404,7.0,14.0,42.0,119.0,574.0
37,41.0,56.926829268292686,49.72544129713804,7.0,21.0,42.0,77.0,203.0
38,43.0,52.0,53.820689949745784,7.0,14.0,28.0,73.5,224.0
39,42.0,57.07142857142857,60.84862980486019,7.0,14.0,31.5,77.0,252.0
40,20.0,106.9,150.65991678716603,7.0,14.0,42.0,121.5,539.0
41,35.0,54.285714285714285,48.334965682857636,7.0,17.5,42.0,70.0,168.0
42,38.0,22.92105263157895,28.219584515250595,7.0,7.0,14.0,28.0,171.0
43,40.0,59.575,80.69152641942917,7.0,7.0,35.0,71.75,371.0
44,27.0,98.62962962962963,153.65674736696732,7.0,7.0,42.0,91.0,595.0
45,31.0,60.38709677419355,75.21421737027951,7.0,14.0,42.0,80.5,392.0
46,19.0,28.894736842105264,41.58644909748862,7.0,7.0,14.0,31.5,157.0
47,36.0,35.47222222222222,57.522411091484834,7.0,7.0,14.0,29.75,301.0
48,24.0,35.416666666666664,41.37097981695011,7.0,7.0,21.0,49.0,171.0
49,30.0,47.7,47.9167021489124,7.0,14.0,24.5,73.5,168.0
50,32.0,52.59375,53.315167227081005,7.0,14.0,28.0,71.75,189.0
51,37.0,43.4054054054054,65.08561005811221,7.0,7.0,14.0,42.0,280.0
52,28.0,65.10714285714286,65.4473717242218,7.0,14.0,56.0,73.5,245.0
53,41.0,50.09756097560975,45.89869544880811,7.0,14.0,35.0,63.0,171.0
54,40.0,47.5,43.973768404496646,7.0,14.0,31.5,64.75,196.0
55,34.0,87.58823529411765,125.20095789329052,7.0,8.75,45.5,103.25,532.0
56,33.0,41.666666666666664,47.995876558998965,7.0,7.0,21.0,56.0,210.0
57,40.0,54.15,52.74299078477705,7.0,14.0,31.5,77.0,217.0
58,21.0,75.14285714285714,95.4543271487918,7.0,21.0,35.0,70.0,343.0
59,43.0,64.37209302325581,56.171939807215374,7.0,24.5,42.0,87.5,280.0
60,27.0,90.5925925925926,157.73157804400077,7.0,7.0,42.0,66.5,588.0
61,30.0,31.133333333333333,36.825528376791624,7.0,7.0,14.0,33.25,157.0
62,38.0,63.26315789473684,53.26409683247995,7.0,21.0,52.5,94.5,231.0
63,31.0,101.70967741935483,134.02790593713112,7.0,21.0,56.0,119.0,525.0
64,27.0,93.70370370370371,142.8169389907166,7.0,7.0,35.0,112.0,588.0
65,41.0,39.0,36.35519220138989,7.0,14.0,21.0,56.0,178.0
66,26.0,97.3076923076923,147.55467304854002,7.0,15.75,38.5,70.0,602.0
67,28.0,59.107142857142854,103.24416916033789,7.0,7.0,14.0,57.75,420.0
68,38.0,40.05263157894737,46.00643161172557,7.0,7.0,17.5,54.25,192.0
69,15.0,36.6,69.27048433496046,7.0,7.0,7.0,21.0,245.0
70,30.0,93.2,150.2534410645032,7.0,8.75,45.5,68.25,616.0
71,28.0,31.357142857142858,41.830534909246026,7.0,14.0,14.0,28.0,175.0
72,23.0,90.21739130434783,147.32461268225444,7.0,14.0,35.0,80.5,574.0
73,39.0,56.256410256410255,51.42123150929511,7.0,14.0,42.0,84.0,203.0
74,29.0,56.10344827586207,62.12334782372556,7.0,14.0,35.0,77.0,252.0
75,42.0,64.23809523809524,63.55055967737643,7.0,21.0,42.0,75.25,238.0
76,20.0,104.1,155.37421719326875,7.0,12.25,49.0,92.75,602.0
77,34.0,64.73529411764706,52.36023752957293,7.0,28.0,42.0,84.0,199.0
78,35.0,30.685714285714287,33.13321723035078,7.0,14.0,21.0,38.5,192.0
79,41.0,61.53658536585366,81.9881386424206,7.0,7.0,35.0,63.0,350.0
80,27.0,99.14814814814815,142.0448747359314,7.0,7.0,21.0,119.0,511.0
81,34.0,46.61764705882353,45.84361738456032,7.0,7.0,38.5,56.0,192.0
82,14.0,39.214285714285715,56.84821703641883,7.0,7.0,10.5,29.75,171.0
83,37.0,32.810810810810814,48.541412925138154,7.0,7.0,7.0,42.0,210.0
84,23.0,35.73913043478261,41.93741808424933,7.0,7.0,28.0,42.0,199.0
85,35.0,44.285714285714285,56.97707042856669,7.0,7.0,21.0,56.0,238.0
86,36.0,55.111111111111114,55.267028547267174,7.0,21.0,35.0,77.0,199.0
87,38.0,35.078947368421055,59.54529576306318,7.0,7.0,7.0,35.0,266.0
88,31.0,67.83870967741936,77.52638121920972,7.0,14.0,42.0,87.5,336.0
89,38.0,61.421052631578945,54.750851692226504,7.0,21.0,49.0,89.25,248.0
90,43.0,55.093023255813954,44.755321020968246,7.0,21.0,35.0,80.5,185.0
91,34.0,78.11764705882354,117.067389218938,7.0,7.0,35.0,70.0,476.0
92,30.0,42.8,42.45598126091995,7.0,8.75,28.0,61.25,192.0
93,38.0,55.526315789473685,47.85153664233487,7.0,21.0,45.5,70.0,206.0
94,24.0,70.70833333333333,122.25542725275481,7.0,14.0,21.0,49.0,518.0
95,40.0,62.9,64.15917705207883,7.0,14.0,42.0,82.25,273.0
96,27.0,88.25925925925925,155.5458360821887,7.0,7.0,28.0,84.0,588.0
97,24.0,32.5,41.668463729362735,7.0,12.25,14.0,29.75,192.0
98,37.0,70.27027027027027,60.31613412708109,7.0,14.0,56.0,91.0,196.0
99,31.0,106.0,118.3165246277966,7.0,28.0,63.0,136.5,511.0
100,29.0,97.86206896551724,149.71490147656624,7.0,7.0,35.0,84.0,595.0
101,47.0,40.12765957446808,43.79280118589901,7.0,7.0,21.0,59.5,213.0
102,28.0,90.60714285714286,143.68183453978995,7.0,14.0,35.0,64.75,609.0
103,28.0,56.857142857142854,100.45515464742512,7.0,7.0,14.0,42.0,413.0
104,34.0,41.6764705882353,50.82693188996946,7.0,14.0,28.0,49.0,224.0
105,15.0,46.86666666666667,69.29838862965477,7.0,7.0,14.0,38.5,224.0
106,28.0,98.85714285714286,143.87178301213183,7.0,12.25,42.0,99.75,567.0
107,25.0,42.4,45.325673372457096,7.0,7.0,28.0,63.0,185.0
108,21.0,101.47619047619048,157.67549557480993,7.0,21.0,35.0,105.0,595.0
109,32.0,63.53125,52.106580833221365,7.0,28.0,49.0,85.75,227.0
110,42.0,51.07142857142857,62.204381014697056,7.0,8.75,31.5,68.25,339.0
111,42.0,72.07142857142857,66.87096889410411,7.0,22.75,49.0,99.75,238.0
112,18.0,137.83333333333334,212.97231247829598,7.0,21.0,35.0,68.25,630.0
113,36.0,58.80555555555556,48.71304867395502,7.0,21.0,45.5,92.75,227.0
114,33.0,29.151515151515152,36.74415022500283,7.0,7.0,21.0,35.0,206.0
115,37.0,71.4054054054054,105.51341659277782,7.0,7.0,35.0,70.0,511.0
116,26.0,104.03846153846153,136.09540205877073,7.0,7.0,38.5,126.0,462.0
117,35.0,55.48571428571429,87.03696693615522,7.0,7.0,21.0,52.5,399.0
118,15.0,31.933333333333334,49.29570637151543,7.0,7.0,7.0,31.5,185.0
119,33.0,44.84848484848485,63.04865244997371,7.0,7.0,14.0,42.0,227.0
120,25.0,32.88,54.20894760092655,7.0,7.0,14.0,28.0,213.0
121,33.0,52.27272727272727,55.14938390820468,7.0,14.0,35.0,63.0,283.0
122,38.0,63.26315789473684,54.8426171879903,7.0,21.0,38.5,94.5,213.0
123,40.0,43.125,90.76404673375455,7.0,7.0,14.0,29.75,500.0
124,31.0,64.0,70.91215222607006,7.0,14.0,35.0,91.0,252.0
125,34.0,66.38235294117646,65.8846626314006,7.0,22.75,42.0,82.25,304.0
126,44.0,50.5,43.45567107797565,7.0,19.25,35.0,77.0,199.0
127,34.0,77.70588235294117,112.98606227043972,7.0,15.75,38.5,82.25,574.0
128,36.0,40.138888888888886,63.453088533533524,7.0,7.0,14.0,49.0,374.0
129,37.0,63.45945945945946,49.52529914352113,7.0,28.0,63.0,84.0,262.0
130,22.0,65.04545454545455,103.69528495168969,7.0,7.0,17.5,54.25,392.0
131,37.0,83.89189189189189,99.63928937918008,7.0,28.0,49.0,98.0,434.0
132,26.0,99.46153846153847,160.7174491507953,7.0,14.0,31.5,71.75,616.0
133,19.0,66.10526315789474,101.63327032732393,7.0,14.0,28.0,52.5,360.0
134,36.0,72.80555555555556,61.69085111352502,7.0,14.0,63.0,119.0,220.0
135,32.0,102.03125,124.52632429951663,7.0,21.0,42.0,115.5,462.0
136,28.0,90.85714285714286,149.42549593686758,7.0,7.0,24.5,87.5,616.0
137,43.0,41.25581395348837,48.37851403417677,7.0,7.0,28.0,52.5,269.0
138,22.0,125.5,150.05387921232384,7.0,28.0,70.0,134.75,567.0
139,23.0,60.391304347826086,113.64687698402163,7.0,7.0,7.0,35.0,413.0
140,37.0,39.810810810810814,52.89656460061038,7.0,7.0,21.0,42.0,234.0
141,15.0,60.4,91.3914656847126,7.0,7.0,7.0,70.0,266.0
142,26.0,113.73076923076923,145.16488768081837,7.0,21.0,49.0,136.5,525.0
143,22.0,53.27272727272727,61.037991150072784,7.0,8.75,28.0,82.25,262.0
144,23.0,101.78260869565217,146.61233872226666,7.0,14.0,42.0,119.0,581.0
145,36.0,65.41666666666667,69.9646339231472,7.0,21.0,49.0,78.75,332.0
146,38.0,66.39473684210526,96.99555283026018,7.0,21.0,38.5,68.25,563.0
147,42.0,68.9047619047619,61.599734527385486,7.0,29.75,49.0,87.5,227.0
148,18.0,138.61111111111111,179.66869473918112,7.0,7.0,31.5,255.5,584.0
149,37.0,56.648648648648646,58.06280900705537,7.0,14.0,49.0,63.0,255.0
