id,count,mean,std,min,25%,50%,75%,max
0,12.0,19.5,24.747819003996,7.0,7.0,7.0,14.0,80.0
1,45.0,21.533333333333335,17.074169752209702,7.0,7.0,14.0,28.0,80.0
2,59.0,13.813559322033898,11.474821877170884,7.0,7.0,7.0,14.0,80.0
3,38.0,24.57894736842105,20.845158332069506,7.0,7.0,17.5,35.0,91.0
4,41.0,17.48780487804878,14.503658075153854,7.0,7.0,14.0,21.0,80.0
5,58.0,16.70689655172414,12.821320813107338,7.0,7.0,14.0,21.0,80.0
6,20.0,14.85,18.14060580431008,7.0,7.0,7.0,14.0,80.0
7,32.0,10.375,12.96334783521503,7.0,7.0,7.0,7.0,80.0
8,28.0,14.357142857142858,15.986601532890864,7.0,7.0,7.0,15.75,80.0
9,30.0,15.733333333333333,15.21780566295293,7.0,7.0,10.5,14.0,80.0
10,15.0,13.266666666666667,18.68332589949302,7.0,7.0,7.0,10.5,80.0
11,48.0,13.770833333333334,13.228337705082836,7.0,7.0,7.0,14.0,80.0
12,13.0,13.153846153846153,20.17773588986201,7.0,7.0,7.0,7.0,80.0
13,30.0,16.9,18.599870225724512,7.0,7.0,7.0,14.0,80.0
14,54.0,18.59259259259259,13.721651419561134,7.0,7.0,14.0,21.0,80.0
15,50.0,14.48,13.95216317073654,7.0,7.0,7.0,14.0,80.0
16,15.0,13.733333333333333,19.158983967493334,7.0,7.0,7.0,7.0,80.0
17,39.0,17.128205128205128,15.532952217411669,7.0,7.0,14.0,21.0,80.0
18,50.0,21.2,19.44222209522358,7.0,7.0,14.0,21.0,84.0
19,59.0,18.440677966101696,16.574046169508183,7.0,7.0,7.0,21.0,80.0
20,36.0,10.777777777777779,12.703455347966466,7.0,7.0,7.0,7.0,80.0
21,35.0,15.685714285714285,14.891314935364226,7.0,7.0,7.0,17.5,80.0
22,26.0,16.26923076923077,16.03385840602989,7.0,7.0,10.5,19.25,80.0
23,67.0,20.313432835820894,16.013449796990145,7.0,7.0,14.0,28.0,80.0
24,32.0,15.84375,17.13157690988646,7.0,7.0,7.0,14.0,80.0
25,12.0,22.416666666666668,24.115096491365712,7.0,7.0,14.0,22.75,80.0
26,37.0,24.2972972972973,28.189699522328354,7.0,7.0,14.0,21.0,112.0
27,65.0,18.46153846153846,18.93911042911345,7.0,7.0,7.0,21.0,80.0
28,44.0,14.704545454545455,16.927450590963595,7.0,7.0,7.0,14.0,80.0
29,39.0,16.05128205128205,15.633884788377083,7.0,7.0,7.0,21.0,80.0
30,40.0,21.25,17.072620155510958,7.0,7.0,14.0,28.0,80.0
31,27.0,18.25925925925926,17.46775621316336,7.0,7.0,7.0,31.5,80.0
32,21.0,13.476190476190476,17.968358432586562,7.0,7.0,7.0,7.0,80.0
33,8.0,17.0,25.573423705088842,7.0,7.0,7.0,8.75,80.0
34,41.0,28.75609756097561,21.90522824328119,7.0,14.0,21.0,35.0,84.0
35,22.0,19.227272727272727,18.809652583262412,7.0,7.0,10.5,26.25,80.0
36,26.0,16.53846153846154,19.41593318742268,7.0,7.0,7.0,19.25,87.0
37,44.0,25.522727272727273,22.189971164829917,7.0,7.0,14.0,36.75,108.0
38,57.0,23.50877192982456,17.38546479001675,7.0,14.0,21.0,28.0,94.0
39,63.0,24.047619047619047,25.12833420112647,7.0,7.0,14.0,28.0,119.0
40,17.0,16.647058823529413,22.68518562980747,7.0,7.0,7.0,14.0,101.0
41,48.0,19.458333333333332,16.563171570755088,7.0,7.0,14.0,21.0,108.0
42,21.0,13.476190476190476,17.752799913306767,7.0,7.0,7.0,14.0,87.0
43,66.0,15.530303030303031,12.41490381879122,7.0,7.0,14.0,21.0,94.0
44,25.0,22.8,36.28360511305347,7.0,7.0,14.0,21.0,168.0
45,33.0,17.696969696969695,20.267715782255856,7.0,7.0,7.0,21.0,101.0
46,13.0,15.307692307692308,21.9787193112816,7.0,7.0,7.0,14.0,87.0
47,41.0,12.707317073170731,15.022056953758074,7.0,7.0,7.0,14.0,94.0
48,23.0,14.73913043478261,19.470764544227816,7.0,7.0,7.0,14.0,101.0
49,28.0,13.857142857142858,17.072208921528507,7.0,7.0,7.0,14.0,94.0
50,51.0,23.11764705882353,20.526711435418513,7.0,7.0,14.0,35.0,101.0
51,49.0,15.061224489795919,15.410234915018474,7.0,7.0,14.0,14.0,87.0
52,36.0,12.13888888888889,18.162996571173064,7.0,7.0,7.0,8.75,115.0
53,44.0,14.386363636363637,16.851217482882095,7.0,7.0,7.0,14.0,108.0
54,40.0,22.3,23.0909017491683,7.0,7.0,14.0,22.75,105.0
55,63.0,20.714285714285715,20.013244462531574,7.0,7.0,14.0,28.0,112.0
56,43.0,11.30232558139535,15.724616557851986,7.0,7.0,7.0,7.0,108.0
57,44.0,18.681818181818183,18.234611514437383,7.0,7.0,14.0,21.0,101.0
58,24.0,24.041666666666668,21.16288623092768,7.0,7.0,17.5,35.0,94.0
59,66.0,19.348484848484848,18.35839143635782,7.0,7.0,14.0,28.0,98.0
60,35.0,15.285714285714286,20.195473325900107,7.0,7.0,7.0,14.0,115.0
61,18.0,16.88888888888889,22.16220653935006,7.0,7.0,7.0,14.0,101.0
62,42.0,23.571428571428573,30.173597614990477,7.0,7.0,14.0,28.0,126.0
63,61.0,15.885245901639344,15.496341891616161,7.0,7.0,7.0,21.0,101.0
64,39.0,14.615384615384615,19.166329281780897,7.0,7.0,7.0,10.5,115.0
65,41.0,16.804878048780488,18.544836898979618,7.0,7.0,7.0,21.0,108.0
66,43.0,27.58139534883721,20.36831404545461,7.0,14.0,21.0,38.5,101.0
67,30.0,17.833333333333332,20.199152138801193,7.0,7.0,7.0,19.25,101.0
68,33.0,13.454545454545455,20.175930754693372,7.0,7.0,7.0,14.0,122.0
69,11.0,16.181818181818183,30.452645802354123,7.0,7.0,7.0,7.0,108.0
70,47.0,24.19148936170213,30.591728278048105,7.0,7.0,14.0,24.5,182.0
71,26.0,18.153846153846153,21.793012288698975,7.0,7.0,7.0,19.25,101.0
72,33.0,14.93939393939394,21.52025120952848,7.0,7.0,7.0,14.0,122.0
73,38.0,28.263157894736842,23.39864192239014,7.0,14.0,21.0,35.0,115.0
74,32.0,14.3125,25.07207352748755,7.0,7.0,7.0,7.0,136.0
75,59.0,29.0,33.18183965301834,7.0,7.0,21.0,35.0,161.0
76,28.0,19.357142857142858,26.030202238388945,7.0,7.0,7.0,22.75,136.0
77,48.0,25.0,22.649972993267447,7.0,14.0,21.0,28.0,143.0
78,25.0,19.16,24.80873502082146,7.0,7.0,7.0,14.0,122.0
79,60.0,26.533333333333335,23.24917834645583,7.0,7.0,21.0,35.0,126.0
