id,count,mean,std,min,25%,50%,75%,max
0,27.0,24.666666666666668,31.86027186131535,7.0,7.0,7.0,21.0,120.0
1,50.0,40.76,32.93317910123901,7.0,15.75,35.0,49.0,168.0
2,36.0,36.19444444444444,43.18982647697384,7.0,7.0,14.0,43.75,196.0
3,49.0,42.16326530612245,41.24133592787273,7.0,14.0,21.0,56.0,196.0
4,42.0,41.857142857142854,51.58018688840231,7.0,7.0,21.0,54.25,231.0
5,49.0,30.877551020408163,33.683967905779014,7.0,7.0,14.0,35.0,147.0
6,37.0,29.54054054054054,19.58967215793197,7.0,21.0,28.0,35.0,120.0
7,44.0,31.204545454545453,53.65678159763676,7.0,7.0,7.0,22.75,245.0
8,40.0,40.45,44.52941983418638,7.0,14.0,21.0,43.75,210.0
9,52.0,35.55769230769231,54.7956680202534,7.0,7.0,17.5,35.0,308.0
10,19.0,24.36842105263158,29.726924806974772,7.0,7.0,7.0,24.5,120.0
11,33.0,18.060606060606062,22.417821306300308,7.0,7.0,7.0,21.0,120.0
12,32.0,30.21875,32.79726028585413,7.0,7.0,14.0,31.5,120.0
13,42.0,23.19047619047619,25.37834499902748,7.0,7.0,14.0,28.0,120.0
14,49.0,28.73469387755102,25.242800549698057,7.0,7.0,21.0,42.0,120.0
15,16.0,24.125,43.295688776905564,7.0,7.0,7.0,7.0,147.0
16,44.0,42.97727272727273,44.60914946112311,7.0,12.25,28.0,49.0,189.0
17,34.0,45.73529411764706,41.88462422990769,7.0,14.0,38.5,63.0,203.0
18,39.0,21.923076923076923,26.63929094143364,7.0,7.0,14.0,21.0,120.0
19,33.0,23.575757575757574,24.85838679277869,7.0,7.0,14.0,42.0,120.0
20,46.0,28.02173913043478,35.536203217710735,7.0,7.0,14.0,28.0,189.0
21,39.0,47.05128205128205,57.12679743478708,7.0,14.0,28.0,56.0,329.0
22,21.0,52.714285714285715,69.99938775242455,7.0,7.0,14.0,77.0,266.0
23,34.0,38.11764705882353,41.42518974984969,7.0,7.0,21.0,47.25,189.0
24,39.0,27.128205128205128,26.488507425693616,7.0,7.0,14.0,42.0,120.0
25,18.0,31.944444444444443,34.29366640584754,7.0,7.0,17.5,47.25,120.0
26,45.0,44.666666666666664,36.61159776504012,7.0,21.0,35.0,70.0,140.0
27,53.0,33.56603773584906,33.573976548902294,7.0,7.0,21.0,49.0,147.0
28,42.0,24.857142857142858,29.09410419577657,7.0,7.0,14.0,33.25,120.0
29,39.0,26.23076923076923,25.219522031513122,7.0,7.0,21.0,31.5,120.0
30,32.0,31.96875,31.189829168310414,7.0,14.0,21.0,42.0,120.0
31,25.0,31.68,44.8178907729194,7.0,7.0,7.0,21.0,182.0
32,27.0,46.18518518518518,47.187870864186664,7.0,17.5,28.0,52.5,182.0
33,14.0,23.071428571428573,30.251419002227845,7.0,7.0,7.0,28.0,120.0
34,45.0,32.68888888888889,30.284125921483728,7.0,7.0,21.0,42.0,133.0
35,27.0,25.185185185185187,27.26231131495674,7.0,7.0,14.0,31.5,120.0
36,28.0,29.035714285714285,31.543599624150016,7.0,7.0,14.0,43.75,148.0
37,41.0,44.073170731707314,37.675184302072395,7.0,21.0,35.0,63.0,168.0
38,45.0,38.13333333333333,44.49596508775722,7.0,7.0,21.0,42.0,189.0
39,46.0,52.06521739130435,42.23710963065171,7.0,21.0,49.0,77.0,210.0
40,33.0,31.424242424242426,43.6871193138137,7.0,7.0,14.0,42.0,210.0
41,45.0,37.82222222222222,38.10529006992509,7.0,14.0,21.0,49.0,162.0
42,34.0,31.941176470588236,22.277779629950597,7.0,21.0,28.0,35.0,127.0
43,51.0,33.78431372549019,49.8503013934681,7.0,7.0,14.0,31.5,231.0
44,37.0,33.513513513513516,36.9260684955024,7.0,7.0,7.0,49.0,169.0
45,37.0,38.054054054054056,47.326258829267026,7.0,7.0,21.0,42.0,196.0
46,18.0,32.72222222222222,33.78967046399475,7.0,7.0,17.5,49.0,134.0
47,41.0,19.829268292682926,26.341889111284697,7.0,7.0,7.0,21.0,134.0
48,21.0,25.38095238095238,32.5091928390666,7.0,7.0,7.0,28.0,134.0
49,44.0,24.204545454545453,25.516597011443306,7.0,7.0,14.0,35.0,134.0
50,47.0,28.170212765957448,26.586462024820545,7.0,14.0,21.0,35.0,141.0
51,36.0,22.194444444444443,30.055966314712144,7.0,7.0,14.0,21.0,133.0
52,31.0,33.45161290322581,43.791048331576796,7.0,7.0,14.0,38.5,182.0
53,41.0,43.048780487804876,48.507706201959394,7.0,7.0,21.0,49.0,175.0
54,53.0,25.11320754716981,25.774659870439898,7.0,7.0,14.0,28.0,127.0
55,53.0,31.452830188679247,27.214649644952857,7.0,14.0,21.0,42.0,148.0
56,41.0,19.48780487804878,24.952076017056687,7.0,7.0,7.0,21.0,148.0
57,39.0,40.58974358974359,33.933928021747725,7.0,14.0,28.0,59.5,155.0
58,33.0,40.54545454545455,55.472454261716074,7.0,7.0,21.0,35.0,252.0
59,49.0,39.16326530612245,36.28035909114342,7.0,14.0,21.0,56.0,140.0
60,39.0,23.71794871794872,27.682360636664527,7.0,7.0,14.0,21.0,148.0
61,21.0,24.38095238095238,31.670927031705578,7.0,7.0,14.0,21.0,127.0
62,44.0,38.84090909090909,38.02382556742865,7.0,7.0,28.0,56.0,154.0
63,50.0,32.08,29.47696437171624,7.0,7.0,21.0,49.0,148.0
64,50.0,22.0,24.784787961282106,7.0,7.0,7.0,28.0,127.0
65,36.0,33.083333333333336,34.93207694941714,7.0,7.0,21.0,35.0,141.0
66,33.0,39.27272727272727,48.40278448038444,7.0,7.0,21.0,49.0,238.0
67,25.0,42.04,60.318239364225484,7.0,7.0,14.0,49.0,259.0
68,37.0,37.486486486486484,44.74906679450398,7.0,7.0,21.0,42.0,189.0
69,17.0,19.41176470588235,29.56572936595978,7.0,7.0,7.0,21.0,127.0
70,47.0,31.0,30.581324224178847,7.0,14.0,21.0,35.0,141.0
71,27.0,25.703703703703702,31.913121023292184,7.0,7.0,14.0,28.0,134.0
72,31.0,21.483870967741936,29.687113891094157,7.0,7.0,14.0,21.0,162.0
73,40.0,40.1,34.63790720272539,7.0,14.0,28.0,63.0,162.0
74,30.0,41.8,44.334465459574524,7.0,14.0,31.5,49.0,197.0
75,45.0,48.71111111111111,39.72154340028859,7.0,21.0,42.0,63.0,169.0
76,24.0,37.666666666666664,44.86856812733277,7.0,7.0,21.0,43.75,169.0
77,46.0,41.869565217391305,37.897879562876845,7.0,21.0,31.5,47.25,190.0
78,34.0,38.94117647058823,29.818583971897905,7.0,21.0,35.0,47.25,148.0
79,48.0,37.354166666666664,49.40130482527477,7.0,7.0,17.5,42.0,245.0
80,38.0,35.578947368421055,46.38652622344377,7.0,7.0,21.0,42.0,210.0
81,41.0,32.97560975609756,46.95396032544968,7.0,7.0,21.0,42.0,273.0
82,15.0,29.0,35.608987629529715,7.0,7.0,14.0,42.0,141.0
83,42.0,19.69047619047619,28.042205208193657,7.0,7.0,7.0,14.0,155.0
84,22.0,29.0,40.099875311526844,7.0,7.0,14.0,40.25,190.0
85,35.0,28.62857142857143,33.11129691197971,7.0,7.0,21.0,31.5,176.0
86,41.0,34.0,41.41738765301356,7.0,7.0,14.0,42.0,162.0
87,35.0,22.82857142857143,23.951526678942635,7.0,14.0,21.0,21.0,155.0
88,34.0,35.64705882352941,50.74826902731917,7.0,7.0,7.0,33.25,189.0
89,38.0,48.28947368421053,50.63377138946802,7.0,14.0,21.0,68.25,204.0
90,46.0,35.630434782608695,29.926843168449718,7.0,14.0,28.0,47.25,155.0
91,51.0,33.78431372549019,27.16344140604441,7.0,17.5,28.0,49.0,169.0
92,41.0,20.853658536585368,28.406478993012982,7.0,7.0,14.0,21.0,162.0
93,37.0,45.810810810810814,48.053117506589544,7.0,14.0,28.0,56.0,224.0
94,28.0,45.785714285714285,73.28905589708272,7.0,7.0,14.0,35.0,315.0
95,48.0,43.041666666666664,40.918163439856144,7.0,14.0,31.5,57.75,190.0
96,35.0,33.628571428571426,48.18596678451085,7.0,7.0,7.0,38.5,182.0
97,24.0,20.458333333333332,28.851914512116746,7.0,7.0,7.0,21.0,141.0
98,42.0,41.023809523809526,37.35817936705924,7.0,14.0,35.0,49.0,155.0
99,54.0,38.25925925925926,34.144634201056675,7.0,14.0,28.0,56.0,176.0
100,35.0,36.628571428571426,45.48049725159237,7.0,7.0,21.0,45.5,210.0
101,44.0,34.22727272727273,37.13135930115941,7.0,7.0,17.5,36.75,169.0
102,32.0,50.5625,60.59007557401225,7.0,7.0,28.0,59.5,238.0
103,29.0,45.172413793103445,57.72228398950892,7.0,7.0,14.0,56.0,224.0
104,37.0,32.75675675675676,43.75398737728268,7.0,7.0,21.0,35.0,190.0
105,15.0,22.466666666666665,35.37324789536107,7.0,7.0,14.0,21.0,148.0
106,40.0,34.5,36.566763667683325,7.0,14.0,21.0,42.0,169.0
107,27.0,23.62962962962963,33.728723376771626,7.0,7.0,14.0,21.0,155.0
108,25.0,25.52,33.981759813170356,7.0,7.0,14.0,35.0,169.0
109,40.0,40.975,41.82900937915009,7.0,12.25,28.0,57.75,182.0
110,40.0,58.125,81.10872332862847,7.0,12.25,28.0,57.75,378.0
111,47.0,50.06382978723404,43.1641982562034,7.0,21.0,35.0,59.5,176.0
112,27.0,57.333333333333336,96.83689697313011,7.0,10.5,28.0,52.5,491.0
113,46.0,41.869565217391305,40.730883011762394,7.0,15.75,28.0,49.0,204.0
114,34.0,38.3235294117647,36.05527792090437,7.0,14.0,28.0,49.0,162.0
115,46.0,46.28260869565217,70.33433270805888,7.0,7.0,14.0,40.25,301.0
116,35.0,38.22857142857143,49.05464283014684,7.0,7.0,21.0,52.5,211.0
117,36.0,42.416666666666664,49.04946482888473,7.0,14.0,21.0,50.75,204.0
118,16.0,38.5625,57.257277557820835,7.0,7.0,21.0,29.75,189.0
119,37.0,18.37837837837838,30.90428894304276,7.0,7.0,7.0,21.0,190.0
