id,count,mean,std,min,25%,50%,75%,max
0,19.0,91.52631578947368,94.66453543437399,7.0,21.0,56.0,148.5,350.0
1,34.0,73.79411764705883,88.87539094633861,7.0,14.0,49.0,89.25,385.0
2,32.0,68.78125,94.52418511989747,7.0,14.0,35.0,82.25,434.0
3,39.0,73.48717948717949,99.63720288993512,7.0,21.0,42.0,77.0,532.0
4,34.0,74.41176470588235,84.9064075274398,7.0,7.0,45.5,106.75,350.0
5,31.0,66.70967741935483,89.82360252123311,7.0,14.0,28.0,73.5,427.0
6,19.0,41.421052631578945,46.63488892982459,7.0,7.0,21.0,42.0,150.0
7,47.0,57.1063829787234,66.9442448227898,7.0,7.0,28.0,70.0,266.0
8,41.0,63.073170731707314,85.01805403674636,7.0,7.0,21.0,84.0,378.0
9,35.0,46.885714285714286,57.171450829202904,7.0,10.5,28.0,45.5,210.0
10,34.0,19.029411764705884,26.722462794909305,7.0,7.0,10.5,14.0,150.0
11,20.0,20.8,31.90050321332185,7.0,7.0,7.0,21.0,150.0
12,18.0,58.888888888888886,64.13945182994435,7.0,14.0,35.0,61.25,238.0
13,39.0,27.0,31.916008192557044,7.0,7.0,14.0,28.0,150.0
14,43.0,55.25581395348837,58.922100721956376,7.0,14.0,42.0,66.5,259.0
15,21.0,36.142857142857146,38.85908608586377,7.0,7.0,28.0,42.0,150.0
16,35.0,74.48571428571428,95.08336015387373,7.0,17.5,42.0,105.0,483.0
17,30.0,73.13333333333334,107.4621772542781,7.0,15.75,31.5,75.25,476.0
18,37.0,31.486486486486488,34.99176222232061,7.0,7.0,14.0,42.0,150.0
19,25.0,95.04,95.73116873133152,7.0,21.0,63.0,150.0,357.0
20,38.0,56.26315789473684,81.00039513101032,7.0,7.0,17.5,71.75,322.0
21,34.0,88.82352941176471,121.67604046618797,7.0,28.0,56.0,98.0,686.0
22,37.0,39.054054054054056,67.63133147437655,7.0,7.0,14.0,35.0,357.0
23,32.0,89.34375,114.3273763887525,7.0,21.0,45.5,94.5,532.0
24,32.0,74.46875,83.64710217104299,7.0,26.25,42.0,98.0,427.0
25,28.0,45.357142857142854,44.017012103246564,7.0,12.25,28.0,63.0,168.0
26,32.0,90.4375,130.13366267530597,7.0,14.0,56.0,99.75,700.0
27,34.0,73.17647058823529,81.48413885005763,7.0,7.0,49.0,96.25,364.0
28,34.0,79.55882352941177,87.88911442799734,7.0,14.0,49.0,82.25,329.0
29,51.0,43.705882352941174,35.69330139824393,7.0,21.0,35.0,56.0,150.0
30,28.0,69.10714285714286,88.28881028286665,7.0,14.0,38.5,63.0,329.0
31,27.0,45.74074074074074,80.83677409189485,7.0,7.0,7.0,49.0,392.0
32,25.0,74.88,102.20621311838141,7.0,7.0,35.0,133.0,469.0
33,20.0,42.15,59.46274817944956,7.0,7.0,21.0,31.5,231.0
34,34.0,71.11764705882354,94.18124522362005,7.0,21.0,38.5,63.0,413.0
35,26.0,34.03846153846154,33.465780456138496,7.0,14.0,21.0,40.25,150.0
36,25.0,77.68,104.4340780907586,7.0,7.0,28.0,91.0,357.0
37,32.0,83.65625,89.5438653992844,7.0,26.25,59.5,99.75,399.0
38,35.0,72.48571428571428,84.23788843946349,7.0,21.0,49.0,73.5,420.0
39,40.0,73.575,100.5619817798316,7.0,21.0,45.5,71.75,525.0
40,26.0,69.3076923076923,79.3063776657435,7.0,7.0,45.5,82.25,273.0
41,38.0,61.60526315789474,77.77706862554625,7.0,14.0,31.5,70.0,420.0
42,37.0,29.405405405405407,39.390819192251335,7.0,7.0,14.0,28.0,164.0
43,43.0,51.674418604651166,63.52866654407455,7.0,7.0,21.0,70.0,231.0
44,34.0,65.3529411764706,78.3441832664902,7.0,7.0,28.0,77.0,252.0
45,35.0,54.48571428571429,60.730054304259596,7.0,10.5,35.0,56.0,224.0
46,20.0,22.2,34.02414003708482,7.0,7.0,10.5,22.75,157.0
47,35.0,23.885714285714286,35.76127664895404,7.0,7.0,14.0,28.0,164.0
48,19.0,48.421052631578945,71.47440551186736,7.0,7.0,14.0,42.0,231.0
49,44.0,31.40909090909091,34.009792147924564,7.0,7.0,21.0,42.0,164.0
50,36.0,60.55555555555556,64.52217534391653,7.0,28.0,42.0,63.0,350.0
51,42.0,28.738095238095237,36.6839231908698,7.0,7.0,14.0,26.25,164.0
52,30.0,65.66666666666667,86.37421922730437,7.0,7.0,31.5,75.25,357.0
53,31.0,85.6774193548387,111.01633126009709,7.0,21.0,42.0,105.0,455.0
54,45.0,33.51111111111111,30.284726290073127,7.0,14.0,21.0,49.0,164.0
55,37.0,77.64864864864865,88.09912857943861,7.0,14.0,42.0,98.0,364.0
56,30.0,51.2,70.69233973035355,7.0,7.0,14.0,82.25,259.0
57,31.0,82.74193548387096,119.59876469315655,7.0,21.0,35.0,112.0,644.0
58,25.0,52.48,86.13270768606624,7.0,7.0,28.0,49.0,420.0
59,29.0,95.6896551724138,129.14640182153073,7.0,21.0,49.0,105.0,623.0
60,33.0,65.84848484848484,82.25270558320605,7.0,7.0,35.0,84.0,357.0
61,20.0,45.3,56.65138080725324,7.0,7.0,14.0,64.75,217.0
62,32.0,94.375,127.77797023516752,7.0,28.0,63.0,108.5,707.0
63,40.0,62.55,69.90908014828607,7.0,7.0,31.5,92.75,273.0
64,32.0,64.625,86.7170965767978,7.0,7.0,24.5,73.5,322.0
65,38.0,35.26315789473684,35.25021311840986,7.0,8.75,24.5,47.25,178.0
66,32.0,73.59375,75.12564073045428,7.0,19.25,52.5,87.5,280.0
67,28.0,48.107142857142854,80.55287625538811,7.0,7.0,14.0,56.0,399.0
68,28.0,71.10714285714286,94.78097140081725,7.0,12.25,31.5,105.0,448.0
69,14.0,48.214285714285715,59.992536165796444,7.0,14.0,21.0,43.75,182.0
70,32.0,79.5,92.07150096703421,7.0,21.0,45.5,91.0,434.0
71,26.0,27.846153846153847,33.55913265588645,7.0,7.0,14.0,28.0,157.0
72,25.0,75.44,100.25179965134458,7.0,14.0,35.0,84.0,399.0
73,34.0,79.3529411764706,88.37759292083759,7.0,21.0,45.5,103.25,392.0
74,27.0,72.44444444444444,85.3721866676159,7.0,14.0,49.0,105.0,329.0
75,37.0,69.89189189189189,93.99993610629737,7.0,14.0,42.0,77.0,504.0
76,29.0,56.58620689655172,83.75539097420165,7.0,7.0,28.0,56.0,315.0
77,38.0,68.60526315789474,82.26441859118128,7.0,21.0,42.0,75.25,455.0
78,32.0,39.90625,46.03039625108889,7.0,14.0,21.0,36.75,185.0
79,45.0,62.75555555555555,69.77110484080835,7.0,7.0,35.0,77.0,245.0
80,32.0,62.0,71.37000363846732,7.0,7.0,28.0,89.25,238.0
81,32.0,51.5,52.08429891578063,7.0,12.25,42.0,64.75,192.0
82,22.0,21.136363636363637,35.105684595362774,7.0,7.0,10.5,19.25,171.0
83,35.0,31.085714285714285,41.43412307050613,7.0,14.0,21.0,35.0,196.0
84,19.0,55.05263157894737,97.83289249429954,7.0,7.0,14.0,49.0,399.0
85,44.0,30.613636363636363,37.77240035170931,7.0,7.0,14.0,35.0,227.0
86,37.0,54.0,59.66340773222916,7.0,21.0,35.0,63.0,280.0
87,42.0,31.404761904761905,37.36573330675693,7.0,7.0,17.5,28.0,178.0
88,33.0,66.06060606060606,77.15201690248423,7.0,21.0,28.0,77.0,287.0
89,32.0,87.8125,118.45686229934698,7.0,19.25,49.0,106.75,504.0
90,44.0,47.47727272727273,48.09752139645066,7.0,19.25,35.0,64.75,238.0
91,37.0,65.54054054054055,82.46062851600911,7.0,14.0,28.0,70.0,364.0
92,32.0,46.6875,66.00168008614287,7.0,7.0,24.5,52.5,315.0
93,31.0,80.48387096774194,102.7271048191086,7.0,14.0,35.0,105.0,504.0
94,27.0,52.48148148148148,85.2116687433622,7.0,7.0,21.0,38.5,378.0
95,29.0,101.48275862068965,123.10466530838568,7.0,14.0,56.0,105.0,441.0
96,35.0,56.08571428571429,78.8249629870891,7.0,7.0,21.0,66.5,364.0
97,16.0,51.8125,71.6316678106362,7.0,7.0,17.5,50.75,217.0
98,33.0,87.27272727272727,117.96590416495161,7.0,21.0,63.0,91.0,651.0
99,36.0,81.75,67.31010325352354,7.0,33.25,63.0,127.75,252.0
100,34.0,64.94117647058823,70.63347183898382,7.0,7.0,35.0,84.0,224.0
101,38.0,40.421052631578945,49.01110275699389,7.0,8.75,28.0,42.0,224.0
102,32.0,67.90625,76.53266617553241,7.0,21.0,28.0,78.75,266.0
103,31.0,38.25806451612903,73.70254077119073,7.0,7.0,14.0,31.5,392.0
104,31.0,65.12903225806451,93.31442972927032,7.0,10.5,28.0,77.0,455.0
105,16.0,40.875,61.075772610749674,7.0,7.0,10.5,36.75,189.0
106,31.0,84.09677419354838,93.71245197898719,7.0,14.0,42.0,122.5,294.0
107,24.0,40.666666666666664,56.632811711223034,7.0,7.0,21.0,35.0,189.0
108,25.0,68.72,96.0041318555266,7.0,7.0,21.0,70.0,378.0
109,36.0,74.55555555555556,88.32842753672857,7.0,19.25,45.5,98.0,392.0
110,34.0,81.0,117.92164835820076,7.0,7.0,31.5,105.0,479.0
111,36.0,83.5,95.5290531723203,7.0,26.25,49.0,119.0,483.0
112,23.0,83.52173913043478,124.54275263218484,7.0,7.0,35.0,91.0,528.0
113,38.0,69.34210526315789,78.36376586697124,7.0,22.75,45.5,77.0,434.0
114,24.0,54.666666666666664,68.57725993148271,7.0,12.25,31.5,70.0,294.0
115,41.0,58.63414634146341,71.41279860695875,7.0,7.0,28.0,70.0,259.0
116,34.0,55.470588235294116,75.12302447122387,7.0,7.0,14.0,71.75,269.0
117,34.0,48.6764705882353,47.92274122543195,7.0,14.0,35.0,63.0,220.0
118,18.0,23.88888888888889,46.07141373344965,7.0,7.0,10.5,21.0,206.0
119,34.0,29.735294117647058,40.15825423551436,7.0,7.0,21.0,35.0,227.0
120,25.0,55.28,98.08096995170199,7.0,7.0,14.0,42.0,378.0
121,46.0,34.91304347826087,46.9826568885709,7.0,7.0,17.5,47.25,283.0
122,37.0,68.37837837837837,67.50899172676158,7.0,21.0,42.0,84.0,217.0
123,41.0,38.48780487804878,63.70444331097302,7.0,7.0,21.0,35.0,339.0
124,31.0,69.19354838709677,99.2096834503698,7.0,14.0,21.0,91.0,448.0
125,28.0,100.85714285714286,136.23610069388778,7.0,26.25,45.5,122.5,560.0
126,41.0,50.609756097560975,47.936874141301956,7.0,14.0,35.0,70.0,206.0
127,37.0,75.75675675675676,99.39690510647071,7.0,14.0,35.0,112.0,420.0
128,30.0,56.333333333333336,74.91021445627464,7.0,14.0,35.0,56.0,353.0
129,30.0,87.6,116.82365136067858,7.0,21.0,35.0,117.25,511.0
130,19.0,63.526315789473685,98.71866221239958,7.0,7.0,21.0,49.0,357.0
131,29.0,84.10344827586206,84.71605718414654,7.0,21.0,42.0,105.0,301.0
132,31.0,86.35483870967742,86.5673334798205,7.0,21.0,49.0,150.5,287.0
133,19.0,71.63157894736842,98.04376036938005,7.0,14.0,21.0,77.0,367.0
134,33.0,95.12121212121212,127.68510033862546,7.0,21.0,56.0,126.0,679.0
135,36.0,70.08333333333333,79.11162999205617,7.0,14.0,45.5,73.5,329.0
136,32.0,66.15625,79.56823380373075,7.0,7.0,31.5,77.0,287.0
137,40.0,37.175,46.72609082838584,7.0,7.0,21.0,49.0,262.0
138,29.0,77.10344827586206,91.86027620700683,7.0,14.0,35.0,105.0,294.0
139,25.0,51.36,86.9539533316341,7.0,7.0,14.0,49.0,378.0
140,31.0,65.12903225806451,99.54521315646268,7.0,7.0,21.0,73.5,455.0
141,15.0,43.6,68.55946324177283,7.0,7.0,14.0,35.0,213.0
142,32.0,90.65625,106.71898865863835,7.0,17.5,42.0,143.5,413.0
143,26.0,41.57692307692308,57.80254186585436,7.0,7.0,14.0,54.25,262.0
144,28.0,82.60714285714286,123.78875054666624,7.0,7.0,24.5,80.5,420.0
145,36.0,78.25,98.57104037190639,7.0,19.25,49.0,80.5,469.0
146,34.0,80.17647058823529,119.85811576375836,7.0,14.0,38.5,94.5,577.0
147,36.0,79.02777777777777,95.73310700994604,7.0,19.25,42.0,98.0,483.0
148,27.0,84.11111111111111,141.13123552575325,7.0,7.0,14.0,98.0,647.0
149,33.0,70.3030303030303,80.29846077622099,7.0,14.0,49.0,84.0,364.0
