id,count,mean,std,min,25%,50%,75%,max
0,24.0,41.0,45.63560776030241,7.0,7.0,17.5,64.75,140.0
1,45.0,42.24444444444445,30.566734410552478,7.0,14.0,42.0,63.0,130.0
2,46.0,43.45652173913044,38.91912213337873,7.0,14.0,28.0,63.0,168.0
3,48.0,48.0625,39.188256083852686,7.0,14.0,42.0,63.0,210.0
4,29.0,43.58620689655172,37.52286659147165,7.0,14.0,35.0,70.0,130.0
5,45.0,25.91111111111111,24.16404374480832,7.0,7.0,14.0,35.0,130.0
6,17.0,25.352941176470587,39.24433267439802,7.0,7.0,7.0,21.0,130.0
7,43.0,26.627906976744185,38.12199918295768,7.0,7.0,14.0,35.0,224.0
8,35.0,51.91428571428571,41.49654232836856,7.0,14.0,42.0,73.5,140.0
9,31.0,26.322580645161292,29.43737657782952,7.0,7.0,14.0,35.0,130.0
10,24.0,26.125,34.218368446354,7.0,7.0,10.5,35.0,130.0
11,25.0,19.48,26.7427871895707,7.0,7.0,14.0,14.0,130.0
12,36.0,40.75,54.0652383699545,7.0,7.0,14.0,49.0,217.0
13,60.0,28.066666666666666,28.299767422333918,7.0,7.0,21.0,35.0,140.0
14,40.0,31.6,42.88434057633004,7.0,7.0,17.5,28.0,210.0
15,27.0,33.333333333333336,27.064026649069397,7.0,14.0,28.0,42.0,130.0
16,35.0,42.31428571428572,44.93378882479487,7.0,7.0,28.0,66.5,161.0
17,37.0,42.86486486486486,70.67223333505575,7.0,7.0,21.0,63.0,413.0
18,29.0,34.89655172413793,32.73087754441647,7.0,14.0,21.0,49.0,130.0
19,35.0,41.51428571428571,39.83153600483167,7.0,14.0,21.0,59.5,140.0
20,34.0,36.35294117647059,42.1396540758559,7.0,7.0,21.0,56.0,182.0
21,48.0,52.583333333333336,52.8815751742306,7.0,14.0,38.5,70.0,245.0
22,19.0,35.578947368421055,73.15760444218563,7.0,7.0,14.0,21.0,315.0
23,36.0,40.94444444444444,49.655927250541914,7.0,14.0,28.0,43.75,252.0
24,38.0,53.3421052631579,59.58925910643197,7.0,14.0,35.0,61.25,259.0
25,43.0,20.27906976744186,23.11598661552871,7.0,7.0,14.0,21.0,130.0
26,43.0,45.674418604651166,47.576865591744095,7.0,17.5,35.0,49.0,224.0
27,49.0,42.224489795918366,52.06056781373437,7.0,14.0,21.0,49.0,266.0
28,34.0,45.411764705882355,72.00720403650651,7.0,7.0,14.0,45.5,315.0
29,36.0,27.916666666666668,26.333438818354125,7.0,7.0,21.0,35.0,130.0
30,37.0,36.24324324324324,43.71524359445481,7.0,14.0,21.0,42.0,196.0
31,27.0,31.77777777777778,44.873611684831275,7.0,7.0,14.0,35.0,210.0
32,34.0,32.23529411764706,31.302104512006384,7.0,7.0,21.0,47.25,130.0
33,13.0,21.846153846153847,33.58781067055467,7.0,7.0,7.0,21.0,130.0
34,45.0,42.71111111111111,49.31237269702302,7.0,14.0,28.0,49.0,273.0
35,26.0,26.26923076923077,26.256515674868503,7.0,8.75,21.0,28.0,130.0
36,22.0,47.59090909090909,72.61093915415557,7.0,7.0,21.0,49.0,329.0
37,44.0,40.18181818181818,31.38676415400601,7.0,14.0,35.0,49.0,151.0
38,43.0,45.02325581395349,44.369921371134076,7.0,14.0,35.0,63.0,189.0
39,48.0,45.145833333333336,40.22013340611482,7.0,14.0,28.0,63.0,182.0
40,27.0,33.592592592592595,36.33102007848142,7.0,7.0,14.0,45.5,144.0
41,47.0,33.59574468085106,26.512228166794614,7.0,14.0,28.0,49.0,158.0
42,34.0,21.735294117647058,27.97976414171544,7.0,7.0,14.0,21.0,137.0
43,54.0,33.648148148148145,54.60912820489256,7.0,7.0,14.0,28.0,280.0
44,31.0,53.645161290322584,61.18635380926958,7.0,7.0,28.0,70.0,189.0
45,49.0,34.36734693877551,39.020130423043085,7.0,7.0,21.0,42.0,203.0
46,20.0,48.15,58.22937854997071,7.0,7.0,35.0,52.5,231.0
47,43.0,20.27906976744186,22.81846117823539,7.0,7.0,14.0,21.0,144.0
48,23.0,43.391304347826086,56.54261396217802,7.0,7.0,14.0,45.5,196.0
49,43.0,22.558139534883722,24.55053323597153,7.0,7.0,14.0,28.0,144.0
50,45.0,38.2,42.855783528226176,7.0,14.0,21.0,42.0,217.0
51,37.0,40.5945945945946,39.69568928419996,7.0,14.0,28.0,49.0,189.0
52,31.0,35.12903225806452,39.3088132064417,7.0,7.0,21.0,56.0,172.0
53,36.0,51.44444444444444,74.29610427950522,7.0,14.0,31.5,63.0,441.0
54,46.0,30.97826086956522,28.732087467525673,7.0,7.0,17.5,49.0,137.0
55,46.0,44.21739130434783,45.46105197173522,7.0,14.0,28.0,54.25,189.0
56,32.0,31.84375,45.31474827570294,7.0,7.0,10.5,36.75,196.0
57,39.0,46.94871794871795,39.042452412961374,7.0,21.0,35.0,66.5,158.0
58,30.0,33.733333333333334,56.7565480550609,7.0,8.75,21.0,33.25,301.0
59,44.0,47.02272727272727,48.59920979181664,7.0,14.0,31.5,57.75,280.0
60,34.0,44.1764705882353,59.098515895961114,7.0,7.0,17.5,52.5,280.0
61,17.0,25.352941176470587,36.121221560999615,7.0,7.0,7.0,21.0,137.0
62,44.0,48.45454545454545,47.42556201403124,7.0,14.0,35.0,64.75,231.0
63,48.0,42.229166666666664,50.14160356232556,7.0,14.0,28.0,49.0,273.0
64,36.0,35.69444444444444,47.169493437084014,7.0,7.0,14.0,35.0,168.0
65,41.0,34.24390243902439,32.795411636237226,7.0,7.0,28.0,42.0,144.0
66,37.0,44.945945945945944,48.488226489614036,7.0,14.0,28.0,42.0,203.0
67,27.0,32.55555555555556,38.464102478638175,7.0,7.0,14.0,42.0,147.0
68,36.0,35.30555555555556,33.77219434847418,7.0,14.0,28.0,43.75,158.0
69,15.0,19.4,34.8482424233992,7.0,7.0,7.0,14.0,144.0
70,40.0,49.8,61.43589529557807,7.0,14.0,28.0,70.0,329.0
71,28.0,23.642857142857142,26.00457835147679,7.0,7.0,14.0,28.0,137.0
72,26.0,41.88461538461539,51.71949491097292,7.0,14.0,21.0,42.0,189.0
73,43.0,40.30232558139535,38.862109642831705,7.0,14.0,28.0,52.5,179.0
74,35.0,37.91428571428571,37.44908027502649,7.0,10.5,28.0,52.5,179.0
75,47.0,41.638297872340424,39.94312561625967,7.0,7.0,28.0,56.0,172.0
76,21.0,66.52380952380952,82.33141505380497,7.0,7.0,35.0,77.0,259.0
77,45.0,43.022222222222226,34.642649022745516,7.0,14.0,35.0,63.0,207.0
78,35.0,31.314285714285713,29.06561686999974,14.0,14.0,21.0,35.0,165.0
79,51.0,44.0,55.70062836270341,7.0,7.0,21.0,49.0,252.0
80,36.0,46.583333333333336,65.38692529856408,7.0,7.0,17.5,52.5,308.0
81,38.0,36.76315789473684,43.817455617427235,7.0,14.0,21.0,40.25,196.0
82,19.0,48.473684210526315,75.23619727310093,7.0,10.5,21.0,35.0,308.0
83,40.0,19.35,23.2616664967308,7.0,7.0,14.0,21.0,151.0
84,28.0,32.142857142857146,41.986518370397484,7.0,12.25,21.0,35.0,175.0
85,45.0,22.8,33.171455417956174,7.0,7.0,14.0,21.0,207.0
86,35.0,45.91428571428571,60.58556002904994,7.0,14.0,21.0,45.5,280.0
87,35.0,41.91428571428571,47.16577237821525,7.0,14.0,28.0,52.5,238.0
88,40.0,31.425,34.03082124885902,7.0,14.0,17.5,35.0,179.0
89,35.0,53.114285714285714,44.470592681516834,7.0,21.0,49.0,70.0,200.0
90,46.0,44.52173913043478,48.41796688119208,7.0,14.0,31.5,49.0,238.0
91,47.0,43.723404255319146,49.42262381420933,7.0,7.0,28.0,49.0,217.0
92,42.0,28.928571428571427,39.93738566204808,7.0,7.0,14.0,33.25,179.0
93,38.0,58.86842105263158,82.11237226216659,7.0,15.75,28.0,63.0,448.0
94,25.0,34.88,42.246617221579605,7.0,7.0,21.0,42.0,179.0
95,43.0,52.51162790697674,54.81717322719364,7.0,21.0,35.0,59.5,273.0
96,34.0,46.85294117647059,59.32352609768827,7.0,7.0,28.0,54.25,259.0
97,22.0,20.227272727272727,34.15361909036431,7.0,7.0,10.5,14.0,165.0
98,40.0,50.325,59.35654436516971,7.0,14.0,28.0,64.75,308.0
99,46.0,57.15217391304348,52.48490466211503,7.0,14.0,31.5,89.25,193.0
100,38.0,40.63157894736842,48.09417622362123,7.0,7.0,14.0,54.25,179.0
101,41.0,34.24390243902439,35.49632409687296,7.0,7.0,21.0,35.0,172.0
102,34.0,49.94117647058823,50.04721478429029,7.0,14.0,31.5,68.25,207.0
103,27.0,34.111111111111114,52.67340106246396,7.0,7.0,14.0,31.5,252.0
104,37.0,37.0,41.872823326512545,7.0,14.0,21.0,35.0,179.0
105,13.0,40.69230769230769,69.89204129153359,7.0,7.0,7.0,28.0,224.0
106,38.0,48.0,64.21332689832659,7.0,14.0,28.0,42.0,336.0
107,23.0,40.34782608695652,50.507073038114875,7.0,7.0,14.0,38.5,158.0
108,24.0,43.916666666666664,59.370550939338436,7.0,7.0,21.0,45.5,231.0
109,40.0,44.025,51.10998071027936,7.0,14.0,28.0,49.0,249.0
110,43.0,47.627906976744185,48.79159922608358,7.0,14.0,28.0,70.0,242.0
111,44.0,51.47727272727273,41.39233084587195,7.0,19.25,45.5,64.75,186.0
112,28.0,60.142857142857146,108.54107066527408,7.0,7.0,14.0,64.75,508.0
113,43.0,41.76744186046512,36.528421556308025,7.0,21.0,35.0,59.5,214.0
114,33.0,35.54545454545455,28.857506507288214,7.0,21.0,28.0,42.0,172.0
115,49.0,47.93877551020408,66.87438727546883,7.0,14.0,28.0,49.0,364.0
116,36.0,43.666666666666664,55.136195008360886,7.0,7.0,17.5,57.75,249.0
117,40.0,38.425,55.144512942742615,7.0,7.0,21.0,36.75,245.0
118,18.0,48.05555555555556,79.75290680464789,7.0,7.0,7.0,35.0,294.0
119,39.0,24.871794871794872,43.59634188370654,7.0,7.0,14.0,21.0,210.0
120,26.0,26.0,36.00333317902663,7.0,7.0,14.0,26.25,186.0
121,42.0,33.42857142857143,43.93406526366908,7.0,8.75,24.5,35.0,277.0
122,35.0,55.51428571428571,62.191058288892606,7.0,14.0,35.0,66.5,294.0
123,34.0,55.088235294117645,91.200534171435,7.0,15.75,35.0,49.0,494.0
124,43.0,26.627906976744185,31.968007263076206,7.0,7.0,14.0,28.0,193.0
125,39.0,51.07692307692308,55.36690281319252,7.0,21.0,28.0,63.0,270.0
126,41.0,51.146341463414636,60.34010315520258,7.0,14.0,35.0,70.0,294.0
127,45.0,49.24444444444445,62.52205267509274,7.0,7.0,28.0,49.0,315.0
128,34.0,30.58823529411765,42.75023845197281,7.0,8.75,14.0,40.25,235.0
129,34.0,55.705882352941174,79.35365008952768,7.0,21.0,28.0,56.0,434.0
