id,count,mean,std,min,25%,50%,75%,max
0,21.0,24.238095238095237,25.727232190627817,7.0,7.0,14.0,28.0,110.0
1,33.0,22.0,23.70522094391866,7.0,7.0,14.0,35.0,110.0
2,53.0,24.39622641509434,24.828132014558925,7.0,14.0,14.0,28.0,140.0
3,33.0,22.424242424242426,22.420735802809727,7.0,7.0,14.0,28.0,110.0
4,42.0,23.285714285714285,23.246595044966668,7.0,7.0,14.0,33.25,110.0
5,55.0,27.836363636363636,25.061970331607146,7.0,14.0,21.0,35.0,133.0
6,8.0,23.375,35.56859569901516,7.0,7.0,7.0,21.0,110.0
7,68.0,20.455882352941178,19.8955735146914,7.0,7.0,14.0,28.0,110.0
8,40.0,19.9,23.716055364484244,7.0,7.0,10.5,15.75,110.0
9,43.0,26.813953488372093,20.408046748599517,7.0,14.0,21.0,35.0,110.0
10,29.0,17.310344827586206,26.707547686904462,7.0,7.0,7.0,7.0,110.0
11,20.0,16.0,25.4144592081379,7.0,7.0,7.0,8.75,110.0
12,42.0,30.61904761904762,42.863909647748656,7.0,7.0,14.0,28.0,224.0
13,22.0,19.636363636363637,24.143510326982092,7.0,7.0,7.0,24.5,110.0
14,50.0,27.26,19.587386611942755,7.0,14.0,21.0,35.0,110.0
15,40.0,27.075,17.347707304365866,7.0,21.0,21.0,28.0,110.0
16,34.0,21.147058823529413,23.86722407459104,7.0,7.0,14.0,21.0,110.0
17,46.0,26.434782608695652,24.933379834103736,7.0,7.0,17.5,40.25,110.0
18,33.0,20.939393939393938,23.10565325025917,7.0,7.0,14.0,28.0,110.0
19,39.0,16.28205128205128,18.48320534680167,7.0,7.0,7.0,21.0,110.0
20,41.0,28.121951219512194,34.8282895947757,7.0,7.0,14.0,28.0,175.0
21,41.0,31.024390243902438,22.344448756769598,7.0,14.0,28.0,42.0,110.0
22,26.0,22.53846153846154,26.83465038971929,7.0,7.0,14.0,21.0,110.0
23,48.0,27.666666666666668,25.650957705428343,7.0,7.0,14.0,42.0,110.0
24,42.0,28.61904761904762,24.31997310347556,7.0,8.75,21.0,42.0,110.0
25,21.0,15.904761904761905,24.476324809711045,7.0,7.0,7.0,7.0,110.0
26,37.0,20.945945945945947,20.229167536486006,7.0,7.0,14.0,28.0,110.0
27,44.0,25.727272727272727,25.588300048376617,7.0,7.0,14.0,35.0,110.0
28,38.0,30.710526315789473,31.568807641906925,7.0,7.0,21.0,35.0,133.0
29,54.0,28.22222222222222,29.685563905752502,7.0,7.0,21.0,35.0,147.0
30,38.0,24.07894736842105,24.689839883170862,7.0,7.0,14.0,28.0,110.0
31,13.0,18.692307692307693,28.235275263945436,7.0,7.0,7.0,14.0,110.0
32,39.0,23.102564102564102,24.17240147880143,7.0,7.0,14.0,35.0,110.0
33,10.0,25.0,33.9247533357118,7.0,7.0,7.0,33.25,110.0
34,47.0,27.06382978723404,22.000399458151293,7.0,7.0,21.0,42.0,110.0
35,25.0,29.32,38.00188591811378,7.0,7.0,14.0,28.0,168.0
36,25.0,18.4,26.23293095837113,7.0,7.0,7.0,14.0,124.0
37,52.0,25.134615384615383,23.090638835033445,7.0,7.0,17.5,35.0,117.0
38,51.0,29.19607843137255,24.78872292623655,7.0,14.0,21.0,38.5,131.0
39,54.0,24.462962962962962,21.668787188604202,7.0,7.0,14.0,35.0,117.0
40,22.0,23.454545454545453,27.842631362931936,7.0,7.0,14.0,28.0,131.0
41,44.0,28.59090909090909,29.1294769445198,7.0,7.0,21.0,35.0,138.0
42,38.0,16.342105263157894,19.333874929056616,7.0,7.0,7.0,14.0,117.0
43,65.0,15.584615384615384,17.90241979776434,7.0,7.0,7.0,14.0,124.0
44,40.0,21.475,27.31955953768899,7.0,7.0,7.0,22.75,152.0
45,33.0,26.454545454545453,25.966433752407777,7.0,14.0,14.0,42.0,138.0
46,13.0,31.076923076923077,50.46031698021318,7.0,7.0,7.0,21.0,161.0
47,39.0,14.666666666666666,20.521276934380666,7.0,7.0,7.0,14.0,124.0
48,24.0,21.791666666666668,32.429159136783674,7.0,7.0,7.0,10.5,131.0
49,50.0,18.44,20.93445553558603,7.0,7.0,7.0,21.0,131.0
50,40.0,29.525,27.89172058018431,7.0,14.0,17.5,36.75,124.0
51,40.0,30.575,19.227234290493744,7.0,14.0,28.0,36.75,117.0
52,38.0,18.736842105263158,22.83748011200639,7.0,7.0,14.0,19.25,145.0
53,43.0,24.697674418604652,24.29534041522104,7.0,7.0,14.0,28.0,131.0
54,50.0,26.84,25.715365056712688,7.0,8.75,17.5,28.0,117.0
55,54.0,27.055555555555557,23.827538108815272,7.0,14.0,21.0,35.0,124.0
56,35.0,18.142857142857142,24.559822351751244,7.0,7.0,7.0,21.0,138.0
57,47.0,29.29787234042553,27.53489082538657,7.0,7.0,21.0,38.5,145.0
58,27.0,23.0,28.708079806107655,7.0,7.0,14.0,24.5,124.0
59,52.0,34.55769230769231,56.91666197394582,7.0,12.25,21.0,35.0,399.0
60,39.0,23.82051282051282,27.33502841918155,7.0,7.0,14.0,24.5,145.0
61,23.0,26.08695652173913,24.83566541649009,7.0,14.0,14.0,31.5,117.0
62,55.0,22.745454545454546,22.399750479610738,7.0,7.0,14.0,28.0,138.0
63,57.0,23.29824561403509,26.717413337346045,7.0,7.0,14.0,21.0,131.0
64,41.0,20.4390243902439,24.218844708705454,7.0,7.0,7.0,21.0,117.0
65,35.0,25.142857142857142,23.897012928204152,7.0,7.0,14.0,35.0,124.0
66,44.0,30.022727272727273,27.81290367785531,7.0,14.0,21.0,35.0,131.0
67,32.0,16.125,21.18695581659134,7.0,7.0,14.0,14.0,124.0
68,30.0,23.966666666666665,27.230159918652742,7.0,7.0,17.5,28.0,152.0
69,6.0,32.333333333333336,44.75116385823576,7.0,7.0,7.0,38.5,117.0
70,46.0,27.347826086956523,32.22988081565466,7.0,7.0,17.5,35.0,161.0
71,27.0,28.185185185185187,26.728027693555397,7.0,14.0,21.0,31.5,124.0
72,27.0,19.62962962962963,32.834255269281186,7.0,7.0,7.0,17.5,166.0
73,41.0,28.804878048780488,26.290891495150106,7.0,14.0,21.0,35.0,152.0
74,32.0,24.4375,37.24282784384735,7.0,7.0,10.5,21.0,201.0
75,51.0,27.274509803921568,27.136011815572715,7.0,7.0,14.0,35.0,138.0
76,25.0,23.16,32.08670545049252,7.0,7.0,7.0,28.0,159.0
77,45.0,32.46666666666667,32.89418296184407,7.0,7.0,21.0,42.0,187.0
78,38.0,25.92105263157895,23.696711573603633,7.0,14.0,14.0,28.0,145.0
79,64.0,24.46875,46.094784592908844,7.0,7.0,10.5,22.75,329.0
80,46.0,20.195652173913043,27.566984734333843,7.0,7.0,7.0,21.0,173.0
81,42.0,25.952380952380953,28.655185016662173,7.0,7.0,14.0,33.25,166.0
82,13.0,28.384615384615383,38.36564970026022,7.0,7.0,14.0,28.0,131.0
83,37.0,24.35135135135135,30.560701177434666,7.0,7.0,14.0,28.0,159.0
84,30.0,16.033333333333335,25.3954697743017,7.0,7.0,7.0,14.0,145.0
85,38.0,26.289473684210527,34.648745458929206,7.0,7.0,14.0,28.0,201.0
86,39.0,37.46153846153846,53.42572126146443,7.0,7.0,14.0,42.0,287.0
87,37.0,30.972972972972972,29.368810446237468,7.0,7.0,28.0,42.0,145.0
88,40.0,27.075,36.34760070380268,7.0,7.0,14.0,29.75,159.0
89,48.0,28.541666666666668,32.345185003456095,7.0,7.0,21.0,42.0,201.0
90,44.0,37.18181818181818,35.87657960368012,7.0,14.0,28.0,42.0,159.0
91,52.0,28.76923076923077,27.985721418577914,7.0,12.25,21.0,35.0,152.0
92,42.0,16.785714285714285,23.076263503484046,7.0,7.0,7.0,14.0,145.0
93,43.0,29.74418604651163,29.706575369016182,7.0,14.0,21.0,35.0,173.0
94,22.0,19.0,26.94438717061496,7.0,7.0,10.5,19.25,131.0
95,48.0,37.875,65.67477089350898,7.0,7.0,17.5,36.75,378.0
96,37.0,24.16216216216216,31.696050852427017,7.0,7.0,7.0,28.0,159.0
97,19.0,34.1578947368421,39.943380981215476,7.0,7.0,7.0,45.5,152.0
98,50.0,29.5,25.200623575051246,7.0,14.0,21.0,42.0,145.0
99,51.0,32.21568627450981,38.02910134383415,7.0,7.0,21.0,42.0,203.0
100,41.0,25.902439024390244,31.541088185134626,7.0,7.0,7.0,35.0,152.0
101,36.0,32.416666666666664,35.39279587712731,7.0,7.0,21.0,42.0,173.0
102,37.0,36.83783783783784,36.283998243420314,7.0,14.0,28.0,49.0,159.0
103,31.0,20.93548387096774,23.08814339853679,7.0,14.0,14.0,21.0,138.0
104,40.0,19.375,26.45236405508143,7.0,7.0,14.0,21.0,166.0
105,20.0,20.9,30.79798352934302,7.0,7.0,7.0,28.0,145.0
106,48.0,25.041666666666668,27.777197393463958,7.0,7.0,14.0,35.0,166.0
107,27.0,34.666666666666664,37.124530559062556,7.0,14.0,21.0,42.0,154.0
108,33.0,19.87878787878788,30.40328680397645,7.0,7.0,14.0,14.0,173.0
109,40.0,29.0,33.29125549311249,7.0,7.0,17.5,42.0,187.0
