id,count,mean,std,min,25%,50%,75%,max
0,45.0,8.911111111111111,20.714314574294473,0.0,0.0,0.0,7.0,114.0
1,60.0,5.983333333333333,13.994540904983023,0.0,0.0,7.0,7.0,107.0
2,59.0,11.542372881355933,19.332233252995305,0.0,0.0,7.0,14.0,121.0
3,59.0,11.542372881355933,20.401421547747773,0.0,0.0,7.0,14.0,100.0
4,50.0,10.96,19.058406469137367,0.0,0.0,7.0,14.0,121.0
5,60.0,4.466666666666667,15.270961328187747,0.0,0.0,0.0,7.0,114.0
6,38.0,2.8157894736842106,16.231193297055295,0.0,0.0,0.0,0.0,100.0
7,65.0,9.830769230769231,16.07362866503822,0.0,0.0,7.0,14.0,107.0
8,61.0,8.98360655737705,18.429588350691837,0.0,0.0,7.0,7.0,128.0
9,64.0,4.515625,15.927406934798478,0.0,0.0,0.0,0.0,121.0
10,26.0,3.8461538461538463,19.611613513818398,0.0,0.0,0.0,0.0,100.0
11,51.0,10.882352941176471,20.054572604594227,0.0,0.0,0.0,14.0,107.0
12,49.0,17.612244897959183,27.35249556448995,0.0,0.0,7.0,21.0,126.0
13,71.0,10.183098591549296,18.126783545078833,0.0,0.0,7.0,14.0,107.0
14,58.0,10.655172413793103,16.71069803799711,0.0,0.0,7.0,14.0,114.0
15,40.0,12.65,18.603211743661017,0.0,0.0,7.0,14.0,100.0
16,57.0,8.631578947368421,19.11771016898371,0.0,0.0,0.0,14.0,128.0
17,63.0,8.587301587301587,15.973400188089835,0.0,0.0,0.0,10.5,107.0
18,61.0,14.60655737704918,22.81686414951639,0.0,0.0,7.0,14.0,105.0
19,60.0,13.45,17.701311834945063,0.0,7.0,7.0,15.75,121.0
20,57.0,9.982456140350877,18.76213057889879,0.0,0.0,0.0,14.0,114.0
21,63.0,10.920634920634921,18.65761246291122,0.0,0.0,7.0,14.0,121.0
22,49.0,7.612244897959184,16.59294067584492,0.0,0.0,0.0,7.0,107.0
23,63.0,11.031746031746032,17.15392201365591,0.0,0.0,7.0,14.0,121.0
24,55.0,10.727272727272727,19.708481484483844,0.0,0.0,7.0,10.5,114.0
25,46.0,7.195652173913044,16.046625903863738,0.0,0.0,0.0,7.0,100.0
26,66.0,11.378787878787879,26.516041676699526,0.0,0.0,7.0,7.0,168.0
27,65.0,16.184615384615384,19.414791644913027,0.0,7.0,14.0,21.0,121.0
28,60.0,8.783333333333333,16.07618690208392,0.0,0.0,7.0,14.0,107.0
29,63.0,12.476190476190476,19.780943210214073,0.0,0.0,7.0,14.0,114.0
30,47.0,13.893617021276595,19.408911044597406,0.0,7.0,7.0,21.0,121.0
31,36.0,12.11111111111111,21.763373921440685,0.0,0.0,0.0,14.0,100.0
32,58.0,7.275862068965517,15.695337449855984,0.0,0.0,7.0,7.0,114.0
33,30.0,8.933333333333334,23.31779449754811,0.0,0.0,0.0,5.25,107.0
34,62.0,11.548387096774194,20.587022348051576,0.0,0.0,7.0,14.0,128.0
35,30.0,10.333333333333334,22.562301993909394,0.0,0.0,0.0,7.0,107.0
36,42.0,14.047619047619047,25.304923246954584,0.0,0.0,7.0,14.0,135.0
37,60.0,10.65,23.707843942602196,0.0,0.0,7.0,7.0,156.0
38,58.0,13.913793103448276,20.85478991869575,0.0,7.0,7.0,19.25,149.0
39,59.0,13.440677966101696,21.094427427592205,0.0,0.0,7.0,21.0,114.0
40,47.0,14.787234042553191,26.357851870489025,0.0,0.0,7.0,14.0,135.0
41,60.0,7.5,24.28398370133656,0.0,0.0,0.0,7.0,184.0
42,38.0,5.7631578947368425,21.08212283598814,0.0,0.0,0.0,0.0,128.0
43,65.0,16.50769230769231,26.089463316707878,0.0,0.0,7.0,21.0,142.0
44,59.0,10.23728813559322,23.92613560382846,0.0,0.0,0.0,7.0,170.0
45,64.0,8.234375,19.332300618969853,0.0,0.0,7.0,14.0,149.0
46,26.0,6.269230769230769,22.284627333312425,0.0,0.0,0.0,5.25,114.0
47,51.0,14.588235294117647,29.79743376238177,0.0,0.0,0.0,14.0,142.0
48,43.0,10.30232558139535,21.983256489689442,0.0,0.0,7.0,7.0,128.0
49,69.0,8.347826086956522,22.03728530772371,0.0,0.0,0.0,7.0,149.0
50,58.0,12.344827586206897,20.325035745108238,0.0,0.0,7.0,14.0,135.0
51,40.0,17.9,28.050138260091632,0.0,0.0,7.0,15.75,121.0
52,56.0,9.535714285714286,25.17860873166621,0.0,0.0,0.0,7.0,142.0
53,63.0,10.80952380952381,20.559792536025846,0.0,0.0,7.0,14.0,149.0
54,59.0,16.88135593220339,29.158357615260222,0.0,0.0,7.0,21.0,142.0
55,59.0,10.35593220338983,18.479963718303324,0.0,0.0,7.0,14.0,128.0
56,56.0,7.535714285714286,19.01957296692425,0.0,0.0,0.0,7.0,135.0
57,63.0,9.142857142857142,20.516600000390827,0.0,0.0,0.0,10.5,149.0
58,46.0,11.0,21.75826790491886,0.0,0.0,0.0,14.0,128.0
59,63.0,12.80952380952381,21.840224167921658,0.0,0.0,7.0,14.0,142.0
60,55.0,9.963636363636363,22.219413963972062,0.0,0.0,7.0,7.0,142.0
61,44.0,11.818181818181818,22.430536419336846,0.0,0.0,7.0,14.0,135.0
62,66.0,13.181818181818182,22.97685061829981,0.0,0.0,7.0,14.0,128.0
63,64.0,15.234375,21.033414223299292,0.0,0.0,7.0,21.0,135.0
64,55.0,12.636363636363637,26.60156193991431,0.0,0.0,7.0,14.0,149.0
65,62.0,13.016129032258064,29.119027600119484,0.0,0.0,7.0,14.0,184.0
66,47.0,13.893617021276595,27.62657356726545,0.0,0.0,7.0,14.0,156.0
67,36.0,9.583333333333334,22.817756243767704,0.0,0.0,3.5,7.0,128.0
68,58.0,5.586206896551724,20.252818285805223,0.0,0.0,0.0,7.0,149.0
69,28.0,11.821428571428571,27.41323493744307,0.0,0.0,0.0,8.75,135.0
70,61.0,15.295081967213115,23.258936821714414,0.0,0.0,7.0,21.0,156.0
71,30.0,12.433333333333334,26.168793383082008,0.0,0.0,7.0,12.25,135.0
72,42.0,14.214285714285714,45.74240478832323,0.0,0.0,0.0,7.0,282.0
73,59.0,13.322033898305085,33.301362029702545,0.0,0.0,7.0,7.0,226.0
74,53.0,14.169811320754716,31.36799927967784,0.0,0.0,0.0,14.0,177.0
75,57.0,19.19298245614035,36.72019617346214,0.0,7.0,7.0,14.0,217.0
76,46.0,16.934782608695652,53.76797980372624,0.0,0.0,0.0,14.0,359.0
77,59.0,7.983050847457627,27.03158530913339,0.0,0.0,0.0,7.0,205.0
78,38.0,6.131578947368421,24.19199225635286,0.0,0.0,0.0,7.0,149.0
79,64.0,15.78125,27.943519423611942,0.0,0.0,7.0,21.0,163.0
80,58.0,11.741379310344827,26.82010266266808,0.0,0.0,7.0,14.0,184.0
81,61.0,15.754098360655737,31.68419992030987,0.0,0.0,7.0,14.0,163.0
82,26.0,13.807692307692308,26.591756964547084,0.0,0.0,7.0,14.0,135.0
83,47.0,15.382978723404255,30.69311861093224,0.0,0.0,7.0,21.0,177.0
84,43.0,9.325581395348838,24.12242676158883,0.0,0.0,0.0,7.0,149.0
85,68.0,9.911764705882353,24.2577793609782,0.0,0.0,0.0,8.75,184.0
86,58.0,17.655172413793103,31.69844299908504,0.0,0.0,7.0,19.25,170.0
87,40.0,23.325,46.50359098348184,0.0,0.0,7.0,28.0,275.0
88,56.0,7.910714285714286,23.50495250384038,0.0,0.0,0.0,7.0,156.0
89,62.0,10.870967741935484,29.574293152019123,0.0,0.0,3.5,14.0,226.0
90,58.0,15.120689655172415,28.592771498617825,0.0,0.0,7.0,14.0,156.0
91,56.0,17.160714285714285,27.522405276570435,0.0,0.0,7.0,21.0,170.0
92,56.0,8.410714285714286,32.41872454768542,0.0,0.0,0.0,7.0,240.0
93,62.0,11.209677419354838,25.688638234061095,0.0,0.0,7.0,14.0,191.0
94,45.0,15.28888888888889,31.818821061399706,0.0,0.0,0.0,14.0,170.0
95,62.0,16.85483870967742,33.63977289556757,0.0,0.0,7.0,14.0,175.0
96,54.0,8.462962962962964,22.27589691814981,0.0,0.0,0.0,7.0,156.0
97,42.0,15.547619047619047,36.005556739814736,0.0,0.0,0.0,14.0,184.0
98,66.0,15.090909090909092,25.763257840293694,0.0,0.0,7.0,21.0,163.0
99,61.0,16.442622950819672,22.681508320041928,0.0,0.0,7.0,21.0,142.0
