id,count,mean,std,min,25%,50%,75%,max
0,37.0,9.378378378378379,26.267165129948147,0.0,0.0,0.0,7.0,151.0
1,49.0,8.224489795918368,20.91576887793279,0.0,0.0,7.0,7.0,144.0
2,49.0,11.510204081632653,24.454994759915266,0.0,0.0,7.0,14.0,151.0
3,49.0,5.653061224489796,20.38540227344901,0.0,0.0,0.0,7.0,137.0
4,40.0,19.0,25.93482956595984,0.0,0.0,10.5,21.0,137.0
5,52.0,14.211538461538462,28.357892381695525,0.0,0.0,7.0,14.0,151.0
6,47.0,12.148936170212766,23.63304495956995,0.0,0.0,0.0,14.0,130.0
7,47.0,19.4468085106383,27.625451804795087,0.0,3.5,7.0,21.0,144.0
8,49.0,11.795918367346939,23.812618846454722,0.0,0.0,7.0,14.0,165.0
9,56.0,8.571428571428571,21.801465457713988,0.0,0.0,7.0,7.0,158.0
10,38.0,14.289473684210526,25.410051102128904,0.0,0.0,7.0,14.0,130.0
11,46.0,5.717391304347826,20.879190111451763,0.0,0.0,0.0,0.0,137.0
12,34.0,20.08823529411765,34.37702513885552,0.0,0.0,7.0,21.0,147.0
13,62.0,13.274193548387096,22.028423780584184,0.0,0.0,7.0,14.0,137.0
14,44.0,17.75,28.54952856695446,0.0,0.0,7.0,21.0,144.0
15,48.0,11.3125,28.15848479512786,0.0,0.0,0.0,7.0,130.0
16,49.0,11.653061224489797,25.75570407729144,0.0,0.0,0.0,14.0,165.0
17,42.0,21.428571428571427,52.57057642090755,0.0,1.75,7.0,19.25,322.0
18,53.0,13.283018867924529,20.639187296248785,0.0,7.0,7.0,14.0,130.0
19,47.0,21.23404255319149,29.11611892283353,0.0,7.0,14.0,28.0,151.0
20,42.0,31.095238095238095,42.34573697771513,0.0,7.0,17.5,33.25,189.0
21,42.0,26.928571428571427,69.2944909847546,0.0,0.0,7.0,14.0,343.0
22,37.0,5.972972972972973,22.924376262551334,0.0,0.0,0.0,0.0,137.0
23,43.0,27.27906976744186,51.257671008438365,0.0,0.0,14.0,17.5,238.0
24,44.0,17.90909090909091,28.186107564178673,0.0,0.0,7.0,28.0,144.0
25,48.0,9.708333333333334,20.486589628582134,0.0,0.0,0.0,14.0,130.0
26,47.0,11.702127659574469,21.88300402001221,0.0,0.0,7.0,14.0,130.0
27,47.0,20.04255319148936,30.073068586512182,0.0,7.0,14.0,21.0,151.0
28,45.0,17.044444444444444,28.26494420137904,0.0,0.0,7.0,14.0,144.0
29,57.0,12.964912280701755,23.91276176936902,0.0,0.0,7.0,14.0,137.0
30,41.0,16.317073170731707,27.75467440305348,0.0,0.0,7.0,21.0,165.0
31,33.0,10.727272727272727,25.22061746774939,0.0,0.0,0.0,7.0,130.0
32,52.0,9.903846153846153,22.421330543667924,0.0,0.0,3.5,8.75,151.0
33,28.0,11.642857142857142,29.347489369197024,0.0,0.0,0.0,7.0,137.0
34,48.0,10.729166666666666,22.216286515185715,0.0,0.0,7.0,14.0,144.0
35,30.0,5.5,23.733796650520873,0.0,0.0,0.0,0.0,130.0
36,37.0,11.08108108108108,29.067334069534308,0.0,0.0,0.0,7.0,158.0
37,49.0,11.795918367346939,26.535337752888395,0.0,0.0,7.0,14.0,179.0
38,49.0,20.081632653061224,42.33440126672686,0.0,0.0,7.0,14.0,189.0
39,49.0,11.081632653061224,24.84773357764402,0.0,0.0,7.0,14.0,165.0
40,39.0,16.615384615384617,38.69966366276761,0.0,0.0,7.0,17.5,242.0
41,51.0,14.215686274509803,29.662982807189294,0.0,0.0,7.0,14.0,193.0
42,46.0,10.73913043478261,27.195126019694285,0.0,0.0,0.0,7.0,158.0
43,47.0,17.361702127659573,30.904780502526513,0.0,0.0,7.0,17.5,172.0
44,48.0,9.5625,27.6527912099688,0.0,0.0,0.0,7.0,186.0
45,56.0,9.571428571428571,24.991531033064444,0.0,0.0,0.0,7.0,172.0
46,35.0,7.114285714285714,26.058499153851137,0.0,0.0,0.0,0.0,151.0
47,46.0,8.91304347826087,22.002854448110458,0.0,0.0,0.0,7.0,144.0
48,34.0,16.176470588235293,35.54806442178634,0.0,0.0,7.0,14.0,165.0
49,59.0,13.11864406779661,27.415754812203367,0.0,0.0,7.0,14.0,179.0
50,44.0,14.409090909090908,26.300869365610183,0.0,5.25,7.0,14.0,158.0
51,47.0,13.48936170212766,27.689954496504708,0.0,0.0,7.0,10.5,151.0
52,49.0,10.510204081632653,25.041733873159618,0.0,0.0,7.0,14.0,172.0
53,42.0,25.761904761904763,57.5549830538779,0.0,0.0,7.0,14.0,259.0
54,53.0,15.79245283018868,24.951767696410148,0.0,0.0,7.0,14.0,158.0
55,47.0,14.382978723404255,26.956932795051607,0.0,0.0,7.0,14.0,165.0
56,42.0,19.428571428571427,54.522379767123,0.0,0.0,7.0,14.0,315.0
57,42.0,11.261904761904763,27.19671745240279,0.0,0.0,0.0,14.0,165.0
58,37.0,9.378378378378379,29.317563328481434,0.0,0.0,0.0,7.0,179.0
59,43.0,14.093023255813954,33.08129521381011,0.0,0.0,7.0,10.5,200.0
60,43.0,12.13953488372093,28.7953215407583,0.0,0.0,7.0,14.0,186.0
61,44.0,11.068181818181818,24.999904862398257,0.0,0.0,3.5,14.0,158.0
62,46.0,21.543478260869566,35.12055841225202,0.0,0.0,7.0,14.0,158.0
63,43.0,29.558139534883722,46.10924002305694,0.0,7.0,14.0,31.5,231.0
64,42.0,20.595238095238095,34.900597188132316,0.0,0.0,7.0,14.0,172.0
65,56.0,14.321428571428571,25.4008640818358,0.0,0.0,7.0,21.0,165.0
66,41.0,13.75609756097561,31.770883279982066,0.0,0.0,7.0,14.0,200.0
67,31.0,15.483870967741936,31.8610221302267,0.0,0.0,0.0,14.0,144.0
68,51.0,9.0,25.052744360648397,0.0,0.0,0.0,7.0,172.0
69,28.0,14.892857142857142,35.78778944019696,0.0,0.0,0.0,7.0,158.0
70,48.0,20.0625,33.09329574708834,0.0,0.0,7.0,22.75,172.0
71,30.0,13.666666666666666,30.73617809159364,0.0,0.0,0.0,14.0,158.0
72,36.0,16.444444444444443,35.97653556293478,0.0,0.0,7.0,21.0,193.0
73,49.0,14.938775510204081,40.08137980163259,0.0,0.0,7.0,7.0,277.0
74,47.0,16.46808510638298,44.18481495197671,0.0,0.0,0.0,10.5,277.0
75,48.0,14.958333333333334,28.05310945964119,0.0,0.0,7.0,14.0,186.0
76,36.0,28.88888888888889,87.74761788472918,0.0,0.0,7.0,21.0,522.0
77,51.0,12.705882352941176,30.14783184087841,0.0,0.0,7.0,14.0,207.0
78,46.0,7.086956521739131,24.85766243319174,0.0,0.0,0.0,7.0,165.0
79,47.0,16.170212765957448,32.63921297866709,0.0,0.0,7.0,14.0,179.0
80,43.0,16.53488372093023,41.34774067485101,0.0,0.0,0.0,14.0,249.0
81,52.0,21.21153846153846,46.23568630163075,0.0,0.0,7.0,21.0,210.0
82,35.0,11.114285714285714,30.17183282133055,0.0,0.0,0.0,14.0,179.0
83,45.0,15.8,33.152265793950306,0.0,0.0,7.0,21.0,193.0
84,34.0,27.91176470588235,53.562972085290646,0.0,0.0,7.0,19.25,196.0
85,57.0,18.0,44.20972743639119,0.0,0.0,7.0,14.0,312.0
86,39.0,38.51282051282051,79.24308762644348,0.0,0.0,7.0,24.5,399.0
87,47.0,18.5531914893617,69.68525778553486,0.0,0.0,0.0,14.0,473.0
88,48.0,8.979166666666666,27.01574764035554,0.0,0.0,0.0,7.0,186.0
89,42.0,9.595238095238095,37.12540352006014,0.0,0.0,0.0,7.0,242.0
90,53.0,12.754716981132075,24.55363490275097,0.0,0.0,7.0,14.0,172.0
91,47.0,20.04255319148936,34.17089878499369,0.0,7.0,7.0,21.0,207.0
92,42.0,14.595238095238095,35.815284599142,0.0,0.0,7.0,19.25,228.0
93,41.0,18.878048780487806,50.66615987123517,0.0,0.0,7.0,14.0,287.0
94,37.0,18.27027027027027,34.201728878205245,0.0,7.0,14.0,21.0,207.0
95,43.0,21.25581395348837,42.43207065599131,0.0,7.0,7.0,14.0,221.0
96,41.0,24.682926829268293,44.33477135634639,0.0,0.0,7.0,28.0,200.0
97,44.0,13.931818181818182,49.21589728385072,0.0,0.0,0.0,8.75,326.0
98,45.0,19.377777777777776,37.16137345104022,0.0,0.0,7.0,21.0,179.0
99,42.0,19.261904761904763,33.62712285351429,0.0,0.0,7.0,28.0,193.0
100,41.0,14.951219512195122,37.98285877834382,0.0,0.0,0.0,14.0,221.0
101,53.0,16.58490566037736,48.733748361047006,0.0,0.0,0.0,7.0,266.0
102,40.0,19.35,36.57906785482928,0.0,0.0,7.0,21.0,214.0
103,30.0,15.533333333333333,38.810532993819706,0.0,0.0,0.0,14.0,193.0
104,49.0,11.510204081632653,31.548324340723443,0.0,0.0,0.0,7.0,207.0
105,28.0,14.892857142857142,35.5697950157197,0.0,0.0,7.0,14.0,179.0
106,43.0,30.209302325581394,43.88109373747308,0.0,0.0,14.0,42.0,200.0
107,27.0,23.22222222222222,46.034546670728574,0.0,0.0,7.0,24.5,214.0
108,36.0,14.88888888888889,52.92678380975405,0.0,0.0,3.5,7.0,319.0
109,49.0,17.224489795918366,50.20759624885895,0.0,0.0,7.0,14.0,333.0
110,47.0,21.23404255319149,91.172844156379,0.0,0.0,7.0,14.0,627.0
111,48.0,12.041666666666666,28.75572715080652,0.0,0.0,7.0,14.0,193.0
112,36.0,25.0,102.03528801351031,0.0,0.0,0.0,8.75,613.0
113,50.0,13.38,34.21056645457449,0.0,0.0,7.0,14.0,235.0
114,46.0,11.956521739130435,30.8162702492903,0.0,0.0,0.0,12.25,200.0
115,42.0,21.428571428571427,38.812333253020924,0.0,0.0,7.0,21.0,186.0
116,43.0,17.186046511627907,46.66713731767095,0.0,0.0,7.0,14.0,277.0
117,51.0,18.470588235294116,33.928956919526115,0.0,0.0,7.0,28.0,221.0
118,35.0,14.114285714285714,34.87690237575194,0.0,0.0,7.0,14.0,200.0
119,45.0,19.377777777777776,36.27752177118203,0.0,0.0,7.0,21.0,214.0
120,34.0,24.41176470588235,48.5973672108042,0.0,0.0,7.0,14.0,186.0
121,57.0,16.649122807017545,48.90570052519082,0.0,0.0,0.0,14.0,326.0
122,38.0,15.578947368421053,36.9964436413186,0.0,0.0,7.0,21.0,221.0
123,46.0,22.0,72.50379300422841,0.0,0.0,0.0,14.0,480.0
124,48.0,12.1875,31.61447032677526,0.0,0.0,0.0,8.75,193.0
125,42.0,18.761904761904763,49.676912006759174,0.0,0.0,0.0,14.0,263.0
126,52.0,21.21153846153846,36.904931674512724,0.0,0.0,7.0,28.0,186.0
127,46.0,19.717391304347824,39.409904588950035,0.0,0.0,7.0,21.0,249.0
128,42.0,18.761904761904763,54.94156963840924,0.0,0.0,7.0,19.25,354.0
129,41.0,12.731707317073171,31.02098031191463,0.0,0.0,7.0,14.0,193.0
