id,count,mean,std,min,25%,50%,75%,max
0,29.0,36.310344827586206,36.56218132781844,7.0,14.0,28.0,49.0,150.0
1,34.0,50.11764705882353,52.670366981180834,7.0,14.0,21.0,63.0,196.0
2,36.0,46.361111111111114,53.192992437392014,7.0,14.0,28.0,50.75,210.0
3,33.0,47.18181818181818,52.92060949281394,7.0,7.0,28.0,56.0,217.0
4,35.0,38.08571428571429,38.002609375248575,7.0,7.0,28.0,59.5,161.0
5,35.0,47.285714285714285,54.84393442174935,7.0,14.0,35.0,56.0,245.0
6,17.0,32.705882352941174,38.89852938396636,7.0,7.0,14.0,42.0,150.0
7,32.0,58.9375,113.40732681001501,7.0,7.0,14.0,71.75,623.0
8,35.0,39.285714285714285,47.98625503484209,7.0,7.0,21.0,56.0,245.0
9,36.0,25.555555555555557,34.52406568049469,7.0,7.0,7.0,28.0,150.0
10,9.0,26.0,47.41307836451879,7.0,7.0,7.0,7.0,150.0
11,25.0,21.12,31.551967714655557,7.0,7.0,7.0,21.0,150.0
12,21.0,66.47619047619048,109.62646534829946,7.0,7.0,14.0,77.0,462.0
13,39.0,16.94871794871795,25.27839593298335,7.0,7.0,7.0,14.0,150.0
14,28.0,58.857142857142854,111.75393415420234,7.0,7.0,21.0,77.0,588.0
15,20.0,32.0,35.881383532558026,7.0,7.0,14.0,42.0,150.0
16,34.0,44.35294117647059,50.126435506047,7.0,14.0,21.0,54.25,203.0
17,26.0,99.46153846153847,167.41594446628574,7.0,7.0,31.5,82.25,623.0
18,33.0,30.636363636363637,31.011911201401897,7.0,14.0,21.0,28.0,150.0
19,38.0,31.94736842105263,29.467295080718063,7.0,7.0,21.0,40.25,150.0
20,29.0,51.03448275862069,96.95635349351079,7.0,7.0,14.0,35.0,476.0
21,22.0,110.86363636363636,156.03122259420525,7.0,35.0,56.0,129.5,658.0
22,24.0,23.458333333333332,41.71120083817198,7.0,7.0,7.0,8.75,150.0
23,25.0,90.0,169.2382442987794,7.0,7.0,21.0,147.0,812.0
24,36.0,41.888888888888886,40.09045328310026,7.0,7.0,28.0,49.0,150.0
25,19.0,33.31578947368421,40.9431212938944,7.0,7.0,21.0,38.5,150.0
26,24.0,87.91666666666667,137.4614306907077,7.0,19.25,38.5,95.25,658.0
27,34.0,44.970588235294116,44.08565031027508,7.0,14.0,28.0,61.25,161.0
28,41.0,37.80487804878049,35.33639732074785,7.0,7.0,21.0,49.0,150.0
29,34.0,25.61764705882353,28.8570297153548,7.0,7.0,14.0,35.0,150.0
30,33.0,32.75757575757576,39.43351232060611,7.0,7.0,14.0,42.0,161.0
31,11.0,48.63636363636363,53.087235240258515,7.0,10.5,28.0,59.5,150.0
32,29.0,54.89655172413793,60.558321846197046,7.0,7.0,35.0,63.0,210.0
33,11.0,33.36363636363637,50.87882217047232,7.0,7.0,7.0,21.0,150.0
34,36.0,38.19444444444444,46.01479230759507,7.0,7.0,21.0,50.75,217.0
35,12.0,28.833333333333332,41.33638796141929,7.0,7.0,10.5,35.0,150.0
36,26.0,42.92307692307692,38.45404850147571,7.0,15.75,28.0,49.0,157.0
37,34.0,49.705882352941174,56.70365784351327,7.0,8.75,24.5,61.25,224.0
38,35.0,50.285714285714285,60.378498037050285,7.0,14.0,28.0,56.0,231.0
39,34.0,43.529411764705884,54.90390243574491,7.0,7.0,14.0,42.0,203.0
40,27.0,46.25925925925926,38.190406157922986,7.0,21.0,35.0,49.0,157.0
41,36.0,47.138888888888886,56.02762215590132,7.0,14.0,28.0,57.75,252.0
42,17.0,34.76470588235294,40.913826226235415,7.0,7.0,14.0,42.0,164.0
43,30.0,63.333333333333336,115.4822969962939,7.0,7.0,14.0,59.5,574.0
44,32.0,44.71875,49.687562132239506,7.0,7.0,21.0,64.75,182.0
45,36.0,24.97222222222222,36.22192399331898,7.0,7.0,14.0,28.0,192.0
46,7.0,33.42857142857143,56.029329054395376,7.0,7.0,7.0,24.5,157.0
47,18.0,28.944444444444443,40.670081823811906,7.0,8.75,17.5,26.25,178.0
48,21.0,50.80952380952381,64.95969446327396,7.0,7.0,21.0,56.0,203.0
49,35.0,20.085714285714285,32.39768639939607,7.0,7.0,7.0,17.5,185.0
50,25.0,74.6,136.57018952416618,7.0,7.0,28.0,56.0,644.0
51,22.0,35.13636363636363,38.05797013647852,7.0,7.0,21.0,45.5,157.0
52,36.0,46.166666666666664,55.59676249567056,7.0,14.0,21.0,42.0,189.0
53,25.0,107.92,176.04424633218397,7.0,14.0,42.0,112.0,707.0
54,32.0,34.0,36.02597629130868,7.0,7.0,21.0,45.5,157.0
55,38.0,38.578947368421055,43.930308185128844,7.0,8.75,21.0,54.25,196.0
56,32.0,49.75,98.66332455833437,7.0,7.0,14.0,31.5,518.0
57,25.0,106.8,159.08069231263318,7.0,14.0,56.0,84.0,672.0
58,19.0,29.63157894736842,37.891967085262856,7.0,7.0,21.0,35.0,164.0
59,23.0,95.08695652173913,173.98195126963293,7.0,14.0,28.0,101.5,805.0
60,33.0,49.09090909090909,48.44156507868762,7.0,7.0,35.0,70.0,185.0
61,21.0,32.142857142857146,60.22149592486534,7.0,7.0,7.0,21.0,252.0
62,25.0,91.12,140.02628324711043,7.0,21.0,49.0,98.0,693.0
63,35.0,45.48571428571429,47.7218481401964,7.0,14.0,28.0,59.5,196.0
64,42.0,37.57142857142857,36.82466224052734,7.0,7.0,28.0,56.0,178.0
65,34.0,28.294117647058822,37.00575664616841,7.0,7.0,14.0,35.0,171.0
66,34.0,34.470588235294116,42.509346775501704,7.0,7.0,21.0,33.25,185.0
67,15.0,38.0,46.9148164229596,7.0,7.0,14.0,49.0,164.0
68,32.0,50.84375,58.39195115491021,7.0,12.25,24.5,70.0,224.0
69,15.0,27.733333333333334,41.893515806944,7.0,7.0,7.0,31.5,164.0
70,38.0,36.0,50.03512279902502,7.0,7.0,17.5,42.0,238.0
71,15.0,26.333333333333332,41.275497170435955,7.0,7.0,7.0,17.5,157.0
72,29.0,39.93103448275862,41.74491503206688,7.0,7.0,21.0,63.0,185.0
73,34.0,50.73529411764706,55.16164061524475,7.0,14.0,28.0,61.25,196.0
74,31.0,55.87096774193548,58.431008854023084,7.0,14.0,35.0,63.0,199.0
75,33.0,43.78787878787879,59.319978493631034,7.0,7.0,14.0,42.0,203.0
76,27.0,46.77777777777778,49.65831972538658,7.0,14.0,21.0,70.0,199.0
77,38.0,45.026315789473685,54.537607576000234,7.0,14.0,24.5,56.0,252.0
78,17.0,36.8235294117647,43.75105040755829,7.0,7.0,21.0,49.0,185.0
79,25.0,71.24,120.48799386937547,7.0,7.0,21.0,49.0,392.0
80,35.0,42.48571428571429,57.10329723073659,7.0,7.0,14.0,45.5,213.0
81,38.0,29.18421052631579,46.946695052867284,7.0,7.0,14.0,26.25,220.0
82,11.0,27.636363636363637,51.01621845506138,7.0,7.0,7.0,17.5,178.0
83,20.0,30.25,40.59410768753722,7.0,7.0,14.0,35.0,185.0
84,17.0,77.17647058823529,123.4024084520424,7.0,7.0,21.0,112.0,497.0
85,34.0,22.941176470588236,33.08386146572172,7.0,7.0,14.0,21.0,192.0
86,25.0,75.72,125.96577577527424,7.0,7.0,14.0,56.0,434.0
87,18.0,36.72222222222222,45.4633731772467,7.0,7.0,10.5,54.25,185.0
88,33.0,44.42424242424242,55.14697991675875,7.0,7.0,21.0,49.0,199.0
89,23.0,113.04347826086956,186.2755725606724,7.0,7.0,42.0,115.5,749.0
90,39.0,28.435897435897434,35.346253335131706,7.0,7.0,14.0,38.5,185.0
91,35.0,45.08571428571429,51.580531797415595,7.0,14.0,21.0,56.0,210.0
92,32.0,53.25,100.1263717637898,7.0,7.0,14.0,36.75,525.0
93,26.0,94.07692307692308,160.6884994209413,7.0,8.75,35.0,75.25,700.0
94,23.0,28.73913043478261,42.890152918721384,7.0,7.0,14.0,24.5,178.0
95,28.0,69.85714285714286,89.44715563277376,7.0,19.25,24.5,73.5,364.0
96,31.0,47.96774193548387,56.26928343301091,7.0,7.0,28.0,52.5,231.0
97,18.0,44.111111111111114,66.0497930609831,7.0,8.75,21.0,40.25,245.0
98,30.0,79.43333333333334,139.37958177614092,7.0,14.0,42.0,80.5,742.0
99,33.0,51.42424242424242,53.540889924798535,7.0,14.0,42.0,56.0,206.0
100,43.0,37.348837209302324,43.80904653310244,7.0,7.0,21.0,56.0,199.0
101,38.0,28.44736842105263,36.167551059539285,7.0,7.0,14.0,35.0,192.0
102,32.0,34.875,42.16155564247539,7.0,7.0,21.0,42.0,213.0
103,16.0,33.0,43.49099523656209,7.0,7.0,14.0,38.5,178.0
104,33.0,49.515151515151516,57.81063981446301,7.0,14.0,21.0,56.0,220.0
105,13.0,28.76923076923077,45.462720710038624,7.0,7.0,14.0,21.0,171.0
106,35.0,38.285714285714285,51.533867464011664,7.0,7.0,14.0,52.5,220.0
107,13.0,29.846153846153847,48.880545131040556,7.0,7.0,14.0,21.0,185.0
108,29.0,38.48275862068966,43.48285433006503,7.0,14.0,21.0,49.0,213.0
109,34.0,51.76470588235294,57.160623670457994,7.0,14.0,28.0,61.25,220.0
110,32.0,48.875,60.89904390371902,7.0,7.0,24.5,59.5,241.0
111,32.0,51.5,60.5411084012476,7.0,7.0,24.5,73.5,213.0
112,32.0,43.84375,61.02041402202508,7.0,7.0,21.0,52.5,259.0
113,37.0,48.7027027027027,54.86137320802561,7.0,14.0,28.0,70.0,241.0
114,16.0,39.125,52.8770586675671,7.0,12.25,21.0,40.25,220.0
115,28.0,69.85714285714286,110.58153160575743,7.0,7.0,14.0,52.5,385.0
116,34.0,48.26470588235294,60.77843957011023,7.0,7.0,14.0,66.5,248.0
117,35.0,35.885714285714286,53.762971856633285,7.0,7.0,14.0,35.0,238.0
118,11.0,28.272727272727273,56.98612271262348,7.0,7.0,7.0,14.0,199.0
119,18.0,32.05555555555556,46.605316816384324,7.0,7.0,14.0,40.25,206.0
120,18.0,80.27777777777777,152.44084891622933,7.0,7.0,10.5,80.5,623.0
121,33.0,23.636363636363637,37.911754593577385,7.0,7.0,14.0,28.0,213.0
122,28.0,70.35714285714286,124.47823379141708,7.0,7.0,10.5,54.25,469.0
123,18.0,41.0,75.04665215717488,7.0,7.0,17.5,35.0,332.0
124,32.0,54.5625,60.822288730790234,7.0,14.0,35.0,63.0,227.0
125,22.0,107.04545454545455,183.59024698463364,7.0,14.0,31.5,145.25,805.0
126,36.0,28.86111111111111,39.63198764185874,7.0,7.0,14.0,35.0,213.0
127,37.0,41.32432432432432,47.318104389366695,7.0,7.0,28.0,56.0,234.0
128,32.0,52.59375,89.75229689755632,7.0,7.0,14.0,64.75,434.0
129,24.0,98.125,146.1614094372918,7.0,14.0,45.5,85.75,560.0
130,21.0,37.476190476190474,64.7638935268866,7.0,7.0,21.0,28.0,245.0
131,26.0,84.92307692307692,132.4431721386718,7.0,8.75,28.0,75.25,588.0
132,36.0,51.416666666666664,55.48558371324934,7.0,14.0,38.5,63.0,241.0
133,16.0,44.8125,64.35652647556424,7.0,7.0,14.0,43.75,227.0
134,25.0,90.0,142.7722545408129,7.0,14.0,49.0,77.0,700.0
135,34.0,51.55882352941177,52.853824251116535,7.0,7.0,42.0,63.0,213.0
136,40.0,38.05,45.88667758170316,7.0,7.0,21.0,50.75,220.0
137,37.0,30.54054054054054,43.182812035059214,7.0,7.0,14.0,42.0,241.0
138,31.0,35.32258064516129,44.40299321500312,7.0,7.0,21.0,42.0,234.0
139,9.0,81.22222222222223,97.85419993257543,7.0,7.0,28.0,203.0,224.0
140,33.0,52.484848484848484,63.821098202377996,7.0,14.0,28.0,49.0,248.0
141,11.0,62.63636363636363,82.63083289822599,7.0,17.5,35.0,45.5,252.0
142,34.0,44.76470588235294,55.17798134825565,7.0,7.0,21.0,68.25,262.0
143,11.0,43.54545454545455,65.67398820897607,7.0,10.5,14.0,28.0,213.0
144,30.0,44.666666666666664,57.55976404383195,7.0,8.75,17.5,59.5,241.0
145,34.0,49.5,59.894983854318646,7.0,8.75,24.5,61.25,248.0
146,28.0,58.607142857142854,89.6380951116103,7.0,7.0,21.0,64.75,395.0
147,36.0,47.52777777777778,58.08638203381046,7.0,12.25,21.0,56.0,227.0
148,23.0,69.52173913043478,103.73562093795651,7.0,21.0,28.0,80.5,493.0
149,37.0,50.21621621621622,59.82666403644557,7.0,7.0,28.0,70.0,269.0
