id,count,mean,std,min,25%,50%,75%,max
0,45.0,7.6,16.279379036627343,0.0,0.0,0.0,7.0,97.0
1,63.0,7.873015873015873,15.570331655253293,0.0,0.0,7.0,7.0,111.0
2,59.0,6.627118644067797,16.90531267758926,0.0,0.0,0.0,7.0,118.0
3,64.0,9.9375,13.149778198382917,0.0,0.0,7.0,14.0,90.0
4,54.0,19.555555555555557,32.02455818655466,0.0,0.0,7.0,26.25,147.0
5,62.0,7.661290322580645,15.911583107795975,0.0,0.0,7.0,7.0,111.0
6,46.0,3.1739130434782608,13.357152637072328,0.0,0.0,0.0,0.0,90.0
7,66.0,3.590909090909091,12.29881454290775,0.0,0.0,0.0,7.0,97.0
8,65.0,13.553846153846154,23.65575430077134,0.0,0.0,7.0,14.0,132.0
9,79.0,7.8734177215189876,16.103325893618752,0.0,0.0,0.0,7.0,104.0
10,32.0,4.125,16.011588545236087,0.0,0.0,0.0,0.0,90.0
11,53.0,7.6415094339622645,15.976057012848754,0.0,0.0,0.0,7.0,97.0
12,48.0,14.5625,28.709036497168356,0.0,0.0,3.5,8.75,126.0
13,76.0,9.197368421052632,16.05492218342367,0.0,0.0,7.0,14.0,104.0
14,60.0,6.983333333333333,15.56559838577832,0.0,0.0,0.0,7.0,111.0
15,48.0,4.0625,14.372559922414805,0.0,0.0,0.0,0.0,90.0
16,64.0,11.6875,17.56337730114064,0.0,0.0,7.0,14.0,97.0
17,64.0,9.9375,14.712995011968918,0.0,0.0,7.0,14.0,90.0
18,65.0,9.03076923076923,13.940688234859083,0.0,0.0,7.0,14.0,97.0
19,63.0,12.873015873015873,17.384171576551175,0.0,0.0,7.0,14.0,111.0
20,60.0,8.033333333333333,15.724284001016795,0.0,0.0,0.0,7.0,104.0
21,64.0,8.625,15.30795000427338,0.0,0.0,7.0,14.0,111.0
22,49.0,7.26530612244898,18.69912599361719,0.0,0.0,0.0,7.0,91.0
23,64.0,9.828125,16.394496451214625,0.0,0.0,7.0,14.0,104.0
24,57.0,7.842105263157895,15.375989484634118,0.0,0.0,0.0,14.0,104.0
25,48.0,5.8125,14.829034559183103,0.0,0.0,0.0,7.0,97.0
26,65.0,13.661538461538461,28.264529959759702,0.0,0.0,7.0,14.0,175.0
27,67.0,13.35820895522388,15.801516510015174,0.0,0.0,7.0,21.0,90.0
28,62.0,7.661290322580645,16.8434873811878,0.0,0.0,0.0,7.0,111.0
29,65.0,10.646153846153846,21.617723319962753,0.0,0.0,0.0,7.0,104.0
30,48.0,11.208333333333334,19.471701597974622,0.0,0.0,7.0,14.0,104.0
31,39.0,6.615384615384615,16.22638427249597,0.0,0.0,0.0,7.0,97.0
32,60.0,6.4,16.207552121240017,0.0,0.0,0.0,7.0,111.0
33,31.0,6.967741935483871,16.4954213262706,0.0,0.0,0.0,7.0,90.0
34,68.0,12.852941176470589,21.038177596776368,0.0,0.0,7.0,14.0,111.0
35,33.0,7.393939393939394,19.09833008724093,0.0,0.0,0.0,7.0,97.0
36,44.0,10.0,24.163204777435446,0.0,0.0,3.5,7.0,118.0
37,63.0,6.5396825396825395,16.93519469189629,0.0,0.0,0.0,7.0,125.0
38,59.0,10.779661016949152,20.87241026398094,0.0,0.0,7.0,14.0,132.0
39,64.0,12.125,18.681541692269406,0.0,0.0,0.0,21.0,104.0
40,50.0,10.62,20.193846304541108,0.0,0.0,7.0,14.0,125.0
41,62.0,7.774193548387097,21.09496043836895,0.0,0.0,0.0,7.0,160.0
42,46.0,8.195652173913043,17.956267324582914,0.0,0.0,7.0,7.0,118.0
43,65.0,11.184615384615384,22.65494724371224,0.0,0.0,7.0,14.0,139.0
44,61.0,7.327868852459017,20.74344981873829,0.0,0.0,0.0,7.0,153.0
45,77.0,6.35064935064935,15.559534421533984,0.0,0.0,0.0,7.0,125.0
46,32.0,6.96875,19.627966182251612,0.0,0.0,0.0,7.0,111.0
47,53.0,9.09433962264151,19.138427062350235,0.0,0.0,0.0,7.0,118.0
48,42.0,12.642857142857142,26.454582735987195,0.0,0.0,0.0,12.25,132.0
49,74.0,7.554054054054054,18.899258441559915,0.0,0.0,0.0,7.0,139.0
50,59.0,16.0,28.65069054954029,0.0,0.0,7.0,14.0,140.0
51,48.0,9.3125,20.375367115867704,0.0,0.0,0.0,7.0,118.0
52,58.0,6.620689655172414,18.350225952246138,0.0,0.0,0.0,7.0,132.0
53,63.0,9.873015873015873,24.06140804040447,0.0,0.0,0.0,7.0,140.0
54,60.0,15.966666666666667,28.954064535179594,0.0,0.0,7.0,21.0,168.0
55,63.0,10.984126984126984,22.19524219831087,0.0,0.0,7.0,14.0,160.0
56,59.0,6.033898305084746,15.92868384468606,0.0,0.0,0.0,7.0,118.0
57,63.0,8.317460317460318,18.058887006058633,0.0,0.0,7.0,7.0,132.0
58,46.0,10.630434782608695,24.356024758342354,0.0,0.0,0.0,7.0,125.0
59,63.0,16.53968253968254,34.50798196435764,0.0,0.0,0.0,14.0,160.0
60,57.0,8.578947368421053,18.50959921656584,0.0,0.0,0.0,7.0,118.0
61,46.0,10.326086956521738,25.692242104336206,0.0,0.0,0.0,7.0,139.0
62,64.0,12.671875,19.45369323690377,0.0,0.0,7.0,21.0,139.0
63,66.0,14.515151515151516,20.247121295283453,0.0,0.0,7.0,21.0,132.0
64,60.0,8.733333333333333,17.452955329041387,0.0,0.0,0.0,8.75,118.0
65,65.0,9.676923076923076,28.84392683711106,0.0,0.0,0.0,7.0,189.0
66,46.0,11.543478260869565,23.221356570325163,0.0,0.0,7.0,14.0,139.0
67,39.0,9.846153846153847,21.931158393984216,0.0,0.0,0.0,14.0,118.0
68,59.0,6.864406779661017,19.698116159812606,0.0,0.0,0.0,7.0,146.0
69,31.0,7.870967741935484,22.6711886697395,0.0,0.0,0.0,7.0,125.0
70,67.0,14.716417910447761,24.384424965818113,0.0,0.0,7.0,14.0,146.0
71,30.0,15.833333333333334,26.428933117837474,0.0,0.0,7.0,14.0,125.0
72,43.0,9.418604651162791,24.018081044377038,0.0,0.0,7.0,7.0,139.0
73,63.0,9.095238095238095,25.20670308041755,0.0,0.0,0.0,7.0,188.0
74,56.0,11.482142857142858,33.48051866190442,0.0,0.0,0.0,7.0,175.0
75,64.0,14.421875,22.461116092285152,0.0,0.0,7.0,21.0,139.0
76,48.0,12.520833333333334,30.90065728374359,0.0,0.0,7.0,14.0,209.0
77,62.0,6.419354838709677,23.224173660216515,0.0,0.0,0.0,7.0,181.0
78,46.0,12.152173913043478,24.604396527905646,0.0,0.0,3.5,7.0,132.0
79,65.0,13.23076923076923,22.691386878318795,0.0,0.0,7.0,14.0,153.0
80,60.0,8.616666666666667,23.517819905496015,0.0,0.0,0.0,7.0,174.0
81,74.0,8.216216216216216,19.16279948538297,0.0,0.0,0.0,7.0,146.0
82,32.0,10.25,25.47864380854249,0.0,0.0,7.0,7.0,139.0
83,51.0,14.529411764705882,28.992656270977633,0.0,0.0,7.0,14.0,160.0
84,42.0,13.142857142857142,28.190615484478666,0.0,0.0,7.0,14.0,146.0
85,71.0,9.943661971830986,25.507358783548643,0.0,0.0,7.0,7.0,202.0
86,59.0,16.83050847457627,26.490826351238624,0.0,0.0,7.0,21.0,153.0
87,47.0,17.851063829787233,41.81947680385314,0.0,0.0,7.0,14.0,258.0
88,58.0,4.810344827586207,20.02845072579252,0.0,0.0,0.0,0.0,146.0
89,63.0,9.984126984126984,23.179866168649852,0.0,0.0,0.0,7.0,146.0
