id,count,mean,std,min,25%,50%,75%,max
0,42.0,8.785714285714286,19.408994287016764,0.0,0.0,0.0,14.0,117.0
1,56.0,12.714285714285714,20.160009276435712,0.0,0.0,7.0,15.75,110.0
2,55.0,10.909090909090908,20.076956320223818,0.0,0.0,7.0,14.0,124.0
3,56.0,12.839285714285714,20.669500399217366,0.0,0.0,7.0,15.75,110.0
4,49.0,14.10204081632653,20.255909526562842,0.0,0.0,7.0,21.0,124.0
5,57.0,12.982456140350877,20.08774611198701,0.0,0.0,7.0,14.0,131.0
6,46.0,3.760869565217391,16.255166402796643,0.0,0.0,0.0,0.0,110.0
7,67.0,11.567164179104477,19.618500761763205,0.0,0.0,7.0,14.0,117.0
8,57.0,11.140350877192983,23.089452289249824,0.0,0.0,7.0,7.0,138.0
9,70.0,14.771428571428572,24.329365228512646,0.0,0.0,7.0,14.0,131.0
10,38.0,6.394736842105263,17.984286645432796,0.0,0.0,0.0,7.0,110.0
11,47.0,14.553191489361701,21.481851299297823,0.0,0.0,7.0,17.5,117.0
12,45.0,16.288888888888888,27.500927440742977,0.0,0.0,7.0,21.0,126.0
13,70.0,12.17142857142857,19.25644738900581,0.0,0.0,7.0,14.0,124.0
14,56.0,11.214285714285714,18.986803345974312,0.0,0.0,7.0,14.0,117.0
15,48.0,4.916666666666667,16.503814302300626,0.0,0.0,0.0,7.0,110.0
16,54.0,9.037037037037036,20.87244546607923,0.0,0.0,0.0,7.0,131.0
17,56.0,6.464285714285714,17.507363942289892,0.0,0.0,0.0,7.0,124.0
18,57.0,6.964912280701754,15.805700725959497,0.0,0.0,0.0,7.0,110.0
19,57.0,13.350877192982455,18.614981704520936,0.0,0.0,7.0,21.0,117.0
20,58.0,18.310344827586206,25.49936834205742,0.0,1.75,7.0,26.25,131.0
21,55.0,8.363636363636363,19.769377401129322,0.0,0.0,0.0,10.5,131.0
22,47.0,9.042553191489361,18.832161951679446,0.0,0.0,0.0,10.5,117.0
23,56.0,15.089285714285714,26.123675632870434,0.0,0.0,7.0,14.0,131.0
24,54.0,10.981481481481481,20.41410051044606,0.0,0.0,7.0,14.0,138.0
25,44.0,11.568181818181818,19.385199013767764,0.0,0.0,3.5,21.0,110.0
26,57.0,13.964912280701755,29.19880434946946,0.0,0.0,7.0,14.0,182.0
27,58.0,16.74137931034483,24.089424297321976,0.0,1.75,7.0,21.0,124.0
28,55.0,10.781818181818181,16.865141464956544,0.0,0.0,7.0,14.0,110.0
29,61.0,13.737704918032787,25.197157008509418,0.0,0.0,7.0,14.0,119.0
30,46.0,11.673913043478262,20.04112920729223,0.0,0.0,7.0,14.0,124.0
31,38.0,8.421052631578947,20.044048222160367,0.0,0.0,0.0,7.0,117.0
32,55.0,9.381818181818181,21.327682332359363,0.0,0.0,0.0,14.0,145.0
33,28.0,9.678571428571429,25.28951410781796,0.0,0.0,0.0,7.0,110.0
34,59.0,13.135593220338983,20.343988036051037,0.0,0.0,7.0,14.0,138.0
35,31.0,8.290322580645162,20.995544842318488,0.0,0.0,0.0,7.0,117.0
36,42.0,9.952380952380953,24.36205804610069,0.0,0.0,0.0,14.0,152.0
37,56.0,13.714285714285714,22.909874239339192,0.0,0.0,7.0,15.75,145.0
38,54.0,16.814814814814813,30.13433700857199,0.0,0.0,7.0,21.0,173.0
39,55.0,13.2,20.599712331684344,0.0,0.0,7.0,14.0,131.0
40,45.0,18.155555555555555,34.14072185658775,0.0,0.0,7.0,21.0,215.0
41,57.0,12.0,21.383404780343096,0.0,0.0,7.0,14.0,145.0
42,46.0,7.717391304347826,20.388082623029522,0.0,0.0,7.0,7.0,138.0
43,64.0,17.25,22.67156809750927,0.0,7.0,14.0,21.0,152.0
44,55.0,12.181818181818182,23.90574927679215,0.0,0.0,7.0,14.0,166.0
45,65.0,12.461538461538462,27.72638461549132,0.0,0.0,7.0,7.0,145.0
46,35.0,9.142857142857142,20.796129245526405,0.0,0.0,7.0,7.0,124.0
47,47.0,19.76595744680851,33.47173549101927,0.0,0.0,7.0,21.0,161.0
48,43.0,8.906976744186046,22.084053666765737,0.0,0.0,0.0,10.5,138.0
49,68.0,9.544117647058824,20.275294740688075,0.0,0.0,3.5,14.0,152.0
50,56.0,17.714285714285715,31.55238892307913,0.0,5.25,7.0,14.0,168.0
51,48.0,9.0,20.60675369562951,0.0,0.0,7.0,7.0,138.0
52,54.0,10.333333333333334,24.00471651768334,0.0,0.0,7.0,7.0,159.0
53,56.0,13.464285714285714,25.009063292199624,0.0,7.0,7.0,14.0,180.0
54,57.0,13.473684210526315,22.88098498063863,0.0,0.0,7.0,14.0,152.0
55,56.0,13.589285714285714,23.004961350831405,0.0,0.0,7.0,21.0,145.0
56,55.0,9.50909090909091,20.96016744991842,0.0,0.0,0.0,7.0,138.0
57,55.0,10.527272727272727,22.09730547127656,0.0,0.0,7.0,10.5,152.0
58,45.0,12.088888888888889,21.041973445108386,0.0,0.0,7.0,14.0,124.0
59,56.0,18.339285714285715,32.6052292435734,0.0,0.0,7.0,21.0,187.0
60,52.0,12.346153846153847,23.71140588895499,0.0,0.0,7.0,14.0,159.0
61,40.0,20.25,36.75682389113758,0.0,0.0,3.5,21.0,145.0
62,56.0,17.589285714285715,26.260773917637056,0.0,0.0,7.0,15.75,138.0
63,57.0,18.017543859649123,25.894353513066303,0.0,0.0,7.0,21.0,159.0
64,54.0,13.574074074074074,23.47427484109284,0.0,0.0,7.0,14.0,145.0
65,60.0,17.0,28.11296823622236,0.0,0.0,7.0,15.75,152.0
66,46.0,12.58695652173913,24.92707237519215,0.0,0.0,7.0,14.0,166.0
67,36.0,8.694444444444445,22.471339771164317,0.0,0.0,0.0,7.0,131.0
68,55.0,8.10909090909091,21.745729872247736,0.0,0.0,7.0,7.0,159.0
69,28.0,13.178571428571429,28.526860080137563,0.0,0.0,3.5,14.0,138.0
70,56.0,18.589285714285715,24.678129283538997,0.0,7.0,10.5,21.0,152.0
71,30.0,15.1,29.797419467070497,0.0,0.0,7.0,12.25,145.0
72,42.0,12.452380952380953,27.362251352380486,0.0,0.0,3.5,14.0,166.0
73,56.0,14.714285714285714,29.267862788522702,0.0,0.0,7.0,14.0,159.0
74,49.0,17.959183673469386,49.425010193757785,0.0,0.0,0.0,7.0,250.0
75,53.0,18.58490566037736,29.517552771622924,0.0,7.0,7.0,21.0,180.0
76,43.0,18.837209302325583,66.74683164678096,0.0,0.0,0.0,17.5,439.0
77,56.0,8.839285714285714,25.82090540326105,0.0,0.0,0.0,7.0,187.0
78,46.0,10.304347826086957,24.276984587801024,0.0,0.0,7.0,12.25,159.0
79,62.0,20.177419354838708,29.2656146880116,0.0,7.0,14.0,21.0,166.0
80,53.0,13.037735849056604,32.03301317760436,0.0,0.0,7.0,14.0,222.0
81,65.0,10.846153846153847,25.521578351239597,0.0,0.0,0.0,7.0,173.0
82,35.0,11.342857142857143,26.89843955362779,0.0,0.0,7.0,14.0,159.0
83,44.0,22.386363636363637,40.48325287342324,0.0,0.0,7.0,22.75,182.0
84,40.0,13.425,30.236577865652073,0.0,0.0,0.0,14.0,173.0
85,64.0,12.765625,30.676883488313404,0.0,0.0,7.0,14.0,222.0
86,54.0,23.685185185185187,34.381227915592646,0.0,0.0,10.5,28.0,173.0
87,48.0,21.541666666666668,48.99325109116836,0.0,0.0,7.0,21.0,306.0
88,54.0,7.092592592592593,23.511754200919857,0.0,0.0,0.0,7.0,166.0
89,55.0,11.927272727272728,34.245223806179936,0.0,0.0,7.0,10.5,243.0
90,56.0,13.964285714285714,30.08712457073731,0.0,0.0,3.5,14.0,159.0
91,54.0,21.35185185185185,28.98415794188749,0.0,7.0,14.0,28.0,194.0
92,55.0,11.290909090909091,37.64437527571669,0.0,0.0,0.0,7.0,271.0
93,55.0,17.4,33.33588879093344,0.0,0.0,7.0,14.0,201.0
94,45.0,15.511111111111111,29.195751731920158,0.0,0.0,7.0,14.0,166.0
95,54.0,17.074074074074073,31.278934892262708,0.0,7.0,7.0,21.0,201.0
96,51.0,12.03921568627451,24.905389604913815,0.0,0.0,7.0,14.0,173.0
97,40.0,24.625,59.17063005865715,0.0,0.0,7.0,21.0,285.0
98,54.0,18.5,36.34828899972524,0.0,0.0,7.0,21.0,203.0
99,56.0,16.464285714285715,24.947190977389365,0.0,0.0,10.5,28.0,166.0
100,50.0,16.2,30.265491900843113,0.0,0.0,7.0,14.0,173.0
101,59.0,14.440677966101696,32.21494148225092,0.0,0.0,7.0,14.0,201.0
102,46.0,16.391304347826086,30.598822243761504,0.0,0.0,7.0,21.0,194.0
103,36.0,16.86111111111111,31.96708376509256,0.0,0.0,7.0,15.75,173.0
104,54.0,8.518518518518519,26.41450483519102,0.0,0.0,0.0,7.0,187.0
105,28.0,14.678571428571429,32.25827895047349,0.0,0.0,0.0,14.0,152.0
106,54.0,22.38888888888889,30.031691855825745,0.0,7.0,14.0,26.25,159.0
107,30.0,19.766666666666666,34.09892639965657,0.0,0.0,7.0,21.0,166.0
108,41.0,13.78048780487805,48.586269765810364,0.0,0.0,0.0,7.0,306.0
109,56.0,14.214285714285714,29.869847542426328,0.0,0.0,7.0,14.0,215.0
