id,count,mean,std,min,25%,50%,75%,max
0,42.0,7.523809523809524,21.30869294184097,0.0,0.0,0.0,7.0,134.0
1,55.0,9.309090909090909,21.203487420419282,0.0,0.0,7.0,14.0,141.0
2,54.0,15.185185185185185,22.968455870158078,0.0,7.0,7.0,14.0,141.0
3,55.0,9.945454545454545,19.143143228318923,0.0,0.0,7.0,7.0,120.0
4,45.0,23.044444444444444,27.70949587445,0.0,0.0,14.0,28.0,127.0
5,55.0,8.545454545454545,21.065873914249174,0.0,0.0,0.0,7.0,148.0
6,46.0,8.543478260869565,19.531975517925733,0.0,0.0,0.0,12.25,120.0
7,58.0,10.879310344827585,22.04546942850274,0.0,0.0,0.0,14.0,134.0
8,52.0,13.884615384615385,24.849865937346067,0.0,0.0,7.0,15.75,155.0
9,64.0,12.375,27.674697629583758,0.0,0.0,0.0,8.75,141.0
10,32.0,5.0625,21.598891100567954,0.0,0.0,0.0,0.0,120.0
11,46.0,7.326086956521739,20.147295763204756,0.0,0.0,0.0,7.0,127.0
12,40.0,16.825,25.952508401071604,0.0,0.0,7.0,21.0,127.0
13,62.0,13.790322580645162,23.789470805499462,0.0,0.0,7.0,14.0,127.0
14,53.0,14.415094339622641,22.965219490371283,0.0,0.0,7.0,14.0,134.0
15,44.0,5.431818181818182,19.752418429818626,0.0,0.0,0.0,0.0,120.0
16,51.0,11.549019607843137,22.76691786385693,0.0,0.0,7.0,14.0,141.0
17,49.0,14.306122448979592,27.456939075602737,0.0,0.0,7.0,14.0,127.0
18,52.0,22.096153846153847,40.94293475663012,0.0,0.0,7.0,14.0,175.0
19,52.0,19.807692307692307,26.706860733834112,0.0,7.0,7.0,28.0,141.0
20,53.0,14.415094339622641,25.530098347353544,0.0,0.0,7.0,14.0,134.0
21,48.0,13.291666666666666,26.897724599907747,0.0,0.0,7.0,14.0,148.0
22,37.0,4.1891891891891895,20.932215784709886,0.0,0.0,0.0,0.0,127.0
23,50.0,9.68,18.500347487084053,0.0,0.0,7.0,7.0,120.0
24,51.0,16.901960784313726,22.86329364020922,0.0,7.0,7.0,21.0,141.0
25,38.0,5.7368421052631575,19.81084089041165,0.0,0.0,0.0,5.25,120.0
26,48.0,13.291666666666666,39.37488038932638,0.0,0.0,0.0,7.0,245.0
27,48.0,13.0,23.53268437816972,0.0,0.0,7.0,14.0,141.0
28,56.0,13.642857142857142,18.952024186857212,0.0,0.0,7.0,21.0,120.0
29,56.0,12.267857142857142,24.567155510358337,0.0,0.0,7.0,14.0,134.0
30,43.0,9.790697674418604,22.639575693835322,0.0,0.0,0.0,10.5,134.0
31,24.0,6.75,25.857889217463377,0.0,0.0,0.0,0.0,127.0
32,56.0,11.642857142857142,26.831750914594767,0.0,0.0,7.0,7.0,148.0
33,28.0,6.535714285714286,22.880498153825144,0.0,0.0,0.0,0.0,120.0
34,51.0,24.725490196078432,36.84349518239145,0.0,0.0,14.0,28.0,175.0
35,27.0,9.11111111111111,25.698448521462463,0.0,0.0,0.0,7.0,127.0
36,40.0,13.675,28.875850525824234,0.0,0.0,7.0,14.0,155.0
37,55.0,6.0,20.31055190088439,0.0,0.0,0.0,7.0,148.0
38,54.0,15.185185185185185,24.0087044545869,0.0,0.0,7.0,21.0,162.0
39,54.0,12.462962962962964,22.408483032323343,0.0,0.0,7.0,14.0,155.0
40,42.0,18.69047619047619,30.821664929656293,0.0,0.0,7.0,21.0,155.0
41,55.0,11.090909090909092,24.914871899145734,0.0,0.0,7.0,14.0,176.0
42,46.0,9.304347826086957,21.775490365921232,0.0,0.0,3.5,7.0,141.0
43,53.0,27.62264150943396,41.72032635718209,0.0,7.0,14.0,21.0,183.0
44,51.0,10.176470588235293,26.334544524143904,0.0,0.0,0.0,14.0,183.0
45,62.0,10.96774193548387,24.214863164929206,0.0,0.0,3.5,14.0,176.0
46,32.0,7.03125,23.760205786824702,0.0,0.0,0.0,7.0,134.0
47,45.0,15.577777777777778,31.325627679185445,0.0,0.0,7.0,21.0,148.0
48,40.0,17.35,30.079850995266515,0.0,0.0,7.0,22.75,169.0
49,61.0,12.065573770491802,22.063445524561672,0.0,0.0,7.0,14.0,155.0
50,53.0,21.0188679245283,32.915095067599964,0.0,0.0,7.0,21.0,162.0
51,44.0,9.727272727272727,23.77546481717502,0.0,0.0,0.0,7.0,148.0
52,51.0,12.92156862745098,30.08643756728596,0.0,0.0,7.0,14.0,183.0
53,49.0,25.448979591836736,59.29202490796781,0.0,7.0,7.0,21.0,357.0
54,50.0,22.14,43.2680350506336,0.0,0.0,10.5,21.0,252.0
55,52.0,15.76923076923077,27.753548004672524,0.0,0.0,7.0,21.0,162.0
56,53.0,10.320754716981131,22.40687873854955,0.0,0.0,7.0,7.0,148.0
57,48.0,15.479166666666666,32.64443491938058,0.0,0.0,3.5,14.0,169.0
58,37.0,7.783783783783784,25.654905460246276,0.0,0.0,0.0,7.0,155.0
59,50.0,12.9,27.41089460154744,0.0,0.0,7.0,14.0,176.0
60,50.0,12.34,25.28257446203949,0.0,0.0,7.0,14.0,162.0
61,38.0,8.868421052631579,22.913670005374968,0.0,0.0,0.0,7.0,134.0
62,47.0,16.106382978723403,33.43080722051677,0.0,0.0,7.0,14.0,182.0
63,48.0,20.145833333333332,37.25529497327996,0.0,0.0,14.0,21.0,203.0
64,52.0,13.884615384615385,25.4986765101787,0.0,0.0,7.0,15.75,155.0
65,56.0,16.142857142857142,28.749974590615537,0.0,0.0,7.0,14.0,162.0
66,43.0,9.30232558139535,25.277069303187417,0.0,0.0,0.0,7.0,162.0
67,24.0,7.333333333333333,31.54109350847153,0.0,0.0,0.0,0.0,155.0
68,54.0,6.888888888888889,24.20795648609573,0.0,0.0,0.0,7.0,176.0
69,28.0,9.285714285714286,27.259870306010797,0.0,0.0,0.0,7.0,141.0
70,47.0,15.659574468085106,27.36411216534523,0.0,0.0,7.0,21.0,176.0
71,27.0,16.37037037037037,28.643898730321865,0.0,0.0,7.0,17.5,148.0
72,39.0,13.666666666666666,28.27341445443547,0.0,0.0,7.0,14.0,162.0
73,55.0,11.854545454545455,26.09982132890326,0.0,0.0,7.0,14.0,183.0
74,51.0,13.745098039215685,35.015335575861556,0.0,0.0,0.0,14.0,239.0
75,53.0,18.50943396226415,32.02380283086884,0.0,0.0,7.0,21.0,169.0
76,41.0,24.4390243902439,80.77655872234462,0.0,0.0,7.0,21.0,519.0
77,55.0,7.527272727272727,26.107225156787635,0.0,0.0,0.0,7.0,190.0
78,46.0,10.217391304347826,27.122694919755762,0.0,0.0,0.0,7.0,162.0
79,53.0,12.69811320754717,29.882194920966395,0.0,0.0,0.0,14.0,197.0
80,48.0,18.6875,37.04348005916314,0.0,0.0,7.0,21.0,204.0
81,61.0,13.557377049180328,29.87949385457298,0.0,0.0,7.0,14.0,197.0
82,32.0,11.625,28.4851404385945,0.0,0.0,7.0,8.75,162.0
83,43.0,20.046511627906977,34.245579129611464,0.0,0.0,7.0,28.0,169.0
84,37.0,14.972972972972974,34.00284831736444,0.0,0.0,0.0,14.0,190.0
85,59.0,16.983050847457626,33.80751371567127,0.0,0.0,7.0,21.0,225.0
86,48.0,31.520833333333332,46.27070650143397,0.0,5.25,14.0,28.0,203.0
87,44.0,18.0,57.00061199181866,0.0,0.0,7.0,14.0,372.0
88,51.0,7.705882352941177,29.169363460759342,0.0,0.0,0.0,7.0,197.0
89,49.0,15.16326530612245,38.185592253915786,0.0,0.0,7.0,14.0,253.0
90,50.0,14.3,26.119232104223233,0.0,0.0,7.0,19.25,169.0
91,51.0,23.352941176470587,34.265915151597376,0.0,7.0,14.0,21.0,190.0
92,52.0,12.134615384615385,40.88435572424281,0.0,0.0,3.5,14.0,295.0
93,48.0,22.479166666666668,52.10545345874887,0.0,0.0,7.0,21.0,294.0
94,34.0,22.058823529411764,40.023433421139664,0.0,0.0,7.0,19.25,183.0
95,48.0,21.458333333333332,33.39891598020035,0.0,7.0,14.0,21.0,197.0
96,48.0,16.208333333333332,26.953039013379136,0.0,0.0,7.0,21.0,176.0
97,38.0,19.18421052631579,37.62392515347755,0.0,0.0,7.0,14.0,204.0
98,47.0,23.851063829787233,48.10449618477975,0.0,0.0,7.0,17.5,224.0
99,47.0,16.70212765957447,28.891035839796263,0.0,0.0,7.0,21.0,176.0
100,51.0,11.137254901960784,27.529634656379397,0.0,0.0,7.0,7.0,183.0
101,55.0,16.436363636363637,37.14623934724884,0.0,0.0,7.0,14.0,218.0
102,42.0,17.857142857142858,34.63930618677351,0.0,0.0,7.0,21.0,204.0
103,24.0,16.958333333333332,38.14215876641382,0.0,5.25,7.0,14.0,190.0
104,54.0,7.925925925925926,30.07967523651198,0.0,0.0,0.0,7.0,218.0
105,28.0,11.535714285714286,32.91119604932074,0.0,0.0,0.0,7.0,169.0
106,47.0,27.72340425531915,39.71622279845483,0.0,7.0,14.0,31.5,197.0
107,24.0,15.5,45.65084884205331,0.0,0.0,0.0,7.0,218.0
108,39.0,16.17948717948718,35.594109355098716,0.0,0.0,7.0,14.0,218.0
109,54.0,14.277777777777779,36.537092378798505,0.0,0.0,7.0,14.0,260.0
110,51.0,11.411764705882353,41.165605289167424,0.0,0.0,0.0,7.0,288.0
111,51.0,14.843137254901961,33.42655982838773,0.0,0.0,7.0,17.5,183.0
112,40.0,19.45,85.83823486129339,0.0,0.0,3.5,14.0,547.0
113,54.0,10.0,30.27920389771246,0.0,0.0,3.5,7.0,218.0
114,45.0,17.288888888888888,34.087202492099195,0.0,0.0,0.0,21.0,169.0
115,53.0,29.471698113207548,47.29839962066732,0.0,7.0,14.0,35.0,217.0
116,47.0,14.319148936170214,36.742409084692596,0.0,0.0,7.0,14.0,246.0
117,58.0,18.362068965517242,33.75957214530061,0.0,0.0,7.0,21.0,218.0
118,32.0,17.3125,41.6788315575185,0.0,0.0,7.0,8.75,190.0
119,43.0,21.348837209302324,40.58200617029919,0.0,0.0,7.0,24.5,211.0
