id,count,mean,std,min,25%,50%,75%,max
0,40.0,11.575,24.6106996743599,0.0,0.0,0.0,14.0,134.0
1,52.0,16.03846153846154,23.273279754428753,0.0,5.25,7.0,21.0,141.0
2,51.0,13.745098039215685,22.42395427863239,0.0,0.0,7.0,14.0,141.0
3,50.0,8.14,18.145680320277723,0.0,0.0,3.5,7.0,120.0
4,46.0,17.217391304347824,24.602541010119044,0.0,0.0,7.0,21.0,127.0
5,51.0,13.333333333333334,25.121836450917883,0.0,0.0,7.0,14.0,148.0
6,45.0,4.066666666666666,17.899212781064374,0.0,0.0,0.0,0.0,120.0
7,58.0,12.327586206896552,24.382469925859038,0.0,0.0,7.0,12.25,134.0
8,48.0,12.708333333333334,24.492255252954685,0.0,0.0,7.0,14.0,162.0
9,59.0,18.16949152542373,56.743570968777775,0.0,0.0,7.0,14.0,420.0
10,32.0,5.9375,22.59023126015085,0.0,0.0,0.0,0.0,120.0
11,45.0,19.77777777777778,39.10178378219458,0.0,0.0,7.0,14.0,189.0
12,41.0,11.804878048780488,24.085493053075666,0.0,0.0,0.0,7.0,127.0
13,64.0,10.40625,18.132421852091966,0.0,0.0,7.0,14.0,127.0
14,56.0,12.517857142857142,19.807244837481765,0.0,0.0,7.0,14.0,134.0
15,46.0,12.043478260869565,25.21107033889776,0.0,0.0,3.5,14.0,120.0
16,49.0,9.448979591836734,21.821301924657817,0.0,0.0,0.0,7.0,141.0
17,51.0,17.58823529411765,32.004484979820084,0.0,0.0,7.0,21.0,175.0
18,58.0,13.775862068965518,23.423667071326822,0.0,0.0,7.0,14.0,120.0
19,50.0,18.64,23.370799851829755,0.0,7.0,14.0,21.0,141.0
20,55.0,13.763636363636364,22.638842101953262,0.0,0.0,7.0,14.0,134.0
21,52.0,15.096153846153847,22.949441118731887,0.0,5.25,7.0,15.75,148.0
22,42.0,7.357142857142857,20.180673474429266,0.0,0.0,0.0,7.0,127.0
23,51.0,14.294117647058824,23.347200361197107,0.0,0.0,7.0,14.0,120.0
24,46.0,14.630434782608695,30.11338476539935,0.0,0.0,7.0,14.0,141.0
25,41.0,12.829268292682928,24.403793187765288,0.0,0.0,7.0,14.0,120.0
26,54.0,13.24074074074074,21.755879869012713,0.0,0.0,7.0,14.0,127.0
27,52.0,14.557692307692308,23.986445078654572,0.0,0.0,7.0,21.0,141.0
28,51.0,10.72549019607843,19.876698348943723,0.0,0.0,7.0,14.0,120.0
29,59.0,14.016949152542374,27.6183918764688,0.0,0.0,7.0,14.0,134.0
30,44.0,12.75,22.276408419963555,0.0,0.0,7.0,14.0,134.0
31,33.0,16.151515151515152,32.25593086174349,0.0,0.0,0.0,14.0,127.0
32,52.0,9.173076923076923,22.750756207079508,0.0,0.0,0.0,7.0,148.0
33,28.0,7.785714285714286,23.068909882666826,0.0,0.0,0.0,7.0,120.0
34,54.0,13.88888888888889,24.284218547036915,0.0,0.0,7.0,14.0,134.0
35,30.0,8.433333333333334,23.67114252641277,0.0,0.0,0.0,7.0,127.0
36,39.0,13.487179487179487,26.449427209867792,0.0,0.0,7.0,14.0,155.0
37,51.0,13.745098039215685,23.118687797757815,0.0,0.0,7.0,14.0,148.0
38,50.0,17.66,29.229290593023784,0.0,0.0,7.0,19.25,162.0
39,50.0,11.08,22.848069627745044,0.0,0.0,7.0,14.0,155.0
40,41.0,17.951219512195124,40.631238732970104,0.0,0.0,7.0,14.0,217.0
41,51.0,15.392156862745098,27.301339477302243,0.0,0.0,7.0,21.0,176.0
42,45.0,7.955555555555556,21.74538149036747,0.0,0.0,0.0,7.0,141.0
43,57.0,18.07017543859649,34.95755571767548,0.0,0.0,7.0,14.0,183.0
44,48.0,12.708333333333334,27.967274442038715,0.0,0.0,7.0,14.0,183.0
45,57.0,11.43859649122807,25.704375352859707,0.0,0.0,0.0,7.0,155.0
46,32.0,7.25,23.658865895978003,0.0,0.0,0.0,7.0,134.0
47,44.0,18.15909090909091,32.05877101752864,0.0,0.0,7.0,21.0,148.0
48,40.0,14.025,28.80303358310967,0.0,0.0,0.0,21.0,169.0
49,64.0,11.171875,23.727657619560997,0.0,0.0,7.0,14.0,169.0
50,55.0,16.563636363636363,26.16313750890295,0.0,0.0,7.0,14.0,155.0
51,45.0,15.422222222222222,27.971973708183572,0.0,0.0,7.0,14.0,148.0
52,49.0,15.306122448979592,36.391507755720895,0.0,0.0,7.0,14.0,203.0
53,50.0,14.58,27.45838409562473,0.0,0.0,7.0,14.0,169.0
54,57.0,15.12280701754386,31.770420978054524,0.0,0.0,7.0,7.0,162.0
55,50.0,16.96,25.254589399043603,0.0,0.0,10.5,21.0,155.0
56,55.0,10.709090909090909,21.749135978813406,0.0,0.0,7.0,14.0,148.0
57,52.0,13.75,30.251802733514097,0.0,0.0,7.0,14.0,176.0
58,42.0,11.19047619047619,25.497238583373456,0.0,0.0,0.0,14.0,155.0
59,51.0,18.137254901960784,29.04411789525937,0.0,3.5,14.0,21.0,176.0
60,46.0,17.065217391304348,28.940860905503328,0.0,0.0,7.0,14.0,162.0
61,40.0,20.85,47.866025636733305,0.0,0.0,7.0,14.0,252.0
62,54.0,18.037037037037038,35.465616068675274,0.0,0.0,7.0,14.0,203.0
63,52.0,16.71153846153846,26.127392685974606,0.0,7.0,7.0,21.0,169.0
64,50.0,12.76,23.899073502663533,0.0,0.0,7.0,14.0,155.0
65,59.0,13.305084745762711,25.792443585542337,0.0,0.0,7.0,14.0,162.0
66,44.0,13.704545454545455,30.235186298190026,0.0,0.0,7.0,14.0,169.0
67,32.0,19.9375,49.6886678195081,0.0,0.0,7.0,14.0,238.0
68,52.0,8.903846153846153,26.32545894829969,0.0,0.0,0.0,7.0,183.0
69,28.0,12.035714285714286,27.83613710809259,0.0,0.0,0.0,8.75,141.0
70,49.0,20.306122448979593,31.67030949329925,0.0,0.0,7.0,28.0,169.0
71,30.0,15.433333333333334,28.00576705797838,0.0,0.0,7.0,19.25,148.0
72,39.0,14.564102564102564,28.20115233908646,0.0,0.0,7.0,14.0,162.0
73,50.0,13.18,30.862228416903772,0.0,0.0,7.0,7.0,190.0
74,49.0,16.448979591836736,44.17487088478103,0.0,0.0,7.0,14.0,274.0
75,50.0,15.7,28.171667631555948,0.0,0.0,7.0,19.25,176.0
76,41.0,23.75609756097561,73.70168942697477,0.0,7.0,7.0,21.0,477.0
77,51.0,9.627450980392156,26.806686318389836,0.0,0.0,7.0,7.0,190.0
78,44.0,7.9772727272727275,24.701462753376536,0.0,0.0,0.0,7.0,162.0
79,56.0,18.767857142857142,37.25001089514353,0.0,5.25,7.0,14.0,197.0
80,47.0,14.46808510638298,30.833952956912952,0.0,0.0,7.0,14.0,204.0
81,56.0,16.142857142857142,35.903622795898045,0.0,0.0,0.0,14.0,190.0
82,32.0,11.625,30.998178926740092,0.0,0.0,7.0,8.75,176.0
83,43.0,27.046511627906977,42.67426652276304,0.0,0.0,7.0,35.0,189.0
84,40.0,18.4,49.80206977472074,0.0,0.0,0.0,14.0,231.0
85,60.0,14.483333333333333,32.739077188296605,0.0,0.0,7.0,14.0,232.0
86,53.0,20.62264150943396,33.590993764981306,0.0,0.0,14.0,21.0,183.0
87,44.0,19.90909090909091,57.84695854673625,0.0,0.0,0.0,21.0,379.0
88,47.0,9.106382978723405,26.807067564643397,0.0,0.0,0.0,7.0,176.0
89,50.0,10.8,33.427960922386085,0.0,0.0,3.5,7.0,232.0
90,54.0,21.01851851851852,41.09101299198156,0.0,0.0,7.0,19.25,176.0
91,49.0,21.306122448979593,33.1896093690183,0.0,0.0,7.0,21.0,197.0
92,54.0,11.814814814814815,41.93124384444632,0.0,0.0,7.0,7.0,309.0
93,51.0,16.901960784313726,36.99094748824949,0.0,0.0,7.0,14.0,211.0
94,41.0,13.853658536585366,31.768349796306513,0.0,0.0,7.0,14.0,183.0
95,51.0,23.07843137254902,37.37851957328161,0.0,0.0,7.0,21.0,197.0
96,46.0,15.23913043478261,31.14566835058819,0.0,0.0,7.0,14.0,169.0
97,38.0,21.394736842105264,42.907530664986,0.0,0.0,7.0,21.0,225.0
98,51.0,18.54901960784314,33.463002689830574,0.0,0.0,7.0,21.0,190.0
99,52.0,13.884615384615385,27.682126920263237,0.0,0.0,7.0,15.75,176.0
100,48.0,15.770833333333334,31.067695189652593,0.0,0.0,7.0,14.0,183.0
101,58.0,10.517241379310345,29.504826473629013,0.0,0.0,0.0,7.0,211.0
102,41.0,18.975609756097562,46.64358895115065,0.0,0.0,7.0,14.0,231.0
103,32.0,18.40625,41.771930207087706,0.0,0.0,7.0,14.0,225.0
104,51.0,8.529411764705882,27.219370265438894,0.0,0.0,0.0,7.0,190.0
105,26.0,14.846153846153847,37.36596559190441,0.0,0.0,0.0,7.0,155.0
106,49.0,22.73469387755102,35.38347984947924,0.0,7.0,14.0,21.0,204.0
107,29.0,23.20689655172414,39.84647260812863,0.0,0.0,14.0,21.0,197.0
108,39.0,14.923076923076923,38.293454583879104,0.0,0.0,0.0,14.0,232.0
109,50.0,19.48,45.62994004566989,0.0,0.0,7.0,14.0,302.0
110,49.0,19.020408163265305,77.03286360268538,0.0,0.0,0.0,7.0,533.0
111,50.0,12.48,27.340811985016103,0.0,0.0,7.0,7.0,183.0
112,40.0,23.3,80.16111980383712,0.0,0.0,3.5,8.75,505.0
113,51.0,14.843137254901961,32.30626722419017,0.0,0.0,7.0,14.0,204.0
114,44.0,9.409090909090908,25.672642376588243,0.0,0.0,7.0,7.0,169.0
115,53.0,27.49056603773585,63.6781639428696,0.0,0.0,7.0,21.0,392.0
116,47.0,15.51063829787234,32.63958142609484,0.0,0.0,7.0,14.0,218.0
117,55.0,17.963636363636365,35.1325340602546,0.0,0.0,7.0,21.0,232.0
118,32.0,18.625,37.81086206796376,0.0,0.0,3.5,22.75,197.0
119,42.0,22.523809523809526,39.00108697374428,0.0,0.0,10.5,28.0,211.0
