id,count,mean,std,min,25%,50%,75%,max
0,20.0,13.1,16.421744249942705,7.0,7.0,7.0,14.0,80.0
1,62.0,25.338709677419356,12.839416191705883,7.0,21.0,21.0,28.0,80.0
2,60.0,15.566666666666666,12.884581071130372,7.0,7.0,14.0,21.0,80.0
3,59.0,25.796610169491526,16.9316879630014,7.0,14.0,21.0,38.5,80.0
4,22.0,17.954545454545453,21.541714289848304,7.0,7.0,10.5,14.0,84.0
5,27.0,12.037037037037036,14.898325877766064,7.0,7.0,7.0,7.0,80.0
6,38.0,16.289473684210527,16.267872325100637,7.0,7.0,7.0,21.0,80.0
7,38.0,13.894736842105264,13.947371104967669,7.0,7.0,7.0,14.0,80.0
8,32.0,13.21875,18.197366656354607,7.0,7.0,7.0,7.0,80.0
9,21.0,15.80952380952381,16.821471539728762,7.0,7.0,7.0,21.0,80.0
10,9.0,15.11111111111111,24.333333333333332,7.0,7.0,7.0,7.0,80.0
11,19.0,17.842105263157894,20.750537229711366,7.0,7.0,7.0,17.5,80.0
12,31.0,21.322580645161292,21.687764748469267,7.0,7.0,14.0,21.0,80.0
13,69.0,14.144927536231885,13.657873577407154,7.0,7.0,7.0,21.0,80.0
14,26.0,10.346153846153847,14.333017289300413,7.0,7.0,7.0,7.0,80.0
15,51.0,12.823529411764707,12.810473656118951,7.0,7.0,7.0,14.0,80.0
16,47.0,27.617021276595743,25.049128416226,7.0,7.0,14.0,35.0,105.0
17,57.0,17.0,10.559356040971437,7.0,14.0,14.0,21.0,80.0
18,67.0,22.19402985074627,19.987298092273466,7.0,7.0,14.0,28.0,84.0
19,42.0,20.738095238095237,20.422440459753382,7.0,7.0,14.0,28.0,91.0
20,30.0,9.9,13.358066141267706,7.0,7.0,7.0,7.0,80.0
21,19.0,11.210526315789474,16.735122571567263,7.0,7.0,7.0,7.0,80.0
22,14.0,12.214285714285714,19.51007065960698,7.0,7.0,7.0,7.0,80.0
23,44.0,19.318181818181817,15.958919248936638,7.0,7.0,14.0,22.75,80.0
24,34.0,11.823529411764707,12.757577874596,7.0,7.0,7.0,14.0,80.0
25,7.0,18.428571428571427,27.275490480509802,7.0,7.0,7.0,10.5,80.0
26,49.0,21.918367346938776,33.05288485562057,7.0,7.0,14.0,21.0,224.0
27,67.0,15.298507462686567,16.474971766539593,7.0,7.0,7.0,14.0,98.0
28,34.0,11.823529411764707,13.547829051706412,7.0,7.0,7.0,7.0,80.0
29,35.0,18.485714285714284,17.45982182472835,7.0,7.0,14.0,21.0,80.0
30,43.0,16.186046511627907,14.19465998511494,7.0,7.0,14.0,21.0,80.0
31,29.0,14.10344827586207,14.605147887905353,7.0,7.0,7.0,14.0,80.0
32,22.0,14.136363636363637,16.864432718271043,7.0,7.0,7.0,12.25,80.0
33,11.0,13.636363636363637,22.010328154176744,7.0,7.0,7.0,7.0,80.0
34,42.0,16.904761904761905,16.202694030449596,7.0,7.0,7.0,21.0,80.0
35,21.0,18.476190476190474,22.26346569521252,7.0,7.0,7.0,14.0,84.0
36,18.0,15.722222222222221,19.031879000788482,7.0,7.0,10.5,14.0,87.0
37,50.0,24.7,17.53160411534389,7.0,14.0,21.0,28.0,115.0
38,52.0,23.21153846153846,17.655012662032586,7.0,14.0,17.5,29.75,101.0
39,64.0,29.25,20.11080417199781,7.0,14.0,21.0,42.0,91.0
40,24.0,14.125,19.389177842067063,7.0,7.0,7.0,14.0,101.0
41,60.0,13.233333333333333,14.4555035166854,7.0,7.0,7.0,14.0,108.0
42,25.0,12.72,16.34910802867647,7.0,7.0,7.0,14.0,87.0
43,72.0,15.11111111111111,16.04005159237563,7.0,7.0,7.0,15.75,98.0
44,33.0,13.030303030303031,18.507574207072707,7.0,7.0,7.0,14.0,108.0
45,32.0,17.15625,18.646299252303432,7.0,7.0,7.0,21.0,101.0
46,26.0,12.23076923076923,15.72083380055318,7.0,7.0,7.0,14.0,87.0
47,45.0,15.933333333333334,19.577816760070796,7.0,7.0,7.0,14.0,94.0
48,23.0,19.304347826086957,23.983772511294337,7.0,7.0,7.0,21.0,101.0
49,32.0,14.3125,16.127391045531322,7.0,7.0,7.0,14.0,94.0
50,53.0,17.358490566037737,17.72123274452108,7.0,7.0,14.0,21.0,101.0
51,49.0,14.489795918367347,14.832568962955012,7.0,7.0,7.0,14.0,87.0
52,18.0,13.0,25.45584412271571,7.0,7.0,7.0,7.0,115.0
53,50.0,21.62,16.188796831671674,7.0,14.0,21.0,28.0,108.0
54,51.0,21.058823529411764,18.69803386958734,7.0,7.0,14.0,28.0,94.0
55,62.0,23.983870967741936,20.877858642381753,7.0,7.0,14.0,35.0,87.0
56,28.0,14.357142857142858,21.48076535934603,7.0,7.0,7.0,8.75,108.0
57,61.0,12.901639344262295,13.125934783261199,7.0,7.0,7.0,14.0,101.0
58,37.0,15.972972972972974,15.939968085996364,7.0,7.0,14.0,14.0,94.0
59,61.0,24.83606557377049,25.80580059332194,7.0,7.0,14.0,35.0,133.0
60,30.0,14.1,20.22860726110767,7.0,7.0,7.0,14.0,115.0
61,16.0,15.0625,23.43350521511169,7.0,7.0,7.0,8.75,101.0
62,39.0,25.564102564102566,27.05724425983866,7.0,7.0,14.0,24.5,115.0
63,63.0,17.38095238095238,22.02449411482191,7.0,7.0,7.0,21.0,126.0
64,39.0,13.717948717948717,18.869285426947595,7.0,7.0,7.0,10.5,115.0
65,45.0,17.955555555555556,19.28489229181928,7.0,7.0,7.0,21.0,108.0
66,43.0,26.930232558139537,21.56871118832976,7.0,14.0,21.0,35.0,101.0
67,26.0,16.807692307692307,19.51413688743467,7.0,7.0,10.5,14.0,101.0
68,42.0,11.904761904761905,18.62572247583449,7.0,7.0,7.0,7.0,122.0
69,6.0,27.333333333333332,39.9132392404659,7.0,7.0,10.5,19.25,108.0
70,45.0,18.11111111111111,20.09661009657443,7.0,7.0,14.0,21.0,115.0
71,25.0,15.52,19.185758607189168,7.0,7.0,7.0,14.0,101.0
72,26.0,15.461538461538462,23.21246349568398,7.0,7.0,7.0,14.0,122.0
73,54.0,20.796296296296298,18.598417085849842,7.0,7.0,14.0,28.0,122.0
74,22.0,17.318181818181817,26.762422773868455,7.0,7.0,7.0,14.0,129.0
75,60.0,29.683333333333334,25.15881195941175,7.0,7.0,21.0,42.0,108.0
76,26.0,17.615384615384617,26.296884869621987,7.0,7.0,7.0,19.25,136.0
77,58.0,20.20689655172414,19.02423073640345,7.0,14.0,14.0,21.0,143.0
78,26.0,14.653846153846153,21.41390633713019,7.0,7.0,7.0,14.0,115.0
79,59.0,17.372881355932204,22.502029261046463,7.0,7.0,7.0,21.0,122.0
