id,count,mean,std,min,25%,50%,75%,max
0,22.0,96.54545454545455,143.73544722120147,7.0,7.0,38.5,136.5,595.0
1,40.0,48.55,54.64897305906357,7.0,7.0,21.0,71.75,231.0
2,35.0,46.48571428571429,61.69010380574039,7.0,7.0,28.0,52.5,322.0
3,37.0,49.270270270270274,64.23163319348733,7.0,14.0,28.0,56.0,329.0
4,24.0,101.625,120.69538102181045,7.0,14.0,59.5,132.0,441.0
5,39.0,57.51282051282051,47.68640532019239,7.0,17.5,56.0,80.5,161.0
6,25.0,32.32,35.181339750877406,7.0,7.0,21.0,42.0,150.0
7,33.0,56.72727272727273,97.76511159638976,7.0,7.0,28.0,49.0,434.0
8,26.0,106.73076923076923,124.13301178729458,7.0,14.0,66.5,147.5,448.0
9,29.0,75.65517241379311,101.609292271239,7.0,21.0,35.0,84.0,427.0
10,12.0,28.833333333333332,40.465099066037666,7.0,7.0,17.5,21.0,150.0
11,35.0,26.285714285714285,32.91305071796028,7.0,7.0,14.0,31.5,150.0
12,22.0,32.59090909090909,38.803116088554255,7.0,7.0,17.5,33.25,150.0
13,38.0,27.157894736842106,33.17808322159208,7.0,7.0,14.0,43.75,150.0
14,49.0,37.48979591836735,42.826745172156336,7.0,14.0,28.0,42.0,210.0
15,40.0,30.0,34.52089668146393,7.0,7.0,14.0,43.75,150.0
16,34.0,52.38235294117647,47.57387537859749,7.0,8.75,45.5,75.25,196.0
17,33.0,72.63636363636364,88.49993579864135,7.0,28.0,42.0,77.0,455.0
18,52.0,38.96153846153846,35.26313496816194,7.0,14.0,24.5,56.0,150.0
19,30.0,70.56666666666666,101.33477577618257,7.0,7.0,24.5,82.25,399.0
20,48.0,49.9375,69.42665079366519,7.0,7.0,24.5,63.0,378.0
21,38.0,58.473684210526315,57.695724157512274,7.0,15.75,35.0,89.25,217.0
22,21.0,58.80952380952381,100.1262298539294,7.0,7.0,14.0,91.0,434.0
23,37.0,78.78378378378379,122.49084662744195,7.0,14.0,42.0,84.0,686.0
24,26.0,86.0,120.61774330503783,7.0,7.0,35.0,105.0,518.0
25,20.0,40.4,43.47824622425382,7.0,7.0,17.5,63.0,150.0
26,32.0,52.15625,43.400690774196434,7.0,19.25,42.0,70.0,189.0
27,28.0,92.10714285714286,105.87215885757699,7.0,19.25,45.5,151.0,392.0
28,33.0,97.45454545454545,133.12073723435498,7.0,7.0,42.0,150.0,623.0
29,30.0,33.0,32.378153554305825,7.0,7.0,21.0,40.25,150.0
30,25.0,96.44,144.06048498229254,7.0,14.0,49.0,77.0,602.0
31,24.0,71.58333333333333,125.84252293922808,7.0,7.0,7.0,85.75,546.0
32,31.0,45.25806451612903,52.325881258344474,7.0,7.0,21.0,63.0,217.0
33,14.0,39.714285714285715,46.53605479200396,7.0,7.0,14.0,64.75,150.0
34,31.0,85.6774193548387,117.97383526211061,7.0,14.0,35.0,115.5,525.0
35,21.0,48.80952380952381,57.9177166742777,7.0,7.0,28.0,77.0,224.0
36,24.0,82.375,132.47864881294777,7.0,7.0,14.0,110.25,539.0
37,41.0,54.19512195121951,53.887020474412545,7.0,14.0,28.0,77.0,224.0
38,41.0,53.68292682926829,61.61795153378203,7.0,14.0,42.0,63.0,329.0
39,43.0,49.23255813953488,46.29246426862601,7.0,21.0,35.0,59.5,182.0
40,20.0,104.8,124.00789448554008,7.0,17.5,49.0,163.5,427.0
41,36.0,60.75,55.66911172274981,7.0,14.0,52.5,78.75,203.0
42,26.0,31.076923076923077,44.67833754912829,7.0,7.0,14.0,35.0,182.0
43,45.0,48.44444444444444,81.80591097657351,7.0,7.0,21.0,49.0,434.0
44,26.0,114.0,125.41132325272706,7.0,15.75,73.5,159.25,448.0
45,31.0,68.51612903225806,111.28787623928073,7.0,7.0,35.0,70.0,588.0
46,28.0,20.107142857142858,29.942338766262914,7.0,7.0,7.0,21.0,157.0
47,40.0,32.975,40.32527202763256,7.0,7.0,14.0,43.75,164.0
48,27.0,30.185185185185187,41.79072130825678,7.0,7.0,14.0,35.0,171.0
49,43.0,32.627906976744185,33.77306848716533,7.0,14.0,21.0,42.0,164.0
50,36.0,54.138888888888886,55.262052481286325,7.0,21.0,42.0,63.0,273.0
51,41.0,36.4390243902439,41.38118460151172,7.0,7.0,14.0,56.0,182.0
52,38.0,45.578947368421055,44.960421982094054,7.0,14.0,31.5,68.25,189.0
53,32.0,73.59375,92.23142679536991,7.0,21.0,45.5,82.25,469.0
54,45.0,38.17777777777778,38.25826642040841,7.0,7.0,28.0,49.0,164.0
55,37.0,74.24324324324324,121.0687145121878,7.0,14.0,28.0,63.0,609.0
56,33.0,25.333333333333332,37.62285431312551,7.0,7.0,7.0,21.0,178.0
57,35.0,69.28571428571429,55.2462782502514,14.0,24.5,49.0,94.5,203.0
58,22.0,80.0,113.09288218097548,7.0,7.0,31.5,122.5,434.0
59,34.0,64.73529411764706,64.73316269842822,7.0,15.75,45.5,82.25,308.0
60,31.0,65.12903225806451,113.54169335108692,7.0,7.0,14.0,45.5,539.0
61,21.0,38.476190476190474,43.308912532663584,7.0,7.0,21.0,56.0,157.0
62,37.0,58.16216216216216,45.44991963904002,7.0,21.0,49.0,77.0,168.0
63,36.0,77.47222222222223,108.69603386406413,7.0,12.25,24.5,103.25,462.0
64,27.0,89.03703703703704,138.18868969678365,7.0,7.0,28.0,112.0,630.0
65,48.0,31.5625,30.898534186812437,7.0,12.25,21.0,42.0,178.0
66,29.0,95.20689655172414,138.24522190408734,7.0,14.0,42.0,105.0,602.0
67,24.0,60.208333333333336,86.55281331507153,7.0,7.0,14.0,75.25,301.0
68,37.0,43.78378378378378,58.27241349192751,7.0,7.0,14.0,49.0,231.0
69,18.0,34.77777777777778,43.54113073129219,7.0,7.0,10.5,50.75,157.0
70,28.0,98.85714285714286,117.33513707127288,7.0,12.25,52.5,131.25,441.0
71,26.0,35.65384615384615,43.79401083042503,7.0,7.0,14.0,49.0,157.0
72,24.0,87.33333333333333,138.90461746689053,7.0,7.0,28.0,99.75,574.0
73,38.0,57.18421052631579,51.03250435468789,7.0,21.0,45.5,70.0,217.0
74,36.0,46.94444444444444,58.97212147371935,7.0,7.0,17.5,50.75,224.0
75,43.0,55.74418604651163,64.61280022943112,7.0,14.0,28.0,66.5,322.0
76,20.0,91.15,125.63576217320491,7.0,7.0,45.5,108.5,490.0
77,36.0,63.083333333333336,59.81513186477147,7.0,14.0,38.5,91.0,192.0
78,26.0,40.5,53.23927121965514,7.0,7.0,24.5,42.0,224.0
79,46.0,54.391304347826086,94.8536834078606,7.0,8.75,28.0,54.25,588.0
80,23.0,111.21739130434783,133.0912047233158,7.0,10.5,70.0,171.5,441.0
81,31.0,69.41935483870968,104.04991564742645,7.0,14.0,35.0,84.0,560.0
82,24.0,24.916666666666668,33.592075497531916,7.0,7.0,14.0,28.0,171.0
83,37.0,28.08108108108108,36.6320885278182,7.0,7.0,14.0,35.0,192.0
84,24.0,49.708333333333336,76.79134867863735,7.0,7.0,14.0,40.25,252.0
85,43.0,36.2093023255814,43.88109373747307,7.0,7.0,14.0,45.5,206.0
86,36.0,48.30555555555556,55.130400969983086,7.0,12.25,28.0,57.75,266.0
87,37.0,36.21621621621622,43.74937150985723,7.0,7.0,14.0,49.0,178.0
88,35.0,55.285714285714285,47.26058638241895,7.0,21.0,42.0,80.5,206.0
89,33.0,80.9090909090909,102.10942771004413,7.0,21.0,56.0,70.0,504.0
90,44.0,48.27272727272727,51.79088706603394,7.0,14.0,35.0,56.0,273.0
91,33.0,87.6969696969697,128.43979252175046,7.0,14.0,35.0,91.0,553.0
92,39.0,31.487179487179485,43.42438788155786,7.0,7.0,14.0,28.0,185.0
93,37.0,64.21621621621621,51.57418342927395,7.0,21.0,49.0,105.0,206.0
94,23.0,77.1304347826087,124.22900567018304,7.0,14.0,14.0,77.0,532.0
95,32.0,66.8125,61.11302986560917,7.0,21.0,49.0,80.5,231.0
96,31.0,85.2258064516129,136.08323670396715,7.0,10.5,21.0,59.5,539.0
97,21.0,33.476190476190474,47.24470239891352,7.0,7.0,14.0,28.0,192.0
98,36.0,65.41666666666667,52.41612347360304,7.0,28.0,52.5,87.5,196.0
99,37.0,80.67567567567568,107.03842873111145,7.0,14.0,42.0,126.0,511.0
100,29.0,89.89655172413794,129.11742850919697,7.0,7.0,35.0,154.0,518.0
101,49.0,34.91836734693877,37.63079231975119,7.0,14.0,21.0,42.0,234.0
102,23.0,105.73913043478261,123.07396792590896,7.0,21.0,42.0,159.0,441.0
103,29.0,56.58620689655172,103.13081749526364,7.0,7.0,14.0,42.0,490.0
104,34.0,43.94117647058823,56.97258308007809,7.0,14.0,21.0,42.0,231.0
105,14.0,36.214285714285715,48.565861025445194,7.0,7.0,17.5,45.5,185.0
106,27.0,102.0,99.04466746799726,7.0,21.0,70.0,154.0,385.0
107,23.0,54.608695652173914,59.72797359729799,7.0,14.0,35.0,63.0,217.0
108,20.0,104.8,155.8479691034959,7.0,7.0,42.0,89.25,504.0
109,37.0,56.83783783783784,56.99050287036794,7.0,21.0,35.0,91.0,231.0
110,41.0,58.97560975609756,61.194153235778195,7.0,14.0,42.0,70.0,297.0
111,41.0,68.02439024390245,69.7726621983417,7.0,21.0,49.0,77.0,315.0
112,18.0,129.27777777777777,195.22500007323544,7.0,7.0,24.5,152.25,640.0
113,39.0,56.07692307692308,62.41431373254418,7.0,7.0,28.0,66.5,213.0
114,25.0,43.8,61.44780983349475,7.0,7.0,14.0,49.0,252.0
115,46.0,57.58695652173913,90.84750986300713,7.0,14.0,35.0,68.25,581.0
116,25.0,110.16,143.28255302024738,7.0,7.0,35.0,161.0,623.0
117,32.0,63.96875,78.98039134963776,7.0,14.0,42.0,85.75,413.0
118,19.0,32.94736842105263,44.85590966170397,7.0,10.5,21.0,35.0,206.0
119,39.0,32.205128205128204,47.082335209703864,7.0,7.0,14.0,31.5,227.0
120,21.0,66.47619047619048,84.79423273290409,7.0,7.0,14.0,154.0,231.0
121,39.0,45.84615384615385,72.79406368998795,7.0,10.5,21.0,49.0,378.0
122,37.0,48.7027027027027,50.958515189026755,7.0,14.0,35.0,70.0,213.0
123,41.0,39.170731707317074,62.267127137448846,7.0,7.0,14.0,49.0,360.0
124,34.0,51.35294117647059,50.986559341767574,7.0,7.0,42.0,68.25,227.0
125,35.0,79.28571428571429,117.85448940226632,7.0,14.0,42.0,84.0,602.0
126,43.0,42.72093023255814,38.71281661856491,7.0,14.0,35.0,63.0,199.0
127,34.0,80.17647058823529,114.342248240186,7.0,7.0,35.0,87.5,441.0
128,40.0,34.9,60.92778407093821,7.0,7.0,14.0,35.0,360.0
129,30.0,68.0,54.153039842080254,7.0,35.0,56.0,89.25,227.0
130,23.0,70.43478260869566,108.24039998874413,7.0,7.0,14.0,87.5,434.0
131,34.0,70.5,72.44527715329815,7.0,15.75,56.0,91.0,336.0
132,32.0,84.3125,136.16674727890114,7.0,12.25,31.5,73.5,588.0
133,18.0,60.05555555555556,100.10551622705398,7.0,8.75,24.5,54.25,423.0
134,39.0,69.0,62.30569797378086,7.0,14.0,49.0,98.0,231.0
135,33.0,87.48484848484848,112.508644449027,7.0,14.0,49.0,105.0,455.0
136,29.0,89.41379310344827,128.06430227522964,7.0,14.0,35.0,105.0,539.0
137,46.0,37.5,42.75290763341262,7.0,14.0,24.5,47.25,269.0
138,20.0,132.8,137.7719702605493,7.0,12.25,80.5,217.75,448.0
139,24.0,56.416666666666664,106.29160736907428,7.0,7.0,14.0,49.0,490.0
140,37.0,49.45945945945946,66.0822696823162,7.0,7.0,28.0,63.0,315.0
141,12.0,47.5,61.7008914036094,7.0,7.0,14.0,64.75,199.0
142,29.0,99.55172413793103,123.72278523459973,7.0,14.0,56.0,133.0,574.0
143,26.0,53.96153846153846,62.57378413951375,7.0,14.0,28.0,66.5,269.0
144,21.0,105.47619047619048,166.39820282912285,7.0,7.0,21.0,98.0,532.0
145,38.0,63.81578947368421,78.9083817913373,7.0,15.75,35.0,73.5,360.0
146,35.0,64.08571428571429,81.8403652127192,7.0,21.0,35.0,70.0,402.0
147,39.0,69.8974358974359,69.88177793952586,7.0,21.0,42.0,98.0,308.0
148,21.0,134.47619047619048,200.62119006914975,7.0,14.0,42.0,161.0,682.0
149,38.0,56.81578947368421,66.01877507855929,7.0,8.75,35.0,61.25,238.0
