id,count,mean,std,min,25%,50%,75%,max
0,17.0,15.764705882352942,22.537550365347787,7.0,7.0,7.0,14.0,100.0
1,55.0,25.87272727272727,20.29053286401626,7.0,14.0,21.0,31.5,100.0
2,59.0,21.983050847457626,16.72752380362432,7.0,7.0,14.0,28.0,100.0
3,37.0,27.486486486486488,23.057442304940192,7.0,14.0,21.0,35.0,100.0
4,48.0,21.333333333333332,21.56961350952665,7.0,7.0,14.0,28.0,100.0
5,56.0,19.535714285714285,15.621621712711681,7.0,7.0,14.0,28.0,100.0
6,24.0,22.25,24.05473830210191,7.0,7.0,14.0,22.75,100.0
7,42.0,22.047619047619047,18.33955126316515,7.0,7.0,14.0,28.0,100.0
8,59.0,23.406779661016948,22.5029642829468,7.0,7.0,14.0,28.0,100.0
9,24.0,14.666666666666666,19.512909142114246,7.0,7.0,7.0,14.0,100.0
10,5.0,25.6,41.59086438149609,7.0,7.0,7.0,7.0,100.0
11,38.0,14.789473684210526,17.317633404785195,7.0,7.0,7.0,14.0,100.0
12,47.0,22.085106382978722,23.63106815304069,7.0,7.0,14.0,28.0,119.0
13,57.0,15.75438596491228,16.345904578555086,7.0,7.0,7.0,21.0,100.0
14,56.0,18.785714285714285,15.47398319257701,7.0,7.0,14.0,21.0,100.0
15,46.0,19.369565217391305,18.039904773895227,7.0,7.0,14.0,26.25,100.0
16,44.0,31.386363636363637,31.204662672681728,7.0,7.0,17.5,42.0,140.0
17,45.0,23.844444444444445,22.90092848014083,7.0,7.0,14.0,28.0,105.0
18,51.0,24.333333333333332,28.499590640334933,7.0,7.0,14.0,28.0,175.0
19,60.0,22.083333333333332,20.130330995507762,7.0,7.0,14.0,28.0,100.0
20,29.0,13.10344827586207,17.372689625604504,7.0,7.0,7.0,14.0,100.0
21,41.0,16.78048780487805,17.305363612363006,7.0,7.0,7.0,21.0,100.0
22,26.0,25.115384615384617,25.67695764389064,7.0,7.0,14.0,28.0,100.0
23,63.0,24.253968253968253,23.650662033950283,7.0,10.5,14.0,28.0,126.0
24,38.0,15.157894736842104,16.987318506541115,7.0,7.0,7.0,14.0,100.0
25,19.0,16.68421052631579,22.571005569040576,7.0,7.0,7.0,14.0,100.0
26,53.0,23.150943396226417,21.735646215389608,7.0,7.0,14.0,28.0,100.0
27,60.0,18.933333333333334,18.161111989648788,7.0,7.0,7.0,28.0,100.0
28,41.0,18.658536585365855,19.354081941670035,7.0,7.0,7.0,28.0,100.0
29,41.0,18.829268292682926,20.6299569061891,7.0,7.0,14.0,21.0,100.0
30,38.0,32.6578947368421,38.4435537883858,7.0,14.0,21.0,33.25,210.0
31,27.0,17.185185185185187,22.862527347061974,7.0,7.0,7.0,14.0,100.0
32,31.0,14.96774193548387,19.312317090340283,7.0,7.0,7.0,14.0,100.0
33,7.0,24.285714285714285,34.032897250132784,7.0,7.0,7.0,21.0,100.0
34,46.0,25.152173913043477,22.98498774930604,7.0,7.0,14.0,28.0,100.0
35,25.0,22.2,22.211108331943578,7.0,7.0,14.0,28.0,100.0
36,16.0,15.875,28.434427489694013,7.0,7.0,7.0,7.0,121.0
37,48.0,25.416666666666668,23.2926189873698,7.0,7.0,21.0,35.0,114.0
38,50.0,28.6,24.529865179292887,7.0,7.0,21.0,35.0,128.0
39,52.0,30.46153846153846,30.840170861446243,7.0,7.0,21.0,36.75,140.0
40,33.0,21.484848484848484,25.853096057485565,7.0,7.0,7.0,28.0,128.0
41,52.0,25.076923076923077,18.9673053621185,7.0,14.0,21.0,28.0,121.0
42,30.0,20.833333333333332,21.355905802463127,7.0,7.0,14.0,28.0,107.0
43,64.0,20.046875,19.718196967944777,7.0,7.0,14.0,28.0,121.0
44,34.0,19.0,22.483664103414092,7.0,7.0,14.0,21.0,135.0
45,58.0,17.53448275862069,18.80669488599167,7.0,7.0,14.0,21.0,128.0
46,26.0,13.26923076923077,20.00711411934803,7.0,7.0,7.0,12.25,107.0
47,45.0,14.822222222222223,18.950040643862494,7.0,7.0,7.0,14.0,114.0
48,14.0,26.142857142857142,32.68228676411533,7.0,7.0,7.0,26.25,107.0
49,23.0,20.17391304347826,24.07309356921322,7.0,7.0,7.0,28.0,114.0
50,47.0,21.93617021276596,21.97271455723839,7.0,7.0,14.0,28.0,121.0
51,45.0,18.866666666666667,19.308029417835474,7.0,7.0,7.0,21.0,107.0
52,23.0,18.956521739130434,26.62445605226614,7.0,7.0,14.0,21.0,135.0
53,43.0,20.88372093023256,20.279252008284324,7.0,7.0,14.0,28.0,114.0
54,47.0,27.893617021276597,35.71337226266763,7.0,7.0,21.0,35.0,224.0
55,59.0,27.915254237288135,21.021571954405523,7.0,14.0,28.0,42.0,128.0
56,38.0,13.131578947368421,18.87679979266925,7.0,7.0,7.0,14.0,121.0
57,40.0,19.65,21.242857019689566,7.0,7.0,14.0,22.75,128.0
58,22.0,23.318181818181817,30.01489529207023,7.0,7.0,14.0,19.25,114.0
59,62.0,23.29032258064516,25.47669272149318,7.0,7.0,14.0,21.0,140.0
60,42.0,17.047619047619047,21.386059262476685,7.0,7.0,7.0,14.0,121.0
61,17.0,15.764705882352942,24.022201740693717,7.0,7.0,7.0,14.0,107.0
62,47.0,25.361702127659573,20.802827495857066,7.0,10.5,21.0,35.0,114.0
63,57.0,22.50877192982456,21.65650908999214,7.0,7.0,14.0,28.0,128.0
64,39.0,16.025641025641026,18.374019385917226,7.0,7.0,7.0,21.0,114.0
65,35.0,18.65714285714286,22.206176746893775,7.0,7.0,14.0,14.0,121.0
66,37.0,32.027027027027025,30.081820355755,7.0,7.0,21.0,42.0,128.0
67,32.0,16.46875,21.64968058320581,7.0,7.0,7.0,14.0,107.0
68,45.0,14.044444444444444,18.175852556664736,7.0,7.0,7.0,14.0,121.0
69,11.0,19.90909090909091,31.712630119416293,7.0,7.0,7.0,17.5,114.0
70,46.0,21.5,21.180441711898055,7.0,7.0,14.0,28.0,135.0
71,30.0,19.2,20.201399746654634,7.0,7.0,14.0,21.0,114.0
72,18.0,18.38888888888889,31.775201001611464,7.0,7.0,7.0,14.0,142.0
73,39.0,24.46153846153846,30.53285215515814,7.0,7.0,14.0,24.5,163.0
74,23.0,22.608695652173914,33.54744148276476,7.0,7.0,7.0,24.5,163.0
75,53.0,33.84905660377358,42.451962094011044,7.0,7.0,21.0,42.0,245.0
76,27.0,14.333333333333334,26.022179888584397,7.0,7.0,7.0,10.5,142.0
77,51.0,26.80392156862745,22.645988260919975,7.0,14.0,21.0,35.0,149.0
78,30.0,25.5,27.074291151926957,7.0,7.0,14.0,35.0,135.0
79,62.0,24.080645161290324,29.00949442493023,7.0,7.0,14.0,28.0,177.0
80,41.0,17.975609756097562,25.415042597719616,7.0,7.0,7.0,21.0,156.0
81,48.0,22.208333333333332,25.67054635870865,7.0,7.0,14.0,28.0,163.0
82,21.0,22.761904761904763,23.308592325373844,7.0,14.0,14.0,21.0,121.0
83,43.0,18.441860465116278,33.05644690783543,7.0,7.0,7.0,14.0,175.0
84,25.0,15.2,25.362373705944794,7.0,7.0,7.0,14.0,135.0
85,32.0,18.875,28.168559457939697,7.0,7.0,7.0,15.75,156.0
86,39.0,30.743589743589745,47.91204548507716,7.0,7.0,14.0,28.0,266.0
87,41.0,20.70731707317073,30.843349285088205,7.0,7.0,7.0,28.0,161.0
88,48.0,15.791666666666666,22.504806421223392,7.0,7.0,7.0,15.75,149.0
89,48.0,22.645833333333332,27.77300816025343,7.0,7.0,14.0,28.0,163.0
90,41.0,29.926829268292682,31.24851215970325,7.0,7.0,21.0,35.0,142.0
91,54.0,31.925925925925927,26.33661046933104,7.0,14.0,21.0,42.0,142.0
92,43.0,14.372093023255815,22.419191667826915,7.0,7.0,7.0,14.0,149.0
93,46.0,19.67391304347826,26.28058374780903,7.0,7.0,7.0,21.0,156.0
94,22.0,27.772727272727273,32.121690962697315,7.0,7.0,14.0,33.25,142.0
95,59.0,25.06779661016949,26.970523122015276,7.0,7.0,14.0,35.0,156.0
96,48.0,17.25,25.271714909520586,7.0,7.0,7.0,14.0,149.0
97,16.0,26.375,33.04920573932148,7.0,7.0,17.5,29.75,142.0
98,52.0,21.98076923076923,21.36745774248949,7.0,7.0,17.5,28.0,135.0
99,58.0,27.06896551724138,25.293270770690995,7.0,7.0,21.0,35.0,142.0
